 184887 0
41161396 1
92534028 2
171180910 3
260981604 4
337321578 5
378841867 6
377043432 7
337709075 8
275604587 9
206973408 10
144198940 11
94018058 12
57749427 13
33726648 14
18897949 15
10316272 16
5598398 17
3113771 18
1827345 19
1173127 20
 824731 21
 630350 22
 508480 23
 427220 24
 367624 25
 318501 26
 282815 27
 254355 28
 228761 29
 207566 30
 190730 31
 173903 32
 158577 33
 145192 34
 133079 35
 123490 36
 113004 37
 104733 38
  97574 39
  90418 40
  84325 41
  78790 42
  73526 43
  68550 44
  64141 45
  60051 46
  57067 47
  52990 48
  50246 49
  47705 50
  44915 51
  43189 52
  41672 53
  40108 54
  38914 55
  37148 56
  35538 57
  33845 58
  33198 59
  31813 60
  30608 61
  30564 62
  29463 63
  28442 64
  27701 65
  26836 66
  26096 67
  24812 68
  24184 69
  23749 70
  22982 71
  22199 72
  21897 73
  20838 74
  20111 75
  19146 76
  18699 77
  18662 78
  17803 79
  17248 80
  16611 81
  15921 82
  15320 83
  15049 84
  15037 85
  14343 86
  14015 87
  13827 88
  13359 89
  13141 90
  12874 91
  12460 92
  12388 93
  11720 94
  11692 95
  11535 96
  11552 97
  11388 98
  10899 99
  10831 100
  10513 101
  10390 102
  10132 103
  10162 104
   9928 105
   9801 106
   9644 107
   9472 108
   9237 109
   8881 110
   9108 111
   8992 112
   8813 113
   8707 114
   8467 115
   8178 116
   8203 117
   8244 118
   7981 119
   8070 120
   7970 121
   7749 122
   7641 123
   7725 124
   7432 125
   7499 126
   7585 127
   7418 128
   7365 129
   7210 130
   7222 131
   7214 132
   7024 133
   6863 134
   6859 135
   6667 136
   6711 137
   6574 138
   6545 139
   6427 140
   6158 141
   6186 142
   5881 143
   6056 144
   6135 145
   5974 146
   6000 147
   5759 148
   5759 149
   5706 150
   5526 151
   5382 152
   5242 153
   5296 154
   5116 155
   5117 156
   5076 157
   5030 158
   4990 159
   4979 160
   4930 161
   4808 162
   4659 163
   4753 164
   4654 165
   4696 166
   4544 167
   4547 168
   4567 169
   4498 170
   4369 171
   4260 172
   4296 173
   4070 174
   4179 175
   4106 176
   4071 177
   3966 178
   4115 179
   4078 180
   4017 181
   4113 182
   3974 183
   3930 184
   3824 185
   3931 186
   3799 187
   3704 188
   3810 189
   3557 190
   3617 191
   3529 192
   3594 193
   3603 194
   3562 195
   3605 196
   3460 197
   3389 198
   3476 199
   3327 200
   3260 201
   3206 202
   3226 203
   3347 204
   3281 205
   3252 206
   3250 207
   3273 208
   3236 209
   3091 210
   3127 211
   3068 212
   3025 213
   2872 214
   2914 215
   2898 216
   2822 217
   2865 218
   2813 219
   2857 220
   2834 221
   2737 222
   2838 223
   2768 224
   2770 225
   2693 226
   2665 227
   2567 228
   2668 229
   2552 230
   2569 231
   2559 232
   2510 233
   2487 234
   2431 235
   2443 236
   2498 237
   2425 238
   2437 239
   2426 240
   2401 241
   2326 242
   2366 243
   2206 244
   2342 245
   2343 246
   2304 247
   2252 248
   2153 249
   2249 250
   2245 251
   2170 252
   2235 253
   2194 254
   2221 255
   2268 256
   2119 257
   2122 258
   2173 259
   1956 260
   2081 261
   1961 262
   2048 263
   2018 264
   2052 265
   2025 266
   1981 267
   2034 268
   1963 269
   2017 270
   2044 271
   1988 272
   1914 273
   1959 274
   1913 275
   1949 276
   1867 277
   1811 278
   1798 279
   1827 280
   1812 281
   1756 282
   1823 283
   1681 284
   1766 285
   1807 286
   1714 287
   1742 288
   1715 289
   1752 290
   1677 291
   1728 292
   1635 293
   1686 294
   1745 295
   1722 296
   1606 297
   1691 298
   1623 299
   1589 300
   1550 301
   1595 302
   1570 303
   1655 304
   1560 305
   1606 306
   1616 307
   1521 308
   1507 309
   1528 310
   1462 311
   1510 312
   1464 313
   1450 314
   1508 315
   1462 316
   1423 317
   1465 318
   1448 319
   1467 320
   1449 321
   1429 322
   1432 323
   1394 324
   1475 325
   1387 326
   1359 327
   1411 328
   1395 329
   1332 330
   1353 331
   1311 332
   1381 333
   1393 334
   1300 335
   1222 336
   1326 337
   1272 338
   1255 339
   1224 340
   1225 341
   1203 342
   1240 343
   1222 344
   1203 345
   1215 346
   1229 347
   1242 348
   1290 349
   1216 350
   1270 351
   1231 352
   1260 353
   1224 354
   1234 355
   1225 356
   1192 357
   1184 358
   1254 359
   1221 360
   1177 361
   1204 362
   1173 363
   1175 364
   1202 365
   1168 366
   1166 367
   1189 368
   1126 369
   1123 370
   1138 371
   1102 372
   1081 373
   1119 374
   1044 375
   1106 376
   1089 377
   1124 378
   1070 379
   1089 380
   1051 381
   1072 382
   1072 383
   1017 384
   1035 385
    935 386
   1010 387
   1031 388
    970 389
   1026 390
   1000 391
    988 392
    958 393
   1010 394
    941 395
    890 396
    946 397
    952 398
    970 399
    894 400
    924 401
    890 402
    972 403
    908 404
    933 405
    914 406
    917 407
    926 408
    860 409
    942 410
    999 411
    870 412
    943 413
    867 414
    922 415
    901 416
    901 417
    874 418
    874 419
    852 420
    836 421
    876 422
    844 423
    879 424
    887 425
    859 426
    864 427
    859 428
    938 429
    857 430
    859 431
    887 432
    905 433
    929 434
    851 435
    814 436
    822 437
    810 438
    908 439
    843 440
    802 441
    837 442
    862 443
    822 444
    764 445
    768 446
    772 447
    783 448
    766 449
    756 450
    723 451
    782 452
    755 453
    798 454
    749 455
    756 456
    779 457
    720 458
    713 459
    705 460
    746 461
    730 462
    682 463
    690 464
    700 465
    728 466
    666 467
    722 468
    705 469
    699 470
    723 471
    661 472
    670 473
    681 474
    714 475
    666 476
    692 477
    666 478
    752 479
    689 480
    644 481
    689 482
    680 483
    694 484
    708 485
    634 486
    719 487
    690 488
    643 489
    696 490
    771 491
    704 492
    701 493
    640 494
    668 495
    696 496
    665 497
    735 498
    663 499
    703 500
    650 501
    684 502
    653 503
    600 504
    628 505
    628 506
    649 507
    611 508
    616 509
    621 510
    620 511
    623 512
    604 513
    638 514
    600 515
    669 516
    597 517
    618 518
    581 519
    585 520
    570 521
    588 522
    544 523
    568 524
    541 525
    585 526
    586 527
    595 528
    617 529
    611 530
    562 531
    617 532
    617 533
    630 534
    637 535
    607 536
    606 537
    563 538
    560 539
    581 540
    595 541
    594 542
    605 543
    592 544
    578 545
    573 546
    585 547
    588 548
    578 549
    592 550
    585 551
    542 552
    564 553
    538 554
    532 555
    528 556
    538 557
    554 558
    530 559
    508 560
    508 561
    477 562
    531 563
    501 564
    513 565
    541 566
    464 567
    489 568
    569 569
    484 570
    511 571
    501 572
    558 573
    475 574
    491 575
    456 576
    497 577
    457 578
    430 579
    451 580
    517 581
    495 582
    471 583
    498 584
    438 585
    414 586
    468 587
    439 588
    493 589
    458 590
    435 591
    449 592
    435 593
    448 594
    451 595
    456 596
    419 597
    410 598
    388 599
    456 600
    409 601
    432 602
    449 603
    412 604
    460 605
    440 606
    454 607
    428 608
    441 609
    513 610
    443 611
    466 612
    471 613
    433 614
    466 615
    437 616
    465 617
    430 618
    418 619
    468 620
    434 621
    439 622
    422 623
    430 624
    414 625
    446 626
    426 627
    435 628
    429 629
    388 630
    406 631
    404 632
    430 633
    421 634
    410 635
    398 636
    391 637
    383 638
    364 639
    408 640
    365 641
    350 642
    388 643
    387 644
    423 645
    371 646
    382 647
    409 648
    401 649
    401 650
    369 651
    410 652
    374 653
    412 654
    365 655
    351 656
    400 657
    358 658
    381 659
    375 660
    382 661
    387 662
    361 663
    380 664
    372 665
    398 666
    393 667
    377 668
    399 669
    400 670
    408 671
    394 672
    405 673
    385 674
    382 675
    386 676
    359 677
    356 678
    354 679
    359 680
    369 681
    366 682
    370 683
    352 684
    341 685
    355 686
    331 687
    361 688
    353 689
    341 690
    310 691
    343 692
    330 693
    373 694
    356 695
    334 696
    346 697
    370 698
    368 699
    378 700
    356 701
    371 702
    358 703
    354 704
    326 705
    317 706
    384 707
    327 708
    338 709
    345 710
    332 711
    322 712
    339 713
    329 714
    303 715
    351 716
    315 717
    343 718
    361 719
    347 720
    342 721
    283 722
    338 723
    328 724
    300 725
    329 726
    307 727
    339 728
    337 729
    309 730
    329 731
    323 732
    328 733
    328 734
    363 735
    315 736
    321 737
    316 738
    342 739
    325 740
    320 741
    308 742
    300 743
    308 744
    329 745
    293 746
    322 747
    332 748
    282 749
    329 750
    305 751
    333 752
    340 753
    332 754
    345 755
    312 756
    334 757
    307 758
    321 759
    294 760
    308 761
    314 762
    347 763
    321 764
    329 765
    303 766
    344 767
    313 768
    347 769
    314 770
    305 771
    314 772
    287 773
    305 774
    333 775
    306 776
    313 777
    304 778
    279 779
    274 780
    306 781
    285 782
    334 783
    304 784
    307 785
    296 786
    325 787
    283 788
    286 789
    307 790
    294 791
    285 792
    300 793
    275 794
    286 795
    316 796
    314 797
    302 798
    275 799
    286 800
    259 801
    288 802
    263 803
    274 804
    305 805
    283 806
    290 807
    308 808
    290 809
    302 810
    259 811
    286 812
    279 813
    292 814
    268 815
    265 816
    275 817
    274 818
    283 819
    279 820
    293 821
    265 822
    301 823
    257 824
    253 825
    294 826
    251 827
    273 828
    274 829
    261 830
    286 831
    296 832
    282 833
    273 834
    255 835
    269 836
    286 837
    285 838
    271 839
    280 840
    261 841
    261 842
    292 843
    276 844
    265 845
    241 846
    298 847
    244 848
    267 849
    237 850
    254 851
    274 852
    257 853
    238 854
    260 855
    262 856
    277 857
    253 858
    286 859
    282 860
    277 861
    254 862
    287 863
    247 864
    243 865
    233 866
    261 867
    259 868
    247 869
    242 870
    264 871
    268 872
    248 873
    227 874
    233 875
    227 876
    250 877
    247 878
    277 879
    266 880
    238 881
    263 882
    270 883
    227 884
    238 885
    274 886
    247 887
    225 888
    234 889
    195 890
    231 891
    229 892
    226 893
    237 894
    231 895
    239 896
    215 897
    221 898
    229 899
    236 900
    227 901
    260 902
    254 903
    234 904
    231 905
    237 906
    231 907
    228 908
    250 909
    217 910
    219 911
    205 912
    205 913
    209 914
    220 915
    211 916
    198 917
    189 918
    208 919
    239 920
    239 921
    212 922
    185 923
    218 924
    190 925
    223 926
    227 927
    217 928
    193 929
    228 930
    227 931
    193 932
    203 933
    214 934
    221 935
    231 936
    218 937
    216 938
    225 939
    197 940
    212 941
    190 942
    211 943
    215 944
    220 945
    196 946
    235 947
    220 948
    214 949
    229 950
    215 951
    214 952
    203 953
    220 954
    225 955
    207 956
    211 957
    222 958
    216 959
    207 960
    223 961
    218 962
    197 963
    217 964
    190 965
    208 966
    224 967
    201 968
    204 969
    194 970
    203 971
    212 972
    181 973
    210 974
    210 975
    212 976
    200 977
    213 978
    211 979
    193 980
    198 981
    220 982
    185 983
    212 984
    188 985
    203 986
    177 987
    219 988
    162 989
    217 990
    208 991
    199 992
    189 993
    177 994
    202 995
    199 996
    176 997
    201 998
    192 999
    211 1000
    193 1001
    177 1002
    203 1003
    190 1004
    185 1005
    179 1006
    185 1007
    171 1008
    171 1009
    194 1010
    180 1011
    166 1012
    198 1013
    183 1014
    202 1015
    196 1016
    175 1017
    171 1018
    168 1019
    175 1020
    197 1021
    207 1022
    210 1023
    156 1024
    157 1025
    188 1026
    182 1027
    180 1028
    181 1029
    186 1030
    192 1031
    179 1032
    185 1033
    167 1034
    229 1035
    206 1036
    201 1037
    200 1038
    199 1039
    222 1040
    203 1041
    185 1042
    174 1043
    202 1044
    182 1045
    205 1046
    183 1047
    201 1048
    185 1049
    197 1050
    198 1051
    195 1052
    195 1053
    165 1054
    187 1055
    209 1056
    198 1057
    191 1058
    193 1059
    197 1060
    169 1061
    188 1062
    197 1063
    188 1064
    197 1065
    209 1066
    179 1067
    178 1068
    182 1069
    164 1070
    179 1071
    169 1072
    208 1073
    192 1074
    188 1075
    188 1076
    199 1077
    191 1078
    181 1079
    190 1080
    164 1081
    175 1082
    174 1083
    172 1084
    188 1085
    190 1086
    172 1087
    175 1088
    171 1089
    172 1090
    184 1091
    184 1092
    165 1093
    153 1094
    142 1095
    186 1096
    148 1097
    178 1098
    162 1099
    155 1100
    182 1101
    178 1102
    157 1103
    133 1104
    138 1105
    175 1106
    147 1107
    169 1108
    162 1109
    160 1110
    178 1111
    183 1112
    169 1113
    165 1114
    166 1115
    135 1116
    161 1117
    165 1118
    186 1119
    188 1120
    161 1121
    179 1122
    160 1123
    164 1124
    178 1125
    173 1126
    147 1127
    176 1128
    200 1129
    172 1130
    173 1131
    148 1132
    166 1133
    170 1134
    157 1135
    154 1136
    168 1137
    181 1138
    172 1139
    179 1140
    174 1141
    195 1142
    178 1143
    185 1144
    175 1145
    181 1146
    159 1147
    165 1148
    170 1149
    190 1150
    151 1151
    140 1152
    150 1153
    169 1154
    141 1155
    157 1156
    163 1157
    163 1158
    165 1159
    179 1160
    152 1161
    153 1162
    188 1163
    153 1164
    144 1165
    174 1166
    165 1167
    146 1168
    155 1169
    152 1170
    171 1171
    169 1172
    180 1173
    176 1174
    159 1175
    164 1176
    178 1177
    156 1178
    160 1179
    187 1180
    172 1181
    179 1182
    161 1183
    161 1184
    152 1185
    148 1186
    156 1187
    168 1188
    154 1189
    153 1190
    160 1191
    186 1192
    163 1193
    155 1194
    163 1195
    137 1196
    175 1197
    186 1198
    165 1199
    155 1200
    160 1201
    150 1202
    140 1203
    156 1204
    172 1205
    162 1206
    160 1207
    155 1208
    145 1209
    172 1210
    143 1211
    138 1212
    152 1213
    151 1214
    136 1215
    150 1216
    134 1217
    152 1218
    164 1219
    135 1220
    143 1221
    118 1222
    140 1223
    149 1224
    148 1225
    135 1226
    129 1227
    153 1228
    145 1229
    163 1230
    125 1231
    140 1232
    144 1233
    137 1234
    163 1235
    153 1236
    142 1237
    160 1238
    144 1239
    144 1240
    155 1241
    135 1242
    135 1243
    145 1244
    152 1245
    151 1246
    134 1247
    130 1248
    156 1249
    136 1250
    157 1251
    156 1252
    153 1253
    148 1254
    145 1255
    138 1256
    154 1257
    147 1258
    130 1259
    130 1260
    152 1261
    145 1262
    145 1263
    114 1264
    131 1265
    142 1266
    138 1267
    139 1268
    163 1269
    162 1270
    158 1271
    130 1272
    131 1273
    161 1274
    152 1275
    151 1276
    159 1277
    147 1278
    135 1279
    157 1280
    158 1281
    147 1282
    157 1283
    135 1284
    144 1285
    156 1286
    155 1287
    138 1288
    147 1289
    136 1290
    158 1291
    145 1292
    140 1293
    151 1294
    148 1295
    152 1296
    146 1297
    135 1298
    139 1299
    144 1300
    130 1301
    160 1302
    131 1303
    122 1304
    151 1305
    134 1306
    168 1307
    144 1308
    152 1309
    122 1310
    154 1311
    145 1312
    142 1313
    154 1314
    122 1315
    141 1316
    130 1317
    150 1318
    152 1319
    143 1320
    149 1321
    127 1322
    116 1323
    143 1324
    129 1325
    144 1326
    158 1327
    152 1328
    146 1329
    134 1330
    157 1331
    132 1332
    135 1333
    137 1334
    135 1335
    152 1336
    142 1337
    164 1338
    157 1339
    148 1340
    136 1341
    148 1342
    154 1343
    144 1344
    132 1345
    150 1346
    132 1347
    145 1348
    160 1349
    161 1350
    143 1351
    155 1352
    125 1353
    161 1354
    151 1355
    155 1356
    156 1357
    132 1358
    146 1359
    177 1360
    143 1361
    121 1362
    121 1363
    135 1364
    125 1365
    128 1366
    134 1367
    122 1368
    124 1369
    143 1370
    135 1371
    131 1372
    139 1373
    129 1374
    136 1375
    151 1376
    135 1377
    166 1378
    135 1379
    163 1380
    124 1381
    132 1382
    160 1383
    147 1384
    122 1385
    135 1386
    159 1387
    142 1388
    133 1389
    120 1390
    137 1391
    113 1392
    142 1393
    143 1394
    133 1395
    131 1396
    120 1397
    135 1398
    132 1399
    114 1400
    145 1401
    139 1402
    150 1403
    126 1404
    158 1405
    153 1406
    129 1407
    156 1408
    148 1409
    132 1410
    122 1411
    110 1412
    118 1413
    129 1414
    126 1415
    116 1416
    122 1417
    166 1418
    136 1419
    138 1420
    127 1421
    113 1422
    126 1423
    124 1424
    114 1425
     98 1426
    117 1427
    129 1428
    137 1429
    130 1430
    120 1431
    146 1432
    128 1433
    124 1434
    142 1435
    132 1436
    131 1437
    124 1438
    149 1439
    126 1440
    141 1441
    139 1442
    128 1443
    134 1444
    130 1445
    109 1446
    126 1447
    114 1448
    133 1449
    117 1450
     96 1451
    132 1452
    117 1453
    135 1454
    129 1455
    135 1456
    114 1457
    134 1458
    122 1459
    113 1460
    111 1461
    107 1462
    129 1463
    115 1464
    137 1465
    117 1466
    112 1467
    123 1468
    115 1469
    117 1470
    133 1471
    113 1472
    122 1473
    120 1474
    105 1475
    105 1476
    116 1477
    106 1478
     92 1479
    113 1480
     98 1481
    111 1482
    119 1483
    120 1484
    124 1485
    115 1486
    103 1487
    134 1488
    135 1489
    127 1490
    117 1491
    117 1492
    116 1493
    106 1494
    119 1495
    121 1496
    109 1497
    131 1498
    108 1499
    121 1500
    108 1501
    102 1502
    119 1503
    116 1504
    114 1505
    120 1506
    106 1507
    123 1508
    111 1509
    104 1510
    116 1511
    105 1512
    122 1513
    114 1514
    108 1515
    125 1516
    108 1517
    104 1518
    114 1519
     97 1520
    105 1521
    112 1522
    130 1523
    109 1524
    112 1525
    137 1526
    124 1527
    111 1528
    125 1529
    110 1530
    112 1531
    123 1532
    125 1533
    108 1534
    111 1535
    124 1536
     97 1537
    123 1538
    104 1539
    111 1540
    139 1541
    110 1542
    128 1543
    115 1544
    132 1545
    107 1546
    108 1547
    116 1548
    137 1549
    112 1550
    112 1551
    131 1552
    117 1553
    113 1554
    130 1555
    121 1556
    112 1557
    108 1558
     98 1559
    129 1560
    104 1561
    109 1562
    123 1563
    114 1564
    108 1565
    109 1566
     98 1567
    121 1568
    107 1569
    100 1570
    112 1571
    102 1572
    110 1573
    108 1574
    122 1575
    104 1576
    113 1577
    120 1578
    133 1579
    132 1580
    110 1581
    105 1582
    101 1583
    102 1584
    137 1585
    109 1586
    121 1587
     93 1588
    116 1589
    114 1590
    108 1591
    119 1592
    104 1593
    120 1594
    115 1595
     96 1596
    100 1597
    107 1598
    100 1599
    110 1600
    107 1601
    105 1602
    108 1603
    106 1604
    108 1605
    114 1606
    100 1607
    100 1608
    102 1609
    102 1610
     97 1611
     92 1612
    107 1613
    102 1614
     82 1615
     89 1616
     97 1617
     93 1618
     98 1619
     83 1620
     88 1621
    103 1622
    112 1623
     95 1624
     95 1625
     74 1626
     83 1627
     71 1628
     92 1629
    101 1630
     87 1631
    102 1632
    100 1633
     78 1634
     94 1635
     76 1636
    102 1637
     99 1638
     99 1639
     90 1640
     83 1641
     89 1642
     94 1643
     89 1644
     90 1645
     89 1646
     78 1647
     82 1648
     83 1649
     96 1650
     67 1651
     93 1652
     93 1653
     92 1654
     99 1655
     95 1656
     87 1657
     68 1658
     70 1659
     74 1660
     81 1661
     86 1662
     91 1663
     92 1664
     97 1665
     82 1666
     80 1667
     80 1668
     66 1669
     72 1670
     73 1671
     83 1672
     81 1673
     81 1674
     94 1675
     79 1676
     87 1677
     64 1678
     88 1679
     75 1680
     93 1681
     72 1682
     80 1683
     77 1684
     98 1685
     66 1686
     92 1687
     84 1688
     95 1689
     89 1690
     84 1691
     68 1692
    103 1693
     88 1694
     84 1695
     75 1696
     94 1697
     62 1698
     80 1699
     83 1700
     87 1701
     73 1702
     79 1703
     82 1704
     76 1705
     67 1706
     83 1707
     86 1708
     87 1709
     79 1710
     82 1711
     95 1712
     84 1713
     82 1714
     69 1715
     87 1716
     78 1717
     81 1718
     77 1719
     89 1720
     72 1721
     73 1722
     87 1723
     60 1724
     76 1725
     81 1726
     88 1727
     76 1728
     71 1729
     78 1730
     80 1731
     78 1732
     85 1733
     87 1734
     77 1735
     89 1736
     95 1737
     94 1738
     73 1739
     85 1740
     84 1741
     83 1742
     85 1743
     68 1744
     71 1745
     88 1746
     59 1747
     72 1748
     72 1749
     84 1750
     82 1751
     66 1752
     66 1753
     82 1754
     80 1755
     70 1756
     85 1757
     79 1758
     74 1759
     74 1760
     61 1761
     70 1762
     58 1763
     80 1764
     73 1765
     76 1766
     77 1767
     61 1768
     90 1769
     79 1770
     85 1771
     80 1772
     73 1773
     63 1774
     80 1775
     77 1776
     74 1777
     75 1778
     65 1779
     82 1780
     76 1781
     73 1782
     83 1783
     66 1784
     77 1785
     68 1786
     59 1787
     65 1788
     76 1789
     75 1790
     67 1791
     84 1792
     64 1793
     75 1794
     77 1795
     91 1796
     70 1797
     70 1798
     65 1799
     52 1800
     77 1801
     71 1802
     75 1803
     62 1804
     70 1805
     89 1806
     80 1807
     84 1808
     95 1809
     68 1810
     75 1811
     71 1812
     75 1813
     90 1814
     88 1815
     84 1816
     77 1817
     78 1818
     50 1819
     78 1820
     71 1821
     69 1822
     72 1823
     66 1824
     61 1825
     82 1826
     93 1827
     85 1828
     84 1829
     65 1830
     73 1831
     78 1832
     74 1833
     68 1834
     82 1835
     80 1836
     79 1837
     83 1838
     65 1839
     54 1840
     62 1841
     66 1842
     63 1843
     77 1844
     71 1845
     77 1846
     68 1847
     64 1848
     81 1849
     60 1850
     69 1851
     70 1852
     80 1853
     54 1854
     74 1855
     73 1856
     79 1857
     75 1858
     78 1859
     74 1860
     67 1861
     82 1862
     65 1863
     62 1864
     68 1865
     65 1866
     77 1867
     80 1868
     73 1869
     79 1870
     76 1871
     58 1872
     71 1873
     73 1874
     70 1875
     79 1876
     81 1877
     77 1878
     60 1879
     70 1880
     73 1881
     56 1882
     63 1883
     89 1884
     74 1885
     79 1886
     72 1887
     86 1888
     72 1889
     74 1890
     73 1891
     70 1892
     63 1893
     70 1894
     65 1895
     86 1896
     77 1897
     70 1898
     65 1899
     64 1900
     80 1901
     92 1902
     60 1903
     68 1904
     76 1905
     95 1906
     76 1907
     57 1908
     75 1909
     82 1910
     88 1911
     72 1912
     71 1913
     77 1914
     91 1915
     70 1916
     88 1917
     83 1918
     63 1919
     77 1920
     62 1921
     79 1922
     72 1923
     80 1924
     93 1925
     66 1926
     79 1927
     72 1928
     79 1929
     78 1930
     82 1931
     64 1932
     86 1933
     77 1934
     69 1935
     71 1936
     74 1937
     74 1938
     58 1939
     80 1940
     76 1941
     69 1942
     96 1943
     69 1944
     86 1945
     83 1946
     71 1947
     69 1948
     73 1949
     68 1950
     85 1951
     85 1952
     64 1953
     76 1954
     77 1955
     79 1956
     74 1957
     88 1958
     70 1959
     81 1960
     72 1961
     78 1962
     77 1963
     70 1964
     60 1965
     80 1966
     77 1967
     77 1968
     72 1969
     79 1970
     74 1971
     70 1972
     72 1973
     70 1974
     66 1975
     69 1976
     64 1977
     75 1978
     71 1979
     75 1980
     77 1981
     77 1982
     64 1983
     72 1984
     59 1985
     64 1986
     65 1987
     77 1988
     67 1989
     72 1990
     55 1991
     54 1992
     75 1993
     79 1994
     82 1995
     76 1996
     70 1997
     62 1998
     71 1999
     55 2000
     64 2001
     56 2002
     58 2003
     68 2004
     64 2005
     65 2006
     69 2007
     71 2008
     79 2009
     64 2010
     82 2011
     64 2012
     63 2013
     68 2014
     72 2015
     69 2016
     62 2017
     43 2018
     61 2019
     60 2020
     60 2021
     76 2022
     67 2023
     63 2024
     57 2025
     75 2026
     71 2027
     57 2028
     55 2029
     66 2030
     60 2031
     64 2032
     68 2033
     60 2034
     72 2035
     70 2036
     60 2037
     61 2038
     73 2039
     70 2040
     60 2041
     65 2042
     58 2043
     71 2044
     61 2045
     64 2046
     85 2047
     67 2048
     65 2049
     65 2050
     64 2051
     67 2052
     64 2053
     87 2054
     59 2055
     80 2056
     62 2057
     58 2058
     76 2059
     80 2060
     72 2061
     61 2062
     69 2063
     64 2064
     88 2065
     74 2066
     81 2067
     74 2068
     60 2069
     75 2070
     75 2071
     67 2072
     72 2073
     66 2074
     69 2075
     77 2076
     61 2077
     79 2078
     82 2079
     66 2080
     62 2081
     60 2082
     53 2083
     70 2084
     59 2085
     70 2086
     56 2087
     62 2088
     94 2089
     56 2090
     58 2091
     63 2092
     61 2093
     61 2094
     68 2095
     73 2096
     70 2097
     69 2098
     66 2099
     52 2100
     64 2101
     75 2102
     64 2103
     62 2104
     57 2105
     63 2106
     61 2107
     73 2108
     54 2109
     63 2110
     60 2111
     72 2112
     70 2113
     61 2114
     70 2115
     62 2116
     76 2117
     71 2118
     62 2119
     53 2120
     58 2121
     67 2122
     59 2123
     67 2124
     68 2125
     79 2126
     67 2127
     64 2128
     44 2129
     64 2130
     64 2131
     48 2132
     62 2133
     51 2134
     53 2135
     58 2136
     68 2137
     68 2138
     73 2139
     60 2140
     59 2141
     62 2142
     72 2143
     59 2144
     53 2145
     74 2146
     63 2147
     70 2148
     60 2149
     71 2150
     56 2151
     70 2152
     79 2153
     74 2154
     71 2155
     69 2156
     69 2157
     65 2158
     75 2159
     68 2160
     55 2161
     50 2162
     60 2163
     63 2164
     66 2165
     78 2166
     58 2167
     63 2168
     72 2169
     79 2170
     63 2171
     53 2172
     82 2173
     70 2174
     75 2175
     69 2176
     74 2177
     77 2178
     78 2179
     63 2180
     67 2181
     57 2182
     62 2183
     70 2184
     51 2185
     60 2186
     54 2187
     60 2188
     73 2189
     67 2190
     58 2191
     58 2192
     64 2193
     72 2194
     72 2195
     60 2196
     68 2197
     64 2198
     68 2199
     65 2200
     42 2201
     64 2202
     64 2203
     66 2204
     69 2205
     67 2206
     62 2207
     44 2208
     72 2209
     66 2210
     71 2211
     51 2212
     71 2213
     62 2214
     64 2215
     58 2216
     64 2217
     56 2218
     63 2219
     56 2220
     46 2221
     62 2222
     53 2223
     79 2224
     69 2225
     72 2226
     60 2227
     65 2228
     52 2229
     61 2230
     60 2231
     71 2232
     57 2233
     63 2234
     72 2235
     69 2236
     71 2237
     66 2238
     67 2239
     67 2240
     64 2241
     69 2242
     71 2243
     61 2244
     54 2245
     74 2246
     69 2247
     84 2248
     63 2249
     60 2250
     63 2251
     71 2252
     74 2253
     63 2254
     66 2255
     63 2256
     69 2257
     68 2258
     73 2259
     74 2260
     78 2261
     66 2262
     78 2263
     58 2264
     66 2265
     74 2266
     56 2267
     60 2268
     73 2269
     85 2270
     70 2271
     76 2272
     77 2273
     68 2274
     71 2275
     51 2276
     76 2277
     60 2278
     48 2279
     76 2280
     66 2281
     64 2282
     60 2283
     61 2284
     87 2285
     61 2286
     63 2287
     76 2288
     64 2289
     80 2290
     65 2291
     67 2292
     65 2293
     64 2294
     64 2295
     69 2296
     70 2297
     67 2298
     51 2299
     63 2300
     59 2301
     65 2302
     56 2303
     71 2304
     56 2305
     77 2306
     61 2307
     63 2308
     62 2309
     59 2310
     70 2311
     69 2312
     53 2313
     74 2314
     59 2315
     66 2316
     62 2317
     61 2318
     67 2319
     54 2320
     60 2321
     56 2322
     68 2323
     74 2324
     79 2325
     48 2326
     68 2327
     64 2328
     68 2329
     80 2330
     61 2331
     60 2332
     74 2333
     72 2334
     36 2335
     66 2336
     68 2337
     69 2338
     58 2339
     69 2340
     65 2341
     57 2342
     54 2343
     59 2344
     63 2345
     56 2346
     79 2347
     78 2348
     80 2349
     57 2350
     66 2351
     75 2352
     65 2353
     75 2354
     68 2355
     73 2356
     58 2357
     65 2358
     63 2359
     71 2360
     88 2361
     63 2362
     78 2363
     70 2364
     54 2365
     64 2366
     70 2367
     81 2368
     71 2369
     67 2370
     53 2371
     57 2372
     48 2373
     67 2374
     59 2375
     72 2376
     67 2377
     51 2378
     58 2379
     69 2380
     70 2381
     48 2382
     67 2383
     69 2384
     84 2385
     67 2386
     59 2387
     66 2388
     48 2389
     52 2390
     64 2391
     56 2392
     52 2393
     55 2394
     74 2395
     67 2396
     53 2397
     57 2398
     45 2399
     71 2400
     59 2401
     62 2402
     52 2403
     54 2404
     75 2405
     56 2406
     50 2407
     61 2408
     63 2409
     62 2410
     64 2411
     55 2412
     64 2413
     52 2414
     43 2415
     66 2416
     43 2417
     65 2418
     69 2419
     41 2420
     72 2421
     64 2422
     60 2423
     67 2424
     62 2425
     67 2426
     65 2427
     51 2428
     72 2429
     68 2430
     58 2431
     50 2432
     59 2433
     68 2434
     61 2435
     55 2436
     63 2437
     55 2438
     60 2439
     56 2440
     60 2441
     60 2442
     63 2443
     49 2444
     62 2445
     78 2446
     65 2447
     67 2448
     54 2449
     69 2450
     65 2451
     50 2452
     51 2453
     59 2454
     60 2455
     61 2456
     61 2457
     62 2458
     68 2459
     76 2460
     60 2461
     78 2462
     57 2463
     70 2464
     55 2465
     55 2466
     56 2467
     60 2468
     59 2469
     63 2470
     54 2471
     63 2472
     61 2473
     61 2474
     44 2475
     59 2476
     49 2477
     49 2478
     63 2479
     60 2480
     81 2481
     61 2482
     57 2483
     57 2484
     54 2485
     62 2486
     85 2487
     63 2488
     71 2489
     54 2490
     63 2491
     57 2492
     56 2493
     81 2494
     54 2495
     56 2496
     50 2497
     49 2498
     57 2499
     83 2500
     63 2501
     64 2502
     58 2503
     49 2504
     51 2505
     62 2506
     50 2507
     61 2508
     57 2509
     60 2510
     43 2511
     58 2512
     56 2513
     63 2514
     52 2515
     67 2516
     50 2517
     45 2518
     65 2519
     42 2520
     45 2521
     58 2522
     77 2523
     76 2524
     53 2525
     57 2526
     59 2527
     57 2528
     62 2529
     61 2530
     77 2531
     66 2532
     66 2533
     57 2534
     69 2535
     66 2536
     65 2537
     49 2538
     58 2539
     58 2540
     73 2541
     54 2542
     59 2543
     64 2544
     68 2545
     66 2546
     56 2547
     58 2548
     58 2549
     67 2550
     71 2551
     57 2552
     54 2553
     63 2554
     47 2555
     65 2556
     68 2557
     53 2558
     51 2559
     70 2560
     62 2561
     59 2562
     72 2563
     61 2564
     51 2565
     63 2566
     68 2567
     58 2568
     71 2569
     56 2570
     56 2571
     72 2572
     54 2573
     48 2574
     72 2575
     56 2576
     48 2577
     62 2578
     57 2579
     59 2580
     59 2581
     65 2582
     57 2583
     61 2584
     56 2585
     67 2586
     72 2587
     65 2588
     67 2589
     59 2590
     61 2591
     72 2592
     56 2593
     65 2594
     53 2595
     62 2596
     53 2597
     53 2598
     53 2599
     52 2600
     56 2601
     44 2602
     48 2603
     48 2604
     39 2605
     69 2606
     47 2607
     42 2608
     56 2609
     60 2610
     57 2611
     60 2612
     66 2613
     67 2614
     69 2615
     49 2616
     45 2617
     52 2618
     44 2619
     47 2620
     56 2621
     56 2622
     53 2623
     65 2624
     53 2625
     52 2626
     46 2627
     55 2628
     50 2629
     70 2630
     49 2631
     55 2632
     55 2633
     55 2634
     41 2635
     60 2636
     50 2637
     58 2638
     67 2639
     43 2640
     47 2641
     54 2642
     59 2643
     53 2644
     51 2645
     46 2646
     47 2647
     64 2648
     46 2649
     51 2650
     33 2651
     44 2652
     66 2653
     63 2654
     55 2655
     59 2656
     57 2657
     65 2658
     50 2659
     61 2660
     55 2661
     58 2662
     60 2663
     60 2664
     67 2665
     59 2666
     51 2667
     58 2668
     50 2669
     47 2670
     48 2671
     44 2672
     50 2673
     57 2674
     59 2675
     38 2676
     54 2677
     54 2678
     38 2679
     55 2680
     46 2681
     63 2682
     46 2683
     61 2684
     48 2685
     51 2686
     56 2687
     51 2688
     40 2689
     73 2690
     55 2691
     42 2692
     70 2693
     47 2694
     62 2695
     53 2696
     60 2697
     48 2698
     55 2699
     50 2700
     51 2701
     50 2702
     50 2703
     56 2704
     47 2705
     56 2706
     64 2707
     60 2708
     51 2709
     65 2710
     47 2711
     51 2712
     54 2713
     46 2714
     50 2715
     51 2716
     45 2717
     50 2718
     44 2719
     49 2720
     49 2721
     58 2722
     56 2723
     62 2724
     41 2725
     56 2726
     51 2727
     51 2728
     58 2729
     48 2730
     51 2731
     46 2732
     45 2733
     42 2734
     61 2735
     58 2736
     59 2737
     38 2738
     53 2739
     45 2740
     48 2741
     43 2742
     42 2743
     56 2744
     52 2745
     48 2746
     54 2747
     53 2748
     60 2749
     46 2750
     45 2751
     61 2752
     60 2753
     51 2754
     52 2755
     55 2756
     46 2757
     27 2758
     41 2759
     58 2760
     46 2761
     51 2762
     38 2763
     39 2764
     36 2765
     54 2766
     49 2767
     51 2768
     37 2769
     52 2770
     40 2771
     43 2772
     38 2773
     53 2774
     44 2775
     36 2776
     50 2777
     27 2778
     40 2779
     43 2780
     54 2781
     45 2782
     35 2783
     47 2784
     58 2785
     47 2786
     52 2787
     43 2788
     51 2789
     36 2790
     41 2791
     54 2792
     50 2793
     37 2794
     44 2795
     37 2796
     50 2797
     49 2798
     52 2799
     49 2800
     36 2801
     39 2802
     40 2803
     39 2804
     51 2805
     42 2806
     56 2807
     39 2808
     43 2809
     41 2810
     52 2811
     47 2812
     37 2813
     42 2814
     46 2815
     36 2816
     37 2817
     39 2818
     53 2819
     35 2820
     37 2821
     36 2822
     36 2823
     42 2824
     39 2825
     38 2826
     35 2827
     31 2828
     44 2829
     35 2830
     39 2831
     52 2832
     44 2833
     33 2834
     39 2835
     35 2836
     45 2837
     35 2838
     48 2839
     43 2840
     52 2841
     45 2842
     38 2843
     39 2844
     35 2845
     37 2846
     33 2847
     43 2848
     32 2849
     23 2850
     33 2851
     36 2852
     26 2853
     39 2854
     34 2855
     34 2856
     53 2857
     36 2858
     37 2859
     30 2860
     36 2861
     39 2862
     36 2863
     30 2864
     28 2865
     43 2866
     30 2867
     30 2868
     31 2869
     30 2870
     34 2871
     31 2872
     30 2873
     37 2874
     43 2875
     36 2876
     36 2877
     38 2878
     39 2879
     28 2880
     39 2881
     39 2882
     40 2883
     41 2884
     40 2885
     23 2886
     30 2887
     32 2888
     35 2889
     40 2890
     22 2891
     38 2892
     36 2893
     31 2894
     31 2895
     28 2896
     34 2897
     28 2898
     31 2899
     42 2900
     39 2901
     32 2902
     39 2903
     31 2904
     31 2905
     27 2906
     44 2907
     32 2908
     35 2909
     44 2910
     34 2911
     30 2912
     26 2913
     23 2914
     28 2915
     35 2916
     35 2917
     27 2918
     35 2919
     32 2920
     27 2921
     30 2922
     39 2923
     29 2924
     39 2925
     42 2926
     26 2927
     38 2928
     31 2929
     25 2930
     37 2931
     29 2932
     40 2933
     30 2934
     29 2935
     35 2936
     35 2937
     23 2938
     40 2939
     31 2940
     28 2941
     27 2942
     24 2943
     45 2944
     28 2945
     33 2946
     32 2947
     33 2948
     35 2949
     35 2950
     31 2951
     30 2952
     22 2953
     36 2954
     18 2955
     37 2956
     38 2957
     32 2958
     34 2959
     25 2960
     31 2961
     30 2962
     25 2963
     33 2964
     34 2965
     32 2966
     31 2967
     20 2968
     24 2969
     36 2970
     28 2971
     31 2972
     31 2973
     42 2974
     32 2975
     42 2976
     35 2977
     22 2978
     40 2979
     39 2980
     36 2981
     34 2982
     33 2983
     25 2984
     39 2985
     28 2986
     31 2987
     34 2988
     35 2989
     38 2990
     42 2991
     25 2992
     37 2993
     38 2994
     27 2995
     38 2996
     34 2997
     42 2998
     29 2999
     31 3000
     28 3001
     36 3002
     33 3003
     36 3004
     41 3005
     33 3006
     32 3007
     29 3008
     25 3009
     31 3010
     33 3011
     34 3012
     40 3013
     35 3014
     33 3015
     22 3016
     42 3017
     30 3018
     25 3019
     27 3020
     42 3021
     30 3022
     26 3023
     45 3024
     33 3025
     28 3026
     43 3027
     28 3028
     29 3029
     44 3030
     40 3031
     35 3032
     28 3033
     32 3034
     26 3035
     39 3036
     35 3037
     34 3038
     40 3039
     38 3040
     40 3041
     33 3042
     35 3043
     32 3044
     34 3045
     26 3046
     37 3047
     25 3048
     38 3049
     31 3050
     32 3051
     35 3052
     39 3053
     20 3054
     38 3055
     35 3056
     24 3057
     27 3058
     43 3059
     30 3060
     47 3061
     41 3062
     33 3063
     34 3064
     35 3065
     30 3066
     31 3067
     44 3068
     35 3069
     42 3070
     36 3071
     24 3072
     37 3073
     32 3074
     37 3075
     22 3076
     37 3077
     26 3078
     35 3079
     23 3080
     24 3081
     21 3082
     27 3083
     29 3084
     28 3085
     36 3086
     33 3087
     26 3088
     21 3089
     27 3090
     29 3091
     26 3092
     28 3093
     30 3094
     32 3095
     27 3096
     27 3097
     24 3098
     35 3099
     28 3100
     31 3101
     31 3102
     31 3103
     28 3104
     31 3105
     18 3106
     26 3107
     20 3108
     36 3109
     29 3110
     26 3111
     16 3112
     25 3113
     30 3114
     23 3115
     30 3116
     34 3117
     20 3118
     29 3119
     31 3120
     31 3121
     30 3122
     23 3123
     32 3124
     21 3125
     26 3126
     22 3127
     29 3128
     24 3129
     34 3130
     25 3131
     22 3132
     19 3133
     28 3134
     31 3135
     26 3136
     29 3137
     26 3138
     28 3139
     22 3140
     16 3141
     22 3142
     22 3143
     21 3144
     23 3145
     19 3146
     20 3147
     22 3148
     24 3149
     19 3150
     24 3151
     28 3152
     25 3153
     26 3154
     26 3155
     23 3156
     27 3157
     27 3158
     28 3159
     19 3160
     17 3161
     26 3162
     22 3163
     22 3164
     25 3165
     33 3166
     19 3167
     20 3168
     18 3169
     22 3170
     24 3171
     22 3172
     35 3173
     30 3174
     25 3175
     21 3176
     24 3177
     23 3178
     22 3179
     34 3180
     15 3181
     26 3182
     32 3183
     18 3184
     29 3185
     33 3186
     32 3187
     17 3188
     16 3189
     26 3190
     16 3191
     33 3192
     26 3193
     32 3194
     23 3195
     19 3196
     35 3197
     39 3198
     19 3199
     20 3200
     26 3201
     24 3202
     22 3203
     28 3204
     25 3205
     34 3206
     27 3207
     30 3208
     32 3209
     33 3210
     22 3211
     23 3212
     31 3213
     34 3214
     33 3215
     23 3216
     22 3217
     23 3218
     23 3219
     34 3220
     26 3221
     24 3222
     33 3223
     20 3224
     31 3225
     28 3226
     34 3227
     22 3228
     18 3229
     19 3230
     32 3231
     24 3232
     27 3233
     26 3234
     29 3235
     22 3236
     18 3237
     24 3238
     30 3239
     24 3240
     28 3241
     28 3242
     28 3243
     24 3244
     26 3245
     28 3246
     21 3247
     23 3248
     28 3249
     28 3250
     25 3251
     26 3252
     34 3253
     25 3254
     26 3255
     26 3256
     23 3257
     17 3258
     24 3259
     18 3260
     30 3261
     34 3262
     27 3263
     28 3264
     25 3265
     26 3266
     33 3267
     34 3268
     34 3269
     28 3270
     33 3271
     30 3272
     37 3273
     19 3274
     27 3275
     18 3276
     30 3277
     27 3278
     29 3279
     28 3280
     32 3281
     21 3282
     25 3283
     26 3284
     29 3285
     32 3286
     27 3287
     22 3288
     28 3289
     29 3290
     19 3291
     32 3292
     19 3293
     28 3294
     26 3295
     11 3296
     21 3297
     25 3298
     38 3299
     30 3300
     26 3301
     24 3302
     30 3303
     20 3304
     21 3305
     31 3306
     18 3307
     31 3308
     16 3309
     26 3310
     21 3311
     25 3312
     33 3313
     29 3314
     30 3315
     28 3316
     19 3317
     33 3318
     26 3319
     32 3320
     29 3321
     35 3322
     21 3323
     34 3324
     19 3325
     15 3326
     21 3327
     26 3328
     17 3329
     28 3330
     28 3331
     25 3332
     21 3333
     31 3334
     23 3335
     27 3336
     25 3337
     16 3338
     27 3339
     25 3340
     16 3341
     20 3342
     20 3343
     23 3344
     20 3345
     30 3346
     22 3347
     31 3348
     25 3349
     24 3350
     19 3351
     22 3352
     20 3353
     31 3354
     22 3355
     21 3356
     16 3357
     18 3358
     22 3359
     22 3360
     17 3361
     21 3362
     18 3363
     22 3364
     16 3365
     19 3366
     11 3367
     32 3368
     18 3369
     17 3370
     27 3371
     11 3372
     13 3373
     16 3374
     17 3375
     27 3376
     20 3377
     27 3378
     21 3379
     28 3380
     24 3381
     22 3382
     23 3383
     15 3384
     21 3385
     18 3386
     24 3387
     25 3388
     18 3389
     27 3390
     19 3391
     16 3392
     30 3393
     25 3394
     17 3395
     18 3396
     35 3397
     27 3398
     23 3399
     21 3400
     23 3401
     24 3402
     26 3403
     21 3404
     11 3405
     27 3406
     18 3407
     22 3408
     23 3409
     17 3410
     28 3411
     25 3412
     23 3413
     20 3414
     23 3415
     27 3416
     29 3417
     18 3418
     19 3419
     20 3420
     22 3421
     18 3422
     31 3423
     27 3424
     22 3425
     26 3426
     33 3427
     25 3428
     23 3429
     35 3430
     23 3431
     19 3432
     20 3433
     22 3434
     17 3435
     23 3436
     18 3437
     30 3438
     23 3439
     19 3440
     16 3441
     25 3442
     21 3443
     18 3444
     24 3445
     24 3446
     14 3447
     22 3448
     23 3449
     19 3450
     19 3451
     25 3452
     16 3453
     22 3454
     15 3455
     21 3456
     19 3457
     22 3458
     19 3459
     24 3460
     16 3461
      7 3462
     26 3463
     20 3464
     19 3465
     18 3466
     17 3467
     12 3468
     18 3469
     25 3470
     20 3471
     17 3472
     13 3473
     17 3474
      9 3475
     20 3476
     25 3477
      9 3478
     17 3479
     23 3480
     14 3481
     19 3482
     19 3483
     14 3484
     19 3485
     22 3486
     18 3487
     14 3488
     15 3489
     14 3490
     14 3491
     16 3492
     20 3493
     15 3494
     13 3495
     19 3496
     17 3497
     15 3498
     20 3499
     16 3500
     16 3501
     16 3502
     11 3503
     28 3504
     16 3505
     16 3506
     12 3507
     14 3508
     12 3509
     15 3510
     22 3511
     18 3512
     16 3513
     16 3514
     15 3515
     20 3516
     23 3517
     15 3518
     17 3519
     22 3520
     22 3521
     11 3522
     13 3523
     19 3524
     20 3525
     18 3526
     13 3527
     19 3528
     26 3529
     11 3530
     20 3531
     14 3532
     14 3533
     17 3534
     18 3535
     17 3536
     19 3537
     15 3538
     11 3539
     12 3540
     17 3541
     12 3542
     16 3543
     16 3544
     15 3545
     15 3546
     19 3547
     11 3548
     22 3549
     15 3550
     11 3551
     14 3552
     22 3553
     18 3554
     17 3555
     20 3556
     19 3557
     17 3558
     13 3559
     10 3560
     15 3561
      5 3562
     24 3563
     13 3564
     21 3565
     22 3566
     17 3567
     16 3568
     20 3569
     17 3570
     18 3571
     12 3572
     14 3573
     12 3574
     22 3575
     15 3576
     17 3577
     15 3578
     17 3579
     13 3580
     21 3581
     14 3582
     24 3583
     11 3584
     18 3585
     15 3586
     18 3587
     13 3588
     27 3589
     13 3590
     10 3591
     13 3592
     12 3593
     13 3594
     14 3595
     12 3596
     11 3597
     19 3598
     26 3599
     13 3600
     17 3601
     20 3602
     14 3603
     18 3604
     15 3605
     20 3606
     11 3607
     17 3608
     12 3609
     22 3610
     19 3611
     10 3612
     12 3613
     14 3614
     20 3615
     14 3616
     13 3617
     20 3618
     21 3619
     16 3620
      8 3621
     16 3622
     22 3623
     22 3624
     15 3625
     16 3626
     13 3627
     15 3628
     18 3629
     14 3630
     18 3631
     17 3632
     17 3633
     20 3634
     17 3635
     10 3636
     19 3637
     16 3638
     19 3639
     11 3640
     21 3641
     16 3642
     26 3643
     17 3644
     24 3645
     17 3646
     16 3647
     13 3648
     17 3649
     20 3650
     13 3651
     18 3652
     13 3653
     19 3654
     18 3655
      8 3656
     20 3657
     22 3658
     11 3659
     24 3660
     16 3661
     14 3662
     16 3663
     26 3664
     14 3665
     19 3666
     16 3667
     16 3668
     11 3669
     13 3670
      6 3671
     13 3672
     21 3673
     13 3674
     19 3675
     21 3676
     16 3677
     14 3678
     19 3679
     13 3680
     14 3681
     15 3682
     11 3683
     14 3684
     19 3685
     15 3686
     12 3687
     14 3688
     17 3689
     17 3690
     14 3691
     17 3692
     21 3693
     13 3694
     12 3695
     19 3696
     20 3697
     14 3698
     16 3699
     20 3700
     17 3701
     17 3702
     12 3703
     17 3704
     18 3705
     10 3706
     15 3707
     13 3708
     12 3709
     11 3710
     21 3711
     18 3712
      9 3713
     20 3714
     21 3715
     14 3716
     23 3717
     16 3718
     13 3719
     23 3720
      9 3721
     17 3722
     19 3723
     17 3724
     24 3725
     21 3726
     16 3727
     15 3728
     15 3729
     25 3730
     20 3731
     19 3732
     20 3733
     12 3734
     19 3735
     19 3736
     17 3737
     16 3738
     17 3739
     24 3740
     21 3741
     11 3742
     12 3743
     13 3744
     21 3745
     28 3746
     19 3747
     24 3748
     18 3749
     19 3750
     11 3751
     18 3752
     27 3753
     10 3754
     17 3755
     11 3756
     13 3757
     13 3758
     12 3759
     14 3760
     15 3761
     13 3762
      9 3763
     13 3764
     12 3765
     10 3766
     10 3767
     18 3768
     18 3769
     18 3770
     32 3771
      7 3772
     10 3773
     19 3774
     14 3775
     15 3776
     19 3777
     14 3778
     14 3779
      9 3780
     15 3781
     22 3782
     12 3783
      8 3784
     15 3785
     14 3786
     20 3787
     15 3788
     18 3789
     12 3790
     15 3791
     13 3792
     20 3793
     14 3794
     14 3795
     21 3796
     18 3797
     11 3798
     13 3799
     18 3800
     19 3801
     19 3802
     13 3803
     14 3804
     15 3805
     16 3806
     11 3807
     20 3808
     27 3809
     11 3810
     12 3811
      7 3812
     13 3813
     16 3814
     15 3815
     17 3816
     20 3817
      9 3818
     10 3819
      5 3820
     19 3821
     15 3822
     15 3823
     17 3824
     17 3825
      8 3826
      9 3827
     14 3828
     18 3829
     17 3830
     16 3831
     10 3832
     13 3833
     18 3834
     14 3835
     16 3836
     13 3837
     10 3838
     14 3839
     13 3840
      9 3841
     20 3842
     15 3843
     17 3844
     15 3845
     11 3846
     15 3847
     19 3848
     13 3849
     12 3850
     21 3851
     18 3852
     10 3853
     11 3854
     15 3855
     13 3856
     12 3857
      9 3858
     12 3859
     12 3860
     13 3861
     14 3862
     14 3863
     11 3864
     16 3865
     13 3866
     20 3867
     14 3868
     10 3869
     16 3870
     19 3871
     12 3872
     11 3873
     16 3874
     10 3875
     17 3876
     16 3877
     21 3878
     16 3879
     12 3880
     12 3881
     15 3882
     12 3883
     15 3884
      7 3885
     18 3886
      8 3887
      9 3888
      9 3889
     17 3890
     10 3891
     10 3892
     12 3893
     16 3894
      8 3895
     17 3896
     15 3897
     15 3898
     12 3899
     11 3900
     11 3901
     12 3902
     14 3903
     17 3904
     10 3905
     13 3906
     16 3907
     14 3908
     14 3909
     21 3910
     19 3911
     16 3912
     11 3913
     12 3914
     13 3915
     11 3916
     14 3917
     10 3918
     18 3919
     16 3920
     18 3921
     14 3922
     23 3923
     18 3924
     12 3925
     15 3926
     13 3927
     17 3928
     10 3929
     14 3930
     23 3931
     10 3932
     13 3933
      8 3934
     11 3935
     15 3936
     20 3937
     14 3938
     11 3939
     11 3940
      7 3941
     13 3942
      6 3943
     10 3944
     14 3945
     16 3946
     12 3947
     10 3948
     15 3949
     11 3950
      8 3951
     16 3952
     21 3953
      7 3954
     16 3955
     17 3956
     19 3957
     11 3958
     13 3959
     11 3960
     10 3961
      4 3962
     10 3963
     15 3964
      9 3965
     10 3966
      9 3967
     11 3968
     10 3969
     11 3970
      6 3971
     16 3972
     12 3973
     13 3974
      8 3975
     10 3976
      8 3977
     12 3978
      5 3979
      6 3980
     17 3981
      4 3982
      8 3983
     12 3984
     12 3985
     12 3986
     14 3987
      5 3988
     10 3989
      6 3990
      7 3991
     16 3992
      7 3993
      7 3994
     16 3995
      9 3996
     16 3997
      6 3998
      5 3999
      9 4000
      7 4001
      9 4002
      6 4003
      6 4004
     13 4005
     12 4006
     13 4007
     11 4008
     11 4009
     11 4010
     14 4011
      9 4012
     11 4013
      6 4014
     16 4015
     14 4016
     10 4017
     11 4018
     15 4019
     11 4020
      8 4021
      8 4022
      9 4023
     11 4024
      7 4025
     17 4026
     16 4027
      7 4028
     14 4029
     17 4030
      9 4031
     11 4032
     15 4033
     10 4034
     10 4035
     13 4036
     16 4037
      8 4038
     15 4039
      4 4040
     13 4041
      7 4042
     11 4043
     14 4044
     12 4045
     16 4046
     12 4047
     11 4048
      8 4049
     11 4050
     12 4051
      6 4052
      4 4053
      7 4054
      9 4055
     13 4056
      7 4057
     13 4058
     14 4059
     10 4060
      6 4061
      3 4062
     11 4063
      8 4064
      5 4065
      8 4066
     11 4067
     11 4068
     12 4069
     14 4070
      8 4071
     10 4072
      5 4073
     10 4074
     13 4075
     13 4076
      8 4077
      9 4078
     18 4079
     14 4080
      8 4081
      6 4082
      6 4083
     15 4084
      7 4085
     11 4086
     12 4087
      8 4088
     12 4089
      7 4090
      8 4091
     10 4092
     10 4093
     14 4094
      5 4095
     12 4096
     12 4097
      7 4098
     10 4099
     10 4100
     10 4101
     10 4102
     16 4103
     15 4104
      8 4105
     16 4106
      7 4107
      9 4108
     11 4109
      6 4110
     12 4111
     16 4112
     16 4113
      8 4114
      6 4115
     10 4116
      7 4117
     16 4118
      6 4119
     13 4120
     15 4121
     14 4122
      8 4123
      7 4124
      9 4125
      5 4126
     11 4127
      4 4128
     10 4129
      7 4130
     15 4131
      9 4132
     11 4133
     10 4134
     14 4135
     14 4136
     10 4137
     10 4138
     13 4139
     13 4140
     11 4141
      9 4142
     10 4143
     12 4144
     11 4145
      6 4146
      7 4147
     11 4148
      7 4149
     17 4150
     12 4151
      9 4152
     10 4153
     11 4154
     11 4155
     10 4156
     14 4157
     10 4158
     11 4159
     18 4160
     13 4161
     16 4162
     10 4163
     10 4164
     14 4165
     12 4166
     15 4167
      4 4168
     13 4169
      9 4170
     10 4171
      8 4172
      9 4173
      9 4174
      9 4175
     11 4176
     12 4177
     10 4178
      8 4179
     12 4180
      7 4181
     12 4182
     18 4183
     11 4184
     11 4185
     12 4186
     15 4187
     12 4188
     10 4189
     10 4190
     14 4191
      3 4192
     10 4193
      6 4194
      8 4195
      7 4196
     11 4197
     11 4198
      6 4199
      6 4200
     15 4201
     15 4202
      6 4203
     14 4204
     13 4205
     14 4206
      6 4207
      7 4208
     12 4209
     10 4210
     10 4211
     13 4212
      6 4213
      6 4214
      9 4215
     14 4216
     12 4217
      5 4218
     15 4219
     11 4220
      6 4221
     10 4222
      9 4223
     12 4224
      8 4225
     10 4226
      6 4227
      5 4228
     14 4229
      3 4230
      4 4231
     11 4232
     13 4233
      6 4234
     14 4235
      5 4236
      9 4237
     10 4238
      9 4239
      9 4240
     12 4241
     13 4242
     10 4243
     10 4244
     11 4245
      8 4246
      8 4247
     10 4248
     10 4249
      4 4250
     16 4251
      4 4252
      7 4253
      8 4254
     10 4255
      4 4256
     10 4257
      8 4258
      6 4259
     13 4260
     17 4261
     12 4262
     11 4263
     13 4264
     13 4265
      9 4266
     10 4267
      9 4268
      4 4269
     11 4270
      6 4271
      8 4272
      8 4273
     10 4274
     10 4275
      6 4276
      9 4277
      9 4278
      8 4279
     10 4280
     10 4281
     10 4282
      7 4283
      9 4284
      7 4285
     13 4286
     12 4287
     11 4288
      7 4289
     10 4290
     10 4291
      7 4292
      4 4293
      7 4294
      9 4295
      8 4296
      8 4297
      7 4298
      4 4299
     11 4300
      7 4301
     11 4302
      7 4303
     10 4304
     12 4305
      6 4306
      6 4307
      2 4308
     11 4309
      8 4310
     10 4311
     15 4312
     11 4313
     11 4314
     13 4315
     11 4316
      7 4317
      8 4318
     14 4319
      6 4320
     15 4321
     13 4322
     13 4323
      7 4324
      6 4325
      9 4326
     13 4327
     12 4328
      5 4329
      6 4330
      8 4331
      8 4332
      7 4333
      7 4334
     12 4335
     10 4336
     12 4337
      7 4338
      9 4339
     11 4340
     11 4341
     11 4342
      9 4343
     10 4344
      8 4345
     11 4346
     11 4347
      8 4348
     11 4349
      6 4350
     10 4351
      3 4352
      6 4353
      4 4354
     14 4355
      1 4356
     12 4357
      9 4358
      7 4359
      8 4360
      8 4361
     10 4362
     12 4363
     13 4364
     12 4365
     15 4366
     16 4367
      6 4368
      8 4369
      9 4370
     10 4371
     13 4372
      8 4373
     12 4374
     11 4375
     11 4376
      8 4377
     10 4378
     17 4379
     10 4380
     13 4381
     13 4382
     14 4383
     10 4384
     10 4385
     17 4386
     10 4387
      7 4388
     12 4389
     11 4390
     11 4391
      8 4392
      9 4393
     10 4394
      7 4395
     11 4396
     11 4397
      6 4398
     11 4399
     10 4400
      9 4401
      9 4402
     11 4403
      5 4404
     18 4405
      9 4406
      9 4407
     13 4408
     15 4409
      9 4410
     11 4411
     10 4412
     12 4413
      8 4414
     12 4415
     10 4416
     10 4417
     11 4418
     11 4419
      9 4420
     15 4421
      9 4422
      7 4423
      6 4424
     12 4425
      2 4426
      9 4427
      8 4428
     10 4429
     13 4430
     13 4431
      9 4432
     11 4433
      9 4434
     12 4435
     12 4436
     10 4437
     15 4438
      7 4439
     13 4440
     11 4441
      9 4442
     15 4443
     16 4444
      9 4445
     15 4446
      8 4447
     11 4448
     13 4449
      9 4450
      8 4451
     13 4452
     13 4453
      5 4454
     13 4455
      9 4456
     11 4457
      5 4458
     10 4459
      9 4460
     15 4461
     11 4462
     12 4463
      5 4464
      5 4465
     11 4466
     14 4467
      9 4468
      8 4469
     11 4470
      6 4471
      8 4472
      7 4473
     10 4474
     14 4475
      9 4476
     10 4477
      7 4478
      5 4479
     11 4480
      7 4481
     11 4482
      5 4483
      9 4484
      8 4485
     10 4486
      3 4487
      7 4488
     10 4489
      9 4490
     11 4491
      4 4492
      5 4493
     11 4494
     11 4495
      9 4496
      7 4497
      8 4498
      8 4499
      8 4500
     11 4501
      4 4502
      9 4503
     12 4504
     12 4505
     11 4506
     10 4507
     10 4508
     12 4509
     12 4510
     10 4511
      4 4512
     11 4513
     10 4514
      8 4515
     15 4516
     11 4517
      8 4518
     12 4519
      7 4520
      6 4521
     11 4522
     11 4523
      6 4524
      8 4525
     11 4526
     11 4527
      7 4528
     10 4529
      6 4530
     10 4531
     10 4532
      8 4533
     13 4534
     12 4535
     11 4536
      7 4537
     13 4538
      8 4539
      7 4540
      9 4541
      8 4542
     11 4543
      7 4544
      7 4545
     11 4546
      7 4547
      5 4548
      4 4549
      6 4550
      5 4551
     13 4552
     12 4553
      8 4554
     12 4555
      5 4556
     12 4557
      4 4558
      9 4559
      4 4560
      6 4561
      4 4562
     11 4563
      5 4564
      9 4565
      4 4566
      9 4567
      8 4568
      5 4569
      6 4570
     15 4571
     10 4572
      7 4573
      8 4574
      4 4575
      6 4576
     10 4577
      4 4578
     10 4579
     10 4580
     15 4581
      9 4582
     13 4583
     10 4584
      6 4585
      7 4586
      7 4587
      8 4588
      6 4589
      9 4590
      8 4591
      7 4592
      7 4593
      9 4594
      5 4595
      5 4596
      5 4597
      7 4598
     11 4599
      7 4600
      8 4601
      8 4602
      7 4603
      8 4604
      7 4605
     10 4606
      9 4607
     12 4608
      9 4609
      8 4610
      8 4611
     11 4612
      6 4613
      8 4614
     12 4615
      9 4616
      9 4617
     15 4618
      8 4619
      5 4620
      8 4621
      8 4622
     11 4623
     10 4624
      4 4625
     12 4626
      6 4627
      3 4628
      5 4629
     14 4630
     12 4631
      6 4632
      8 4633
      8 4634
      4 4635
      9 4636
      8 4637
      5 4638
     11 4639
      7 4640
      8 4641
      4 4642
     11 4643
      7 4644
     13 4645
     11 4646
      7 4647
      8 4648
     11 4649
      8 4650
      4 4651
      7 4652
      6 4653
     11 4654
     11 4655
      9 4656
     16 4657
     11 4658
     11 4659
      7 4660
      5 4661
     13 4662
      7 4663
     12 4664
     13 4665
     12 4666
      7 4667
     11 4668
     10 4669
      9 4670
     10 4671
      6 4672
     14 4673
      6 4674
      6 4675
     11 4676
      8 4677
      8 4678
      8 4679
      4 4680
     10 4681
      8 4682
     10 4683
      8 4684
      4 4685
      8 4686
      7 4687
      5 4688
      8 4689
      6 4690
      8 4691
      6 4692
     10 4693
      8 4694
     11 4695
      7 4696
      7 4697
      8 4698
      7 4699
     10 4700
      6 4701
      7 4702
     10 4703
      7 4704
      4 4705
      5 4706
      8 4707
      6 4708
      6 4709
      8 4710
      9 4711
      5 4712
      6 4713
      8 4714
      7 4715
     10 4716
      5 4717
      8 4718
      5 4719
      5 4720
      7 4721
      4 4722
      8 4723
     14 4724
     18 4725
      7 4726
     11 4727
      8 4728
     10 4729
     10 4730
      8 4731
      6 4732
      2 4733
     10 4734
      5 4735
      6 4736
     12 4737
      4 4738
      8 4739
      6 4740
      8 4741
      8 4742
      8 4743
      5 4744
      3 4745
      8 4746
     10 4747
      2 4748
     10 4749
      5 4750
     10 4751
      8 4752
      3 4753
      6 4754
      5 4755
      4 4756
     12 4757
      2 4758
      6 4759
      4 4760
      9 4761
      7 4762
      4 4763
      3 4764
      3 4765
      5 4766
      4 4767
      6 4768
      2 4769
      4 4770
      6 4771
      5 4772
      5 4773
      4 4774
      6 4775
     12 4776
      4 4777
     13 4778
      4 4779
      5 4780
      6 4781
      9 4782
      4 4783
      5 4784
      9 4785
      8 4786
      8 4787
      1 4788
      6 4789
      8 4790
      4 4791
      5 4792
      4 4793
      9 4794
      6 4795
      5 4796
      8 4797
      6 4798
      9 4799
      4 4800
      5 4801
     10 4802
      6 4803
      5 4804
      8 4805
      7 4806
      7 4807
      8 4808
      3 4809
      6 4810
      6 4811
      9 4812
      3 4813
      7 4814
      6 4815
      8 4816
      8 4817
      7 4818
      7 4819
      9 4820
      4 4821
      7 4822
     11 4823
      9 4824
     10 4825
      6 4826
      3 4827
      7 4828
      6 4829
      3 4830
     12 4831
     10 4832
      5 4833
      3 4834
      3 4835
      2 4836
      8 4837
     10 4838
      2 4839
      1 4840
      3 4841
      9 4842
     10 4843
      5 4844
      7 4845
      8 4846
      3 4847
      6 4848
      4 4849
      8 4850
      4 4851
      5 4852
      9 4853
      5 4854
      8 4855
      4 4856
      5 4857
      2 4858
      6 4859
      3 4860
     12 4861
      4 4862
      6 4863
      2 4864
      7 4865
      5 4866
      9 4867
      3 4868
      7 4869
      6 4870
      5 4871
      4 4872
      4 4873
      7 4874
      9 4875
      5 4876
      6 4877
      4 4878
      9 4879
      6 4880
      8 4881
      7 4882
      7 4883
      5 4884
      8 4885
      4 4886
      6 4887
      6 4888
      5 4889
      7 4890
      5 4891
     11 4892
      5 4893
      7 4894
      8 4895
      4 4896
      7 4897
      4 4898
      4 4899
      4 4900
      6 4901
     14 4902
      2 4903
      5 4904
      9 4905
      9 4906
      4 4907
      7 4908
      7 4909
      1 4910
     12 4911
      1 4912
      8 4913
      4 4914
      2 4915
      3 4916
      5 4917
      9 4918
      9 4919
      4 4920
      8 4921
     10 4922
      7 4923
      5 4924
      3 4925
     11 4926
      3 4927
      4 4928
      7 4929
      7 4930
      4 4931
      7 4932
      5 4933
      9 4934
      5 4935
      2 4936
      3 4937
      7 4938
      2 4939
      4 4940
      9 4941
      6 4942
      4 4943
      7 4944
      7 4945
      3 4946
      6 4947
      5 4948
      8 4949
      5 4950
      5 4951
      5 4952
      8 4953
      3 4954
      5 4955
      5 4956
      5 4957
      2 4958
     11 4959
      5 4960
      3 4961
      2 4962
      4 4963
      7 4964
      6 4965
      1 4966
      6 4967
      4 4968
     12 4969
      3 4970
      6 4971
     12 4972
      1 4973
      8 4974
      6 4975
      7 4976
      4 4977
      4 4978
     10 4979
      5 4980
      8 4981
     10 4982
      3 4983
      6 4984
      6 4985
      5 4986
      5 4987
      6 4988
      5 4989
      7 4990
      7 4991
      8 4992
      2 4993
      3 4994
      6 4995
      9 4996
      7 4997
      9 4998
      5 4999
      8 5000
      3 5001
      2 5002
      4 5003
      3 5004
      7 5005
      4 5006
      4 5007
      4 5008
      2 5009
     10 5010
      6 5011
      8 5012
      3 5013
      3 5014
      6 5015
      8 5016
      4 5017
      2 5018
      5 5019
      7 5020
      7 5021
      3 5022
      6 5023
      4 5024
      4 5025
      9 5026
      9 5027
      7 5028
      8 5029
      9 5030
      4 5031
      7 5032
      5 5033
      5 5034
      3 5035
      5 5036
      9 5037
      4 5038
      2 5039
      3 5040
      5 5041
      5 5042
      3 5043
      5 5044
      5 5045
     10 5046
      8 5047
      5 5048
      4 5049
      2 5050
      4 5051
      6 5052
      6 5053
      8 5054
      1 5055
      4 5056
      4 5057
      6 5058
      7 5059
      6 5060
      5 5061
      5 5062
      3 5063
      4 5064
      8 5065
      7 5066
      3 5067
      4 5068
      5 5069
      5 5070
      9 5071
      7 5072
      3 5073
      3 5074
      6 5075
      5 5076
      5 5077
      3 5078
      7 5079
      6 5080
      6 5081
      4 5082
      2 5083
      4 5084
     10 5085
      6 5086
      3 5087
      7 5088
      2 5089
      6 5090
      6 5091
      5 5092
      3 5093
      9 5094
      2 5095
      2 5096
     10 5097
      4 5098
      7 5099
      5 5101
      3 5102
      4 5103
      3 5104
      3 5105
      6 5106
      4 5107
      7 5108
      6 5109
      6 5110
      2 5111
      4 5112
      7 5113
      4 5114
      5 5115
      3 5116
      7 5117
      4 5118
      4 5119
      7 5120
      5 5121
      5 5122
      7 5123
      5 5124
      3 5125
      1 5126
      7 5128
      2 5129
      5 5130
     10 5131
      5 5132
      7 5133
      2 5134
      6 5135
      2 5136
      6 5137
      6 5138
      3 5139
      9 5140
      3 5141
      8 5142
      3 5143
      6 5144
      3 5145
      5 5146
      4 5147
      5 5148
      5 5149
      6 5150
      2 5151
      7 5152
      7 5153
      8 5154
      1 5155
      6 5156
      3 5157
      3 5158
      6 5159
      6 5160
     11 5161
      4 5162
      7 5163
      2 5164
      2 5165
      4 5166
      4 5167
     10 5168
      5 5169
      3 5170
      4 5171
      4 5172
      7 5173
      8 5174
      9 5175
      7 5176
      5 5177
      6 5178
      6 5179
      3 5180
      3 5181
      3 5182
      4 5183
      1 5184
      5 5185
      4 5186
      9 5187
      6 5188
      8 5189
      9 5190
      6 5191
      2 5192
      3 5193
      5 5194
      2 5195
      5 5196
      3 5197
      5 5198
      4 5199
      9 5200
      2 5201
      7 5202
      5 5203
      8 5204
      6 5205
      5 5206
      5 5207
      5 5208
      6 5209
      4 5210
      7 5211
      6 5212
      6 5213
      6 5214
      1 5215
      3 5216
      9 5217
      3 5218
      4 5219
      6 5220
      2 5221
      5 5222
      9 5223
     13 5224
      6 5225
      5 5226
      7 5227
      7 5228
     10 5229
      4 5230
      4 5231
      4 5232
      6 5233
      8 5234
      3 5235
      6 5236
      8 5237
      2 5238
      4 5239
     10 5240
      9 5241
      3 5242
      9 5243
      7 5244
      4 5245
      4 5246
      8 5247
      6 5248
      6 5249
      6 5250
      5 5251
      3 5252
      1 5253
      1 5254
      2 5255
      2 5256
      2 5257
      4 5258
      3 5259
     10 5260
      5 5261
      6 5262
     12 5263
      3 5264
      5 5265
      2 5266
      8 5267
      6 5268
      3 5269
     10 5270
      6 5271
      8 5272
      8 5273
      4 5274
      8 5275
      2 5276
      5 5277
      4 5278
      3 5279
      2 5280
      5 5281
      2 5282
     10 5283
      6 5284
     10 5285
      3 5286
      5 5287
      4 5288
      6 5289
      3 5290
      5 5291
      4 5292
      4 5293
      8 5294
      3 5295
      3 5296
      2 5297
      4 5298
      2 5299
      3 5300
      5 5301
      4 5302
      4 5303
      3 5304
      5 5305
      9 5306
      4 5307
      6 5308
      7 5309
      6 5310
      2 5311
      5 5312
      6 5313
      3 5314
      3 5315
      3 5316
      4 5317
      8 5318
      7 5319
      8 5320
      6 5321
      7 5322
      5 5323
      6 5324
      7 5325
      6 5326
      3 5327
      5 5328
      7 5329
      4 5330
      6 5331
      5 5332
      7 5333
      6 5334
      8 5335
      7 5336
      8 5337
      9 5338
      5 5339
      9 5340
      7 5341
      4 5342
      7 5343
      3 5344
      1 5345
      4 5346
      4 5347
      8 5348
      6 5349
      2 5350
      7 5351
      3 5352
      5 5353
      1 5354
      7 5355
      8 5356
      3 5357
      6 5358
      6 5359
      4 5360
      3 5361
      5 5362
      6 5363
      1 5364
      4 5365
      5 5366
      3 5367
      4 5368
      3 5369
      6 5370
      1 5371
      4 5372
      7 5373
      4 5375
      2 5376
      2 5377
      1 5378
      5 5379
      8 5380
      4 5381
      3 5382
      4 5383
      3 5384
      3 5385
      2 5386
      3 5387
      6 5388
      3 5389
      7 5390
      5 5391
      5 5392
      4 5393
      3 5394
      1 5395
     10 5396
      4 5397
      6 5398
      8 5399
      4 5400
      3 5401
      4 5402
      6 5403
      6 5404
      2 5405
      5 5406
      5 5407
      4 5408
      6 5409
      5 5410
      6 5411
      3 5412
      7 5413
      2 5414
      7 5415
      3 5416
      7 5417
      4 5418
      4 5419
      3 5420
      8 5421
      3 5422
      5 5423
      4 5424
      4 5425
      6 5426
      4 5427
      2 5428
      8 5429
      5 5430
      2 5431
      4 5432
      5 5433
      3 5434
      3 5435
      6 5436
      5 5437
      2 5438
      9 5439
      8 5440
      2 5441
      5 5442
      3 5443
      8 5444
      4 5445
      3 5446
      8 5448
      4 5449
      8 5450
      6 5451
      4 5452
      3 5453
      5 5454
      6 5455
      1 5456
      6 5457
      5 5458
      5 5459
      6 5460
      3 5461
      4 5462
      6 5463
      7 5464
      7 5465
      6 5466
      3 5467
      4 5468
      4 5469
      8 5470
      8 5471
      7 5472
      8 5473
      4 5474
      5 5475
      2 5476
      3 5477
      5 5478
      5 5479
      4 5480
      4 5481
      4 5482
      5 5483
      4 5484
      6 5485
     13 5486
      8 5487
      7 5488
      1 5489
      5 5491
      2 5492
      8 5493
      9 5494
      3 5495
      4 5496
      5 5497
      2 5498
     10 5499
      7 5500
      5 5501
      8 5502
      6 5503
      8 5504
      6 5505
      9 5506
      3 5507
      5 5508
      6 5509
      6 5510
      4 5511
      4 5512
      3 5513
      8 5514
      5 5515
      6 5516
      6 5517
      7 5518
      6 5519
      6 5520
      7 5521
      5 5522
      5 5523
      6 5524
     10 5525
      2 5526
     13 5527
      1 5528
      7 5529
      6 5530
      4 5531
      6 5532
      6 5533
      8 5534
      6 5535
      6 5536
      3 5537
      6 5538
      4 5539
      6 5540
      5 5541
      4 5542
      2 5543
      2 5544
      5 5545
      3 5546
      6 5547
      8 5548
      4 5549
      9 5550
      4 5551
      7 5552
      7 5553
      5 5554
      5 5555
      7 5556
      6 5557
      9 5558
      6 5559
      8 5560
      1 5561
      5 5562
      6 5563
      5 5564
     10 5565
      4 5566
      4 5567
      2 5568
     11 5569
      3 5570
      7 5571
      6 5572
      4 5573
      3 5574
      9 5575
      3 5576
      9 5577
      3 5578
      2 5579
      2 5580
      3 5581
      9 5582
      6 5583
      3 5584
      7 5585
      6 5586
      6 5587
      4 5588
      2 5589
      3 5590
      8 5591
     12 5592
      7 5593
      3 5594
      7 5595
      5 5596
      4 5597
      5 5598
      6 5599
      7 5600
      3 5601
      7 5602
      5 5603
      6 5604
      6 5605
      2 5606
      4 5607
      3 5608
      5 5609
      7 5610
      6 5611
      4 5612
      5 5613
      3 5614
      4 5615
      5 5616
      5 5617
      6 5618
      8 5619
      9 5621
     10 5622
      8 5623
      6 5624
      5 5625
      7 5626
      2 5627
      2 5629
      7 5630
      8 5631
      3 5632
      5 5633
      2 5634
      6 5635
      2 5636
      4 5637
      6 5638
      5 5639
      5 5640
      9 5641
      3 5642
      7 5643
      6 5644
      4 5645
      5 5646
      3 5647
      5 5648
      6 5649
      4 5650
      7 5651
      1 5652
      3 5653
      4 5654
      3 5655
      3 5656
      4 5658
      5 5659
      8 5660
      4 5661
      8 5662
      1 5663
      8 5664
      5 5665
      3 5666
      7 5667
      5 5668
      5 5669
      1 5670
      1 5671
      4 5672
      6 5673
      8 5674
      7 5675
      2 5676
      3 5677
      5 5678
      8 5679
      3 5680
      3 5681
      3 5682
      6 5683
      2 5684
      8 5685
      4 5686
      7 5687
      2 5688
      6 5689
      5 5690
      4 5691
      6 5692
      5 5693
      7 5694
     12 5695
      5 5696
      6 5697
      3 5698
      4 5699
      5 5700
      3 5701
      4 5702
     10 5703
      7 5704
      8 5705
      3 5706
      6 5707
      9 5708
      5 5709
      4 5710
      6 5711
      4 5712
      5 5713
      2 5714
      2 5715
      6 5716
      2 5717
      6 5718
      3 5719
      6 5720
      3 5721
      6 5722
      7 5723
      4 5724
      6 5725
      6 5726
      5 5727
      8 5728
      6 5729
      3 5730
      1 5731
      7 5732
      5 5733
      5 5734
      4 5735
      2 5736
      6 5737
      5 5738
     11 5739
      5 5740
      9 5741
      5 5742
      5 5743
      7 5744
      7 5745
      3 5746
      3 5747
      4 5748
      6 5749
      6 5750
      7 5751
      5 5752
      9 5753
      4 5754
      5 5755
      4 5756
     10 5757
      5 5758
      6 5759
      9 5760
      4 5761
      3 5762
      7 5763
      6 5764
      6 5765
      5 5766
      5 5767
      4 5768
      4 5769
      2 5770
      6 5771
      4 5772
      2 5773
      4 5774
      4 5775
      6 5776
      6 5777
      4 5778
      5 5779
      5 5780
      4 5781
      3 5782
      3 5783
      6 5784
      2 5785
      2 5786
      6 5787
      8 5788
      5 5789
      5 5790
      3 5791
      1 5792
      4 5793
      2 5794
      3 5795
      4 5796
      6 5797
      3 5798
      5 5799
      6 5800
      4 5801
      3 5802
      4 5803
      4 5804
      4 5805
      5 5806
      3 5807
      3 5808
      1 5809
      5 5810
      7 5811
      5 5812
      3 5814
      4 5815
      4 5816
      4 5817
      5 5818
      9 5819
      7 5820
      6 5821
      8 5822
      5 5823
      6 5824
      2 5825
      2 5826
      8 5827
      3 5828
      3 5829
      7 5830
      3 5831
      3 5832
      2 5833
      2 5834
      5 5835
      3 5836
      4 5837
      4 5838
      1 5839
      2 5840
      7 5841
      5 5842
      1 5843
      7 5844
      4 5846
      7 5847
      3 5848
      5 5849
      4 5850
      3 5851
      4 5852
      4 5853
      4 5854
      3 5855
      4 5856
      3 5857
      4 5858
      3 5859
      2 5860
      5 5861
      3 5862
      3 5863
      2 5864
      5 5865
      5 5866
      7 5867
      4 5868
      2 5869
      4 5871
      2 5872
      3 5873
      1 5874
      1 5875
      3 5876
      4 5877
      3 5878
      5 5879
      7 5880
      6 5881
      3 5882
      3 5883
      2 5884
      6 5885
      5 5886
      3 5887
      1 5888
     11 5889
      4 5890
      8 5891
      5 5892
      1 5893
     11 5894
      2 5895
      2 5896
      8 5897
      2 5898
      5 5899
      3 5900
      3 5901
      4 5902
      2 5903
      4 5904
      9 5905
      3 5906
      6 5907
      5 5908
      4 5909
      3 5910
      1 5911
      5 5912
      4 5913
      4 5914
      7 5915
      5 5916
      3 5917
     11 5918
      5 5919
      3 5920
      2 5921
      4 5922
      5 5923
      1 5924
      5 5925
      2 5926
      3 5927
      1 5928
      5 5929
      6 5930
      2 5931
      5 5932
      2 5933
      3 5934
      4 5935
      4 5936
      2 5937
      2 5938
      1 5939
      5 5940
      3 5941
      4 5942
      2 5943
      4 5944
      7 5945
      3 5946
      3 5947
      4 5948
      4 5949
      6 5950
      2 5951
      3 5952
      7 5953
      5 5954
      5 5955
      3 5956
      5 5957
      8 5958
      2 5959
      1 5960
      6 5961
      4 5962
      1 5963
      2 5964
      6 5965
      3 5966
      4 5967
      8 5968
      1 5969
      3 5970
      2 5971
      1 5972
      1 5973
      6 5974
      3 5975
      3 5976
      1 5977
      6 5978
      1 5979
      2 5981
      4 5982
      4 5984
      2 5985
      4 5986
      3 5987
      5 5988
      2 5989
      5 5990
      5 5991
      2 5992
      3 5993
      4 5994
      5 5995
      3 5996
      2 5997
      8 5998
      1 5999
      5 6000
      4 6001
      6 6002
      5 6003
      1 6004
      3 6005
      3 6006
      3 6007
      4 6008
      3 6009
      1 6010
      1 6011
      5 6012
      4 6013
      4 6014
      4 6015
      3 6016
      2 6017
      6 6018
      4 6020
      2 6021
      3 6022
      5 6023
      6 6024
      4 6025
      5 6026
      5 6027
      7 6028
      2 6029
      4 6030
      3 6031
      1 6032
      1 6033
      4 6035
      4 6036
      6 6037
      3 6038
      4 6039
      8 6040
      1 6041
      9 6042
      5 6043
      6 6044
      3 6045
      9 6046
      3 6047
      4 6048
      4 6049
      1 6050
      2 6051
      5 6052
      3 6053
      7 6054
      4 6055
      2 6056
      4 6057
      2 6058
      6 6059
      4 6060
      4 6061
      5 6062
      5 6063
      4 6064
      5 6066
      2 6067
      6 6068
      7 6069
      6 6070
      6 6071
      3 6072
      6 6073
      6 6074
      3 6075
      4 6076
      6 6077
      7 6078
      5 6079
      5 6080
      1 6081
      5 6082
      6 6083
      4 6084
      1 6085
      2 6086
      5 6087
      5 6088
      5 6089
      7 6090
      7 6091
      7 6092
      5 6093
      2 6094
      2 6095
      6 6096
      3 6097
      3 6098
      4 6099
      4 6100
      3 6101
      3 6102
      2 6103
      4 6104
      3 6105
      2 6106
      5 6107
      4 6108
      7 6109
      7 6111
      6 6112
      3 6113
      4 6114
      2 6115
      4 6116
      3 6117
      5 6118
      4 6119
      1 6120
      5 6121
      2 6122
      3 6123
      4 6124
      2 6126
      4 6127
      3 6128
      6 6129
      1 6130
      3 6131
      5 6132
      1 6133
      1 6134
      1 6135
      1 6136
      2 6137
      6 6138
      2 6139
      2 6140
      1 6141
      4 6142
      5 6143
      1 6144
      3 6145
      3 6146
      3 6147
      1 6148
      1 6149
      5 6150
      2 6151
      1 6152
      3 6153
      2 6154
      4 6155
      3 6156
      3 6157
      1 6158
      2 6159
      3 6160
      2 6161
      2 6162
      5 6163
      4 6164
      5 6165
      3 6166
      3 6167
      3 6168
      4 6169
      2 6170
      6 6171
      4 6172
      1 6173
      4 6175
      5 6176
      3 6177
      3 6178
      3 6179
      6 6180
      5 6181
      1 6182
      1 6183
      2 6184
      2 6185
      1 6186
      3 6187
      3 6188
      3 6189
      1 6190
      4 6191
      4 6192
      3 6193
      3 6194
      2 6195
      2 6196
      3 6197
      2 6198
      2 6199
      4 6200
      5 6201
      4 6202
      1 6203
      1 6204
      4 6205
      3 6206
      1 6207
      2 6208
      3 6209
      5 6210
      3 6211
      3 6212
      3 6213
      5 6214
      1 6215
      7 6216
      4 6217
      2 6218
      1 6219
      2 6220
      2 6221
      1 6222
      5 6223
      6 6224
      1 6225
      4 6226
      4 6227
      4 6228
      4 6229
      2 6230
      1 6231
      4 6232
      2 6233
      2 6234
      2 6235
      2 6236
      2 6237
      5 6238
      2 6239
      5 6240
      2 6241
      2 6242
      3 6243
      4 6244
      8 6245
      3 6246
      5 6248
      2 6249
      3 6250
      2 6251
      3 6253
      7 6254
      1 6255
      1 6256
      1 6257
      2 6259
      3 6260
      3 6261
      5 6263
      4 6264
      3 6265
      3 6266
      2 6267
      5 6268
      2 6269
      4 6270
      2 6271
      3 6272
      3 6274
      1 6275
      1 6276
      3 6277
      1 6278
      4 6279
      4 6280
      6 6281
      2 6282
      4 6283
      2 6284
      4 6285
      2 6286
      4 6287
      2 6288
      1 6289
      2 6290
      7 6291
      5 6292
      1 6293
      4 6294
      1 6295
      2 6296
      1 6297
      4 6298
      3 6299
      6 6300
      3 6301
      5 6302
      2 6303
      4 6304
      2 6305
      2 6306
      2 6307
      2 6308
      3 6309
      1 6310
      6 6311
      3 6312
      3 6313
      1 6314
      3 6315
      3 6316
      3 6317
      2 6318
      2 6319
      3 6320
      1 6321
      2 6322
      2 6323
      7 6324
      1 6325
      1 6326
      4 6327
      3 6328
      3 6329
      1 6330
      1 6331
      1 6332
      2 6333
      3 6334
      4 6335
      3 6336
      2 6337
      2 6338
      4 6339
      3 6340
      5 6341
      2 6342
      2 6343
      4 6344
      4 6346
      1 6347
      3 6348
      6 6349
      2 6350
      2 6352
      5 6353
      2 6354
      6 6355
      4 6356
      3 6357
      4 6358
      2 6359
      3 6360
      2 6361
      2 6362
      4 6363
      6 6364
      2 6365
      2 6366
      5 6367
      1 6368
      3 6370
      1 6371
      1 6372
      6 6373
      3 6374
      1 6375
      3 6376
      1 6377
      4 6378
      2 6379
      1 6380
      5 6381
      3 6382
      2 6383
      4 6384
      3 6385
      2 6386
      5 6387
      5 6388
      1 6389
      1 6390
      5 6391
      5 6392
      3 6393
      5 6394
      4 6395
      4 6396
      2 6397
      1 6398
      4 6399
      2 6400
      2 6401
      6 6402
      4 6403
      4 6404
      3 6405
      2 6406
      6 6407
      3 6408
      1 6410
      4 6411
      3 6412
      1 6413
      4 6414
      1 6415
      2 6416
      4 6417
      5 6418
      1 6419
      4 6420
      1 6421
      1 6422
      2 6423
      1 6424
      4 6425
      2 6426
      4 6427
      1 6428
      5 6429
      2 6430
      4 6431
      2 6433
      2 6434
      2 6435
      2 6436
      1 6437
      4 6438
      2 6439
      4 6440
      1 6441
      3 6442
      4 6443
      1 6444
      1 6445
      4 6447
      2 6448
      3 6449
      1 6450
      4 6451
      5 6453
      2 6454
      1 6455
      1 6456
      3 6459
      2 6460
      3 6461
      1 6462
      4 6463
      1 6464
      2 6465
      4 6466
      2 6467
      3 6468
      3 6469
      2 6470
      2 6471
      2 6472
      4 6473
      1 6475
      4 6476
      2 6477
      2 6478
      2 6479
      3 6480
      1 6481
      4 6482
      3 6483
      1 6484
      2 6485
      3 6486
      3 6487
      1 6488
      5 6489
      1 6490
      2 6491
      4 6492
      2 6493
      2 6494
      5 6496
      1 6497
      1 6498
      3 6499
      2 6500
      2 6501
      3 6502
      4 6503
      6 6504
      4 6506
      1 6507
      1 6508
      2 6509
      3 6510
      2 6511
      2 6512
      4 6513
      2 6514
      3 6516
      1 6517
      3 6518
      4 6519
      1 6520
      2 6521
      2 6522
      2 6523
      3 6524
      4 6526
      2 6527
      5 6528
      1 6529
      2 6530
      2 6531
      3 6532
      3 6534
      4 6535
      4 6536
      1 6537
      3 6538
      2 6539
      1 6540
      1 6542
      1 6543
      2 6544
      2 6546
      4 6547
      3 6548
      3 6549
      2 6550
      1 6551
      5 6553
      2 6554
      3 6555
      5 6556
      9 6557
      3 6558
      2 6559
      3 6560
      2 6561
      2 6562
      1 6563
      3 6564
      5 6565
      1 6566
      3 6567
      1 6568
      7 6569
      4 6570
      3 6571
      1 6572
      3 6573
      3 6574
      5 6575
      3 6576
      1 6577
      1 6578
      3 6579
      4 6580
      2 6581
      4 6582
      4 6583
      1 6584
      3 6585
      3 6586
      3 6587
      2 6588
      2 6589
      1 6590
      4 6591
      3 6592
      4 6593
      5 6594
      3 6595
      4 6596
      2 6597
      1 6598
      2 6600
      5 6601
      3 6602
      4 6603
      3 6604
      2 6605
      1 6607
      1 6608
      4 6609
      3 6610
      3 6611
      1 6612
      1 6613
      3 6614
      2 6615
      3 6616
      1 6617
      1 6618
      2 6619
      1 6620
      2 6621
      1 6622
      3 6623
      3 6624
      4 6625
      6 6626
      5 6627
      1 6628
      4 6629
      2 6630
      5 6632
      3 6633
      2 6634
      2 6635
      2 6636
      6 6637
      4 6638
      2 6639
      4 6641
      1 6642
      1 6643
      2 6644
      4 6645
      2 6646
      3 6647
      2 6648
      2 6649
      3 6650
      3 6651
      3 6652
      1 6653
      3 6654
      2 6655
      3 6656
      3 6657
      4 6658
      2 6659
      4 6660
      1 6661
      3 6662
      5 6663
      1 6664
      3 6665
      1 6666
      3 6667
      3 6668
      4 6670
      3 6671
      2 6672
      1 6673
      1 6674
      4 6675
      3 6676
      2 6677
      1 6678
      1 6679
      2 6680
      2 6681
      2 6682
      4 6683
      2 6684
      1 6685
      4 6687
      5 6688
      4 6689
      2 6691
      4 6692
      2 6693
      1 6694
      2 6695
      1 6697
      3 6698
      2 6699
      2 6700
      5 6701
      1 6702
      2 6703
      3 6704
      1 6705
      1 6706
      1 6707
      1 6708
      2 6709
      2 6710
      3 6711
      3 6712
      2 6713
      2 6714
      2 6715
      2 6716
      2 6717
      3 6718
      2 6719
      3 6720
      4 6721
      4 6722
      4 6723
      2 6724
      1 6725
      1 6726
      3 6728
      4 6729
      4 6730
      3 6732
      1 6733
      1 6734
      2 6735
      3 6736
      3 6737
      2 6738
      3 6739
      1 6741
      1 6742
      1 6743
      4 6744
      6 6746
      2 6747
      3 6748
      2 6749
      2 6750
      2 6751
      5 6752
      5 6753
      1 6754
      1 6755
      3 6756
      1 6757
      2 6761
      3 6762
      4 6764
      1 6766
      3 6767
      1 6768
      4 6769
      1 6770
      3 6771
      3 6772
      4 6773
      3 6774
      2 6777
      5 6778
      1 6779
      2 6783
      1 6784
      2 6785
      1 6786
      3 6787
      2 6788
      1 6789
      4 6790
      2 6792
      1 6793
      2 6794
      1 6795
      3 6796
      1 6797
      1 6798
      3 6799
      2 6800
      3 6801
      3 6803
      2 6804
      1 6806
      2 6807
      4 6808
      4 6810
      2 6812
      4 6813
      1 6814
      1 6815
      1 6816
      1 6818
      1 6819
      2 6820
      2 6821
      4 6822
      1 6823
      2 6824
      1 6825
      3 6827
      1 6828
      3 6829
      1 6830
      1 6832
      7 6833
      4 6834
      1 6835
      2 6836
      1 6837
      3 6838
      1 6839
      4 6840
      2 6841
      3 6843
      1 6844
      2 6845
      4 6846
      4 6847
      1 6848
      2 6849
      2 6851
      1 6852
      3 6853
      2 6854
      3 6855
      4 6858
      2 6859
      1 6861
      1 6862
      3 6863
      2 6864
      2 6865
      2 6866
      3 6867
      1 6868
      1 6869
      1 6871
      1 6872
      2 6873
      2 6874
      2 6875
      2 6876
      2 6877
      3 6879
      1 6880
      2 6881
      1 6882
      4 6883
      1 6884
      2 6885
      1 6886
      8 6887
      1 6888
      3 6889
      4 6890
      1 6891
      2 6892
      1 6893
      1 6896
      4 6897
      3 6898
      2 6899
      1 6901
      3 6902
      2 6903
      2 6904
      2 6906
      2 6910
      1 6914
      2 6915
      1 6916
      1 6917
      1 6918
      4 6920
      3 6923
      2 6925
      2 6926
      1 6927
      1 6928
      2 6929
      2 6930
      1 6932
      4 6933
      1 6934
      2 6936
      3 6937
      1 6938
      2 6939
      1 6940
      1 6941
      3 6942
      1 6943
      1 6945
      1 6948
      4 6949
      2 6950
      1 6951
      1 6952
      2 6953
      4 6954
      2 6956
      1 6957
      1 6958
      1 6959
      1 6960
      2 6962
      3 6963
      1 6964
      1 6966
      3 6967
      5 6970
      3 6971
      3 6972
      4 6973
      1 6975
      2 6976
      1 6977
      1 6978
      4 6979
      2 6981
      2 6982
      3 6983
      1 6984
      1 6985
      1 6986
      2 6987
      1 6988
      3 6990
      1 6992
      2 6993
      1 6994
      1 6996
      2 6999
      2 7000
      2 7001
      1 7003
      3 7005
      1 7006
      3 7009
      2 7010
      1 7011
      3 7012
      2 7014
      2 7015
      2 7016
      2 7019
      1 7020
      1 7021
      4 7022
      3 7023
      1 7024
      2 7025
      2 7026
      1 7027
      3 7028
      1 7029
      2 7030
      1 7032
      1 7033
      3 7035
      2 7037
      2 7038
      2 7042
      3 7043
      3 7044
      2 7046
      1 7047
      3 7048
      2 7049
      1 7054
      3 7055
      2 7056
      2 7057
      2 7059
      1 7063
      2 7064
      3 7066
      4 7067
      2 7069
      3 7070
      1 7071
      3 7072
      3 7073
      3 7074
      1 7077
      1 7078
      2 7080
      1 7081
      5 7083
      2 7085
      3 7086
      3 7087
      2 7088
      3 7090
      5 7092
      3 7094
      3 7096
      2 7097
      2 7098
      3 7099
      1 7100
      1 7101
      5 7102
      3 7104
      3 7105
      1 7107
      2 7108
      3 7109
      1 7110
      3 7111
      2 7113
      6 7116
      1 7117
      2 7118
      1 7119
      2 7120
      1 7121
      2 7122
      3 7123
      1 7124
      3 7125
      2 7126
      1 7128
      1 7129
      4 7130
      2 7132
      1 7133
      4 7134
      3 7135
      3 7138
      2 7139
      2 7140
      1 7142
      3 7143
      1 7146
      4 7147
      3 7148
      3 7149
      1 7150
      1 7152
      2 7153
      1 7154
      2 7155
      1 7156
      1 7158
      3 7159
      1 7160
      1 7162
      1 7163
      2 7165
      2 7166
      1 7167
      2 7168
      2 7171
      1 7172
      1 7174
      3 7175
      3 7176
      3 7177
      1 7179
      2 7181
      2 7182
      2 7186
      3 7187
      2 7188
      1 7190
      2 7192
      3 7193
      5 7195
      3 7196
      1 7197
      3 7200
      1 7201
      2 7202
      2 7203
      2 7204
      2 7205
      3 7207
      2 7209
      1 7210
      2 7211
      1 7212
      1 7214
      3 7216
      1 7217
      1 7219
      1 7220
      3 7221
      2 7223
      2 7224
      3 7225
      2 7226
      3 7227
      2 7228
      1 7230
      1 7231
      4 7232
      1 7233
      1 7234
      1 7235
      2 7236
      1 7238
      2 7239
      3 7240
      1 7241
      1 7242
      1 7243
      1 7244
      2 7245
      1 7246
      2 7247
      2 7248
      2 7249
      2 7250
      2 7251
      1 7252
      2 7253
      1 7255
      2 7256
      1 7257
      3 7259
      1 7260
      1 7261
      3 7262
      1 7263
      1 7264
      1 7265
      1 7267
      2 7268
      2 7269
      3 7271
      2 7272
      1 7273
      2 7274
      3 7275
      1 7276
      1 7279
      2 7280
      2 7281
      4 7284
      3 7285
      2 7286
      3 7289
      2 7290
      4 7291
      1 7294
      3 7295
      3 7296
      1 7297
      2 7300
      3 7301
      3 7303
      4 7304
      2 7305
      3 7306
      2 7307
      2 7308
      1 7309
      1 7311
      6 7312
      1 7313
      1 7314
      1 7315
      1 7316
      2 7318
      2 7319
      2 7320
      1 7322
      1 7323
      3 7324
      1 7325
      2 7326
      4 7327
      1 7328
      1 7329
      5 7331
      2 7332
      2 7333
      2 7334
      2 7335
      1 7336
      1 7337
      3 7338
      4 7340
      2 7342
      3 7343
      3 7344
      2 7346
      1 7347
      1 7348
      3 7350
      6 7351
      4 7352
      3 7353
      2 7354
      4 7355
      1 7356
      1 7357
      2 7358
      1 7359
      2 7360
      4 7361
      3 7362
      1 7363
      2 7364
      1 7365
      4 7367
      1 7368
      3 7369
      3 7370
      2 7371
      1 7373
      2 7376
      1 7377
      2 7378
      2 7379
      2 7380
      3 7381
      4 7382
      2 7383
      3 7384
      2 7386
      1 7387
      2 7389
      1 7390
      1 7391
      4 7392
      1 7393
      3 7394
      4 7395
      2 7396
      2 7397
      2 7398
      1 7399
      2 7400
      1 7401
      1 7403
      3 7406
      3 7407
      1 7408
      1 7410
      2 7411
      4 7412
      2 7413
      4 7414
      1 7416
      2 7417
      2 7418
      3 7419
      2 7421
      1 7422
      1 7425
      2 7426
      2 7427
      2 7429
      1 7430
      3 7431
      3 7432
      4 7433
      1 7434
      3 7436
      2 7437
      1 7438
      2 7439
      1 7440
      3 7441
      1 7442
      1 7443
      3 7444
      2 7445
      1 7447
      4 7448
      4 7449
      1 7450
      1 7451
      3 7452
      2 7453
      3 7454
      2 7455
      1 7456
      1 7457
      1 7459
      2 7460
      3 7461
      1 7462
      1 7463
      2 7464
      1 7465
      1 7466
      1 7469
      3 7470
      3 7471
      2 7473
      3 7474
      2 7476
      2 7477
      1 7479
      2 7480
      3 7481
      1 7482
      4 7484
      3 7485
      2 7486
      5 7487
      1 7488
      1 7489
      2 7490
      1 7492
      1 7493
      2 7494
      1 7495
      3 7497
      2 7498
      1 7500
      2 7502
      1 7504
      2 7505
      4 7506
      2 7507
      1 7508
      3 7509
      3 7510
      1 7511
      3 7512
      3 7513
      4 7514
      2 7515
      1 7516
      2 7517
      2 7518
      2 7519
      1 7520
      2 7521
      2 7522
      3 7523
      3 7524
      1 7525
      3 7526
      2 7528
      1 7529
      3 7530
      2 7531
      2 7532
      1 7533
      1 7535
      1 7536
      4 7537
      2 7538
      2 7539
      2 7540
      1 7541
      1 7543
      2 7544
      1 7545
      1 7546
      1 7547
      1 7548
      1 7549
      2 7550
      1 7551
      1 7552
      2 7553
      1 7556
      1 7558
      3 7559
      2 7561
      2 7562
      1 7563
      3 7565
      5 7566
      2 7569
      2 7570
      2 7571
      2 7573
      3 7574
      1 7575
      1 7576
      1 7577
      2 7578
      2 7579
      1 7581
      2 7582
      4 7583
      1 7585
      2 7587
      1 7588
      1 7589
      3 7590
      1 7592
      1 7593
      5 7594
      1 7595
      4 7596
      1 7598
      3 7599
      2 7601
      2 7602
      3 7603
      2 7604
      3 7605
      1 7607
      2 7608
      2 7609
      3 7611
      2 7612
      2 7613
      1 7614
      1 7615
      2 7616
      1 7618
      4 7619
      1 7620
      2 7621
      3 7623
      1 7624
      1 7625
      1 7627
      2 7628
      3 7629
      6 7630
      1 7631
      1 7634
      1 7636
      1 7638
      1 7639
      4 7640
      1 7642
      3 7643
      1 7645
      2 7647
      4 7648
      1 7649
      3 7650
      1 7651
      3 7652
      1 7653
      1 7655
      1 7656
      1 7657
      1 7659
      3 7663
      1 7664
      1 7665
      3 7666
      4 7669
      1 7670
      2 7671
      2 7672
      3 7673
      4 7675
      1 7676
      3 7677
      1 7678
      1 7679
      1 7680
      1 7681
      1 7682
      2 7683
      1 7685
      3 7686
      2 7687
      3 7689
      1 7691
      1 7692
      3 7694
      3 7695
      1 7696
      3 7697
      4 7699
      3 7700
      1 7701
      2 7702
      4 7704
      1 7705
      3 7706
      1 7707
      1 7708
      2 7709
      2 7711
      1 7712
      4 7713
      3 7714
      1 7715
      7 7716
      2 7717
      3 7718
      3 7719
      1 7720
      1 7721
      2 7722
      8 7723
      1 7724
      4 7726
      1 7727
      3 7728
      4 7729
      1 7732
      3 7733
      1 7734
      4 7735
      1 7736
      3 7737
      3 7739
      1 7740
      5 7741
      1 7742
      4 7744
      1 7745
      2 7746
      4 7747
      1 7748
      3 7749
      1 7750
      1 7751
      2 7752
      3 7753
      1 7754
      1 7755
      2 7756
      1 7757
      7 7758
      2 7759
      4 7760
      3 7761
      1 7762
      2 7763
      1 7764
      2 7765
      1 7766
      2 7767
      2 7768
      2 7769
      3 7770
      3 7771
      2 7772
      1 7773
      2 7774
      3 7775
      1 7776
      2 7777
      2 7778
      1 7779
      2 7780
      3 7781
      2 7782
      2 7783
      2 7784
      4 7785
      1 7787
      1 7788
      3 7789
      1 7791
      2 7792
      2 7794
      2 7795
      2 7797
      2 7798
      6 7799
      6 7800
      1 7801
      4 7802
      4 7803
      6 7804
      2 7805
      5 7806
      4 7807
      2 7808
      4 7809
      3 7810
      4 7811
      5 7812
      2 7813
      6 7815
      2 7816
      2 7817
      3 7818
      3 7819
      4 7820
      2 7821
      3 7822
      1 7823
      1 7824
      6 7825
      6 7826
      4 7827
      2 7828
      5 7829
      3 7830
      4 7831
      5 7832
      3 7833
      2 7834
      2 7836
      2 7837
      5 7838
      3 7839
      4 7840
      1 7842
      2 7843
      2 7844
      3 7845
      2 7846
      3 7847
      3 7848
      3 7849
      2 7850
      3 7851
      6 7852
      2 7853
      2 7854
      1 7855
      4 7856
      2 7857
      3 7858
      1 7859
      3 7860
      2 7861
      2 7862
      4 7863
      2 7864
      4 7865
      2 7866
      2 7867
      1 7868
      5 7869
      4 7870
      3 7871
      2 7873
      2 7874
      4 7875
      2 7876
      4 7877
      4 7878
      1 7879
      3 7880
      3 7881
      4 7882
      2 7883
      3 7884
      4 7885
      4 7886
      9 7887
      6 7888
      5 7889
      5 7890
      4 7891
      5 7892
      2 7893
      6 7894
      6 7895
      8 7896
      4 7897
      3 7898
      3 7899
      8 7900
      1 7901
      7 7902
      2 7903
      9 7904
      4 7905
      3 7906
      3 7907
      3 7908
      7 7909
      3 7910
      7 7911
      5 7912
      4 7913
      5 7914
      5 7915
      8 7916
      4 7917
      5 7918
      9 7919
      5 7920
      6 7921
      9 7922
      9 7923
      7 7924
      5 7925
      6 7926
      9 7927
     10 7928
      4 7929
     10 7930
      8 7931
     10 7932
     10 7933
     13 7934
      7 7935
      8 7936
     11 7937
      6 7938
     12 7939
     10 7940
      6 7941
      8 7942
     11 7943
      6 7944
      3 7945
     13 7946
      6 7947
     10 7948
      8 7949
      6 7950
      5 7951
     10 7952
      7 7953
      9 7954
      4 7955
      7 7956
      3 7957
      6 7958
     12 7959
      6 7960
      3 7961
      6 7962
      4 7963
      3 7964
      6 7965
      6 7966
     11 7967
      7 7968
      7 7969
      5 7970
      7 7971
      6 7972
      3 7973
      8 7974
      8 7975
      6 7976
      2 7977
      4 7978
      6 7979
      7 7980
      9 7981
      8 7982
      6 7983
      3 7984
      7 7985
     10 7986
      9 7987
      7 7988
      6 7989
     11 7990
      6 7991
     11 7992
      9 7993
     12 7994
      7 7995
      8 7996
      3 7997
