 239878 0
84100747 1
194552522 2
327877690 3
431589004 4
465869074 5
426651100 6
339840322 7
239843367 8
152399280 9
88371414 10
47467526 11
23976772 12
11622323 13
5596630 14
2806073 15
1549660 16
 976081 17
 690687 18
 535027 19
 431914 20
 359765 21
 305150 22
 265829 23
 235336 24
 209432 25
 189025 26
 168885 27
 153799 28
 138909 29
 126928 30
 114322 31
 103288 32
  94066 33
  86653 34
  78659 35
  71402 36
  65170 37
  58310 38
  53797 39
  49876 40
  47107 41
  43219 42
  41509 43
  38991 44
  36853 45
  34950 46
  33510 47
  32365 48
  30802 49
  29582 50
  28414 51
  27213 52
  26398 53
  25466 54
  24690 55
  23542 56
  22882 57
  22055 58
  21487 59
  20645 60
  20061 61
  19403 62
  18679 63
  18137 64
  17597 65
  16885 66
  16483 67
  16502 68
  16025 69
  15424 70
  14998 71
  14624 72
  14526 73
  14031 74
  13754 75
  13365 76
  12957 77
  12466 78
  12417 79
  12366 80
  12231 81
  11828 82
  11780 83
  11095 84
  10942 85
  10596 86
  10592 87
  10370 88
  10237 89
  10225 90
   9918 91
   9992 92
   9904 93
   9765 94
   9448 95
   9426 96
   9332 97
   9377 98
   9280 99
   8797 100
   8769 101
   8527 102
   8506 103
   8324 104
   8117 105
   8132 106
   8021 107
   8039 108
   7737 109
   7648 110
   7830 111
   7483 112
   7212 113
   7194 114
   7151 115
   7073 116
   6805 117
   6695 118
   6650 119
   6577 120
   6463 121
   6482 122
   6501 123
   6622 124
   6344 125
   6040 126
   6202 127
   5882 128
   5969 129
   5686 130
   5677 131
   5817 132
   5695 133
   5417 134
   5371 135
   5257 136
   5199 137
   5251 138
   4963 139
   5117 140
   5122 141
   5031 142
   4920 143
   5079 144
   4755 145
   4706 146
   4545 147
   4522 148
   4310 149
   4553 150
   4516 151
   4228 152
   4253 153
   4186 154
   4166 155
   4286 156
   4380 157
   4291 158
   4114 159
   4247 160
   4100 161
   3891 162
   3867 163
   3842 164
   3701 165
   3754 166
   3636 167
   3596 168
   3609 169
   3486 170
   3440 171
   3478 172
   3518 173
   3442 174
   3366 175
   3374 176
   3307 177
   3282 178
   3198 179
   3137 180
   3286 181
   3065 182
   3149 183
   3063 184
   3046 185
   3080 186
   2999 187
   3039 188
   2913 189
   2942 190
   2990 191
   2853 192
   2875 193
   2819 194
   2843 195
   2881 196
   2811 197
   2807 198
   2675 199
   2659 200
   2643 201
   2585 202
   2656 203
   2635 204
   2658 205
   2598 206
   2417 207
   2484 208
   2516 209
   2490 210
   2518 211
   2515 212
   2482 213
   2445 214
   2354 215
   2379 216
   2166 217
   2303 218
   2330 219
   2232 220
   2219 221
   2361 222
   2271 223
   2203 224
   2267 225
   2145 226
   2198 227
   2136 228
   2076 229
   2021 230
   2055 231
   2022 232
   2075 233
   2063 234
   2144 235
   2090 236
   2092 237
   2119 238
   2028 239
   1914 240
   1888 241
   2005 242
   1923 243
   1966 244
   1908 245
   1905 246
   1832 247
   1842 248
   1847 249
   1823 250
   1887 251
   1787 252
   1896 253
   1797 254
   1786 255
   1890 256
   1836 257
   1737 258
   1795 259
   1746 260
   1794 261
   1631 262
   1653 263
   1567 264
   1636 265
   1591 266
   1588 267
   1526 268
   1570 269
   1578 270
   1569 271
   1552 272
   1552 273
   1540 274
   1582 275
   1519 276
   1536 277
   1536 278
   1470 279
   1428 280
   1401 281
   1516 282
   1447 283
   1405 284
   1454 285
   1461 286
   1418 287
   1344 288
   1326 289
   1348 290
   1380 291
   1358 292
   1391 293
   1331 294
   1403 295
   1302 296
   1342 297
   1293 298
   1305 299
   1317 300
   1332 301
   1348 302
   1362 303
   1325 304
   1326 305
   1342 306
   1255 307
   1329 308
   1234 309
   1190 310
   1273 311
   1313 312
   1263 313
   1292 314
   1265 315
   1242 316
   1163 317
   1226 318
   1256 319
   1299 320
   1227 321
   1251 322
   1252 323
   1207 324
   1240 325
   1284 326
   1318 327
   1207 328
   1323 329
   1259 330
   1295 331
   1319 332
   1304 333
   1307 334
   1273 335
   1229 336
   1198 337
   1233 338
   1261 339
   1200 340
   1218 341
   1217 342
   1265 343
   1257 344
   1250 345
   1195 346
   1223 347
   1176 348
   1281 349
   1237 350
   1278 351
   1298 352
   1272 353
   1311 354
   1281 355
   1273 356
   1285 357
   1239 358
   1261 359
   1347 360
   1348 361
   1265 362
   1260 363
   1390 364
   1331 365
   1285 366
   1356 367
   1445 368
   1351 369
   1442 370
   1407 371
   1416 372
   1494 373
   1458 374
   1484 375
   1552 376
   1562 377
   1590 378
   1612 379
   1639 380
   1648 381
   1673 382
   1663 383
   1650 384
   1763 385
   1742 386
   1697 387
   1731 388
   1673 389
   1730 390
   1729 391
   1831 392
   1822 393
   1781 394
   1893 395
   1884 396
   1956 397
   1996 398
   2013 399
   2040 400
   2032 401
   2148 402
   2116 403
   2191 404
   2192 405
   2143 406
   2105 407
   2125 408
   2256 409
   2203 410
   2268 411
   2296 412
   2329 413
   2340 414
   2455 415
   2302 416
   2313 417
   2329 418
   2329 419
   2298 420
   2432 421
   2241 422
   2284 423
   2292 424
   2161 425
   2102 426
   2041 427
   2005 428
   1976 429
   2024 430
   2082 431
   1926 432
   1921 433
   1938 434
   1874 435
   1931 436
   1811 437
   1897 438
   1888 439
   1851 440
   1845 441
   1875 442
   1842 443
   1757 444
   1859 445
   1714 446
   1656 447
   1690 448
   1627 449
   1684 450
   1631 451
   1634 452
   1543 453
   1602 454
   1575 455
   1502 456
   1433 457
   1434 458
   1443 459
   1380 460
   1382 461
   1311 462
   1292 463
   1240 464
   1400 465
   1276 466
   1282 467
   1231 468
   1242 469
   1207 470
   1230 471
   1272 472
   1192 473
   1245 474
   1162 475
   1157 476
   1217 477
   1189 478
   1182 479
   1161 480
   1095 481
   1124 482
   1208 483
   1090 484
   1110 485
   1031 486
    991 487
    998 488
    961 489
    970 490
    981 491
    954 492
    962 493
    947 494
    898 495
    921 496
    888 497
    929 498
    908 499
    885 500
    856 501
    848 502
    892 503
    859 504
    816 505
    773 506
    764 507
    785 508
    813 509
    780 510
    728 511
    794 512
    733 513
    736 514
    695 515
    754 516
    732 517
    646 518
    681 519
    637 520
    705 521
    698 522
    690 523
    642 524
    680 525
    662 526
    633 527
    623 528
    633 529
    591 530
    599 531
    604 532
    578 533
    576 534
    660 535
    627 536
    589 537
    564 538
    584 539
    587 540
    540 541
    599 542
    546 543
    533 544
    527 545
    510 546
    461 547
    520 548
    534 549
    529 550
    513 551
    530 552
    516 553
    508 554
    507 555
    532 556
    536 557
    487 558
    490 559
    445 560
    472 561
    488 562
    486 563
    500 564
    479 565
    454 566
    528 567
    486 568
    494 569
    452 570
    468 571
    494 572
    513 573
    457 574
    473 575
    464 576
    442 577
    437 578
    446 579
    487 580
    439 581
    437 582
    424 583
    490 584
    465 585
    433 586
    452 587
    443 588
    461 589
    449 590
    451 591
    405 592
    396 593
    442 594
    462 595
    474 596
    477 597
    467 598
    444 599
    468 600
    424 601
    451 602
    424 603
    396 604
    392 605
    438 606
    413 607
    400 608
    397 609
    424 610
    434 611
    442 612
    410 613
    407 614
    423 615
    418 616
    434 617
    408 618
    385 619
    438 620
    394 621
    404 622
    400 623
    380 624
    367 625
    388 626
    400 627
    439 628
    363 629
    376 630
    356 631
    381 632
    375 633
    348 634
    385 635
    362 636
    394 637
    377 638
    385 639
    368 640
    370 641
    376 642
    368 643
    384 644
    324 645
    399 646
    387 647
    342 648
    367 649
    405 650
    397 651
    372 652
    371 653
    390 654
    383 655
    382 656
    427 657
    425 658
    379 659
    420 660
    412 661
    367 662
    390 663
    394 664
    400 665
    375 666
    394 667
    412 668
    397 669
    417 670
    410 671
    394 672
    379 673
    392 674
    368 675
    390 676
    362 677
    377 678
    377 679
    361 680
    376 681
    382 682
    343 683
    391 684
    399 685
    397 686
    404 687
    361 688
    356 689
    399 690
    363 691
    392 692
    367 693
    379 694
    357 695
    371 696
    358 697
    348 698
    384 699
    350 700
    374 701
    381 702
    377 703
    341 704
    370 705
    344 706
    331 707
    332 708
    365 709
    352 710
    353 711
    364 712
    390 713
    344 714
    378 715
    328 716
    307 717
    340 718
    299 719
    367 720
    291 721
    322 722
    330 723
    335 724
    357 725
    304 726
    335 727
    313 728
    349 729
    329 730
    348 731
    332 732
    321 733
    376 734
    340 735
    337 736
    308 737
    299 738
    320 739
    302 740
    330 741
    336 742
    305 743
    301 744
    277 745
    296 746
    343 747
    320 748
    272 749
    285 750
    301 751
    289 752
    255 753
    303 754
    306 755
    291 756
    274 757
    285 758
    305 759
    313 760
    284 761
    322 762
    269 763
    274 764
    280 765
    280 766
    300 767
    310 768
    297 769
    261 770
    282 771
    272 772
    288 773
    249 774
    247 775
    290 776
    269 777
    267 778
    270 779
    260 780
    252 781
    230 782
    260 783
    281 784
    245 785
    265 786
    263 787
    282 788
    276 789
    266 790
    257 791
    271 792
    275 793
    272 794
    258 795
    255 796
    266 797
    248 798
    275 799
    247 800
    266 801
    238 802
    257 803
    266 804
    257 805
    246 806
    234 807
    254 808
    249 809
    256 810
    267 811
    261 812
    231 813
    235 814
    245 815
    237 816
    233 817
    211 818
    231 819
    230 820
    218 821
    234 822
    239 823
    215 824
    226 825
    235 826
    239 827
    237 828
    255 829
    254 830
    225 831
    220 832
    245 833
    217 834
    223 835
    231 836
    226 837
    227 838
    240 839
    219 840
    191 841
    227 842
    248 843
    256 844
    229 845
    241 846
    225 847
    234 848
    225 849
    248 850
    210 851
    217 852
    191 853
    196 854
    226 855
    225 856
    215 857
    208 858
    232 859
    217 860
    217 861
    241 862
    208 863
    201 864
    264 865
    212 866
    198 867
    228 868
    229 869
    223 870
    211 871
    220 872
    233 873
    220 874
    199 875
    205 876
    210 877
    221 878
    223 879
    232 880
    213 881
    216 882
    207 883
    206 884
    214 885
    233 886
    207 887
    219 888
    230 889
    205 890
    196 891
    229 892
    229 893
    188 894
    203 895
    234 896
    222 897
    224 898
    197 899
    220 900
    177 901
    217 902
    207 903
    231 904
    225 905
    218 906
    196 907
    197 908
    197 909
    217 910
    207 911
    220 912
    189 913
    217 914
    211 915
    225 916
    205 917
    211 918
    214 919
    191 920
    233 921
    216 922
    230 923
    237 924
    217 925
    239 926
    220 927
    191 928
    203 929
    205 930
    226 931
    226 932
    252 933
    222 934
    233 935
    223 936
    228 937
    211 938
    205 939
    233 940
    216 941
    207 942
    225 943
    221 944
    221 945
    229 946
    214 947
    223 948
    185 949
    203 950
    209 951
    224 952
    245 953
    251 954
    213 955
    232 956
    241 957
    215 958
    233 959
    199 960
    205 961
    225 962
    203 963
    194 964
    200 965
    229 966
    193 967
    213 968
    215 969
    221 970
    203 971
    206 972
    208 973
    204 974
    182 975
    193 976
    194 977
    173 978
    198 979
    207 980
    170 981
    213 982
    188 983
    199 984
    184 985
    183 986
    194 987
    173 988
    194 989
    187 990
    181 991
    212 992
    184 993
    197 994
    178 995
    179 996
    190 997
    186 998
    191 999
    198 1000
    198 1001
    185 1002
    184 1003
    195 1004
    203 1005
    184 1006
    190 1007
    171 1008
    189 1009
    186 1010
    188 1011
    192 1012
    193 1013
    189 1014
    197 1015
    192 1016
    189 1017
    182 1018
    181 1019
    191 1020
    173 1021
    159 1022
    168 1023
    163 1024
    171 1025
    188 1026
    153 1027
    184 1028
    182 1029
    164 1030
    161 1031
    169 1032
    140 1033
    180 1034
    154 1035
    183 1036
    190 1037
    159 1038
    153 1039
    154 1040
    171 1041
    167 1042
    179 1043
    176 1044
    169 1045
    170 1046
    174 1047
    184 1048
    169 1049
    168 1050
    160 1051
    168 1052
    175 1053
    159 1054
    179 1055
    199 1056
    155 1057
    177 1058
    158 1059
    164 1060
    155 1061
    153 1062
    188 1063
    166 1064
    167 1065
    173 1066
    168 1067
    169 1068
    152 1069
    157 1070
    178 1071
    168 1072
    179 1073
    158 1074
    171 1075
    170 1076
    160 1077
    179 1078
    173 1079
    170 1080
    170 1081
    157 1082
    157 1083
    207 1084
    151 1085
    179 1086
    151 1087
    164 1088
    181 1089
    159 1090
    154 1091
    184 1092
    150 1093
    159 1094
    142 1095
    158 1096
    173 1097
    150 1098
    163 1099
    158 1100
    143 1101
    157 1102
    168 1103
    164 1104
    170 1105
    133 1106
    173 1107
    157 1108
    173 1109
    191 1110
    190 1111
    154 1112
    166 1113
    191 1114
    148 1115
    164 1116
    210 1117
    139 1118
    180 1119
    174 1120
    175 1121
    159 1122
    154 1123
    166 1124
    178 1125
    168 1126
    165 1127
    171 1128
    177 1129
    151 1130
    146 1131
    177 1132
    146 1133
    180 1134
    148 1135
    190 1136
    158 1137
    178 1138
    165 1139
    156 1140
    178 1141
    182 1142
    151 1143
    141 1144
    175 1145
    164 1146
    150 1147
    161 1148
    152 1149
    146 1150
    159 1151
    156 1152
    157 1153
    143 1154
    178 1155
    167 1156
    156 1157
    174 1158
    162 1159
    185 1160
    177 1161
    163 1162
    138 1163
    156 1164
    161 1165
    155 1166
    161 1167
    164 1168
    172 1169
    201 1170
    171 1171
    171 1172
    175 1173
    166 1174
    175 1175
    190 1176
    175 1177
    191 1178
    184 1179
    160 1180
    186 1181
    181 1182
    167 1183
    167 1184
    168 1185
    164 1186
    152 1187
    168 1188
    163 1189
    166 1190
    169 1191
    168 1192
    183 1193
    199 1194
    198 1195
    178 1196
    182 1197
    169 1198
    162 1199
    197 1200
    165 1201
    141 1202
    202 1203
    164 1204
    156 1205
    183 1206
    165 1207
    172 1208
    166 1209
    201 1210
    143 1211
    162 1212
    187 1213
    184 1214
    162 1215
    174 1216
    198 1217
    183 1218
    177 1219
    172 1220
    170 1221
    181 1222
    168 1223
    174 1224
    184 1225
    132 1226
    177 1227
    185 1228
    161 1229
    182 1230
    186 1231
    165 1232
    153 1233
    179 1234
    167 1235
    168 1236
    169 1237
    158 1238
    175 1239
    160 1240
    175 1241
    181 1242
    158 1243
    189 1244
    175 1245
    188 1246
    188 1247
    170 1248
    186 1249
    192 1250
    203 1251
    182 1252
    184 1253
    193 1254
    184 1255
    145 1256
    188 1257
    169 1258
    173 1259
    195 1260
    182 1261
    167 1262
    175 1263
    191 1264
    195 1265
    182 1266
    187 1267
    201 1268
    173 1269
    193 1270
    175 1271
    180 1272
    174 1273
    179 1274
    164 1275
    181 1276
    170 1277
    176 1278
    204 1279
    165 1280
    182 1281
    192 1282
    185 1283
    179 1284
    195 1285
    194 1286
    173 1287
    168 1288
    184 1289
    185 1290
    182 1291
    199 1292
    197 1293
    195 1294
    212 1295
    208 1296
    190 1297
    162 1298
    161 1299
    203 1300
    186 1301
    176 1302
    158 1303
    164 1304
    152 1305
    157 1306
    167 1307
    172 1308
    169 1309
    161 1310
    149 1311
    175 1312
    160 1313
    153 1314
    156 1315
    156 1316
    166 1317
    167 1318
    167 1319
    180 1320
    173 1321
    161 1322
    181 1323
    160 1324
    179 1325
    180 1326
    180 1327
    180 1328
    161 1329
    162 1330
    163 1331
    177 1332
    167 1333
    179 1334
    180 1335
    185 1336
    170 1337
    161 1338
    183 1339
    171 1340
    170 1341
    157 1342
    208 1343
    186 1344
    200 1345
    215 1346
    204 1347
    173 1348
    174 1349
    206 1350
    163 1351
    174 1352
    208 1353
    169 1354
    165 1355
    177 1356
    180 1357
    198 1358
    178 1359
    167 1360
    158 1361
    162 1362
    183 1363
    193 1364
    170 1365
    188 1366
    177 1367
    190 1368
    158 1369
    187 1370
    159 1371
    159 1372
    153 1373
    157 1374
    138 1375
    151 1376
    155 1377
    147 1378
    142 1379
    131 1380
    153 1381
    144 1382
    143 1383
    145 1384
    144 1385
    134 1386
    149 1387
    158 1388
    163 1389
    189 1390
    154 1391
    141 1392
    157 1393
    138 1394
    149 1395
    137 1396
    144 1397
    136 1398
    136 1399
    154 1400
    148 1401
    139 1402
    138 1403
    108 1404
    139 1405
    120 1406
    111 1407
    124 1408
    111 1409
    129 1410
    119 1411
     96 1412
    109 1413
    105 1414
    103 1415
    113 1416
    113 1417
    113 1418
    110 1419
    109 1420
    114 1421
     98 1422
    113 1423
    123 1424
    104 1425
    119 1426
    117 1427
    111 1428
    101 1429
    132 1430
    104 1431
    110 1432
    114 1433
    114 1434
    114 1435
    124 1436
    109 1437
    105 1438
    127 1439
    103 1440
     88 1441
    102 1442
    126 1443
    119 1444
    115 1445
    108 1446
    101 1447
    109 1448
     97 1449
    110 1450
    119 1451
    104 1452
    119 1453
    128 1454
    119 1455
     93 1456
    117 1457
    108 1458
     98 1459
     97 1460
    113 1461
    114 1462
    109 1463
    107 1464
     93 1465
    112 1466
     88 1467
    110 1468
    100 1469
    111 1470
    108 1471
     95 1472
    133 1473
    108 1474
     94 1475
    110 1476
    118 1477
     95 1478
    112 1479
     96 1480
    121 1481
    120 1482
     76 1483
    117 1484
     95 1485
    114 1486
     96 1487
    111 1488
    117 1489
     99 1490
    108 1491
    109 1492
    110 1493
     97 1494
    103 1495
    101 1496
    112 1497
    115 1498
     83 1499
    105 1500
     94 1501
    105 1502
    130 1503
     93 1504
     82 1505
     88 1506
     94 1507
     91 1508
     86 1509
     85 1510
    100 1511
     95 1512
    100 1513
     94 1514
     85 1515
     84 1516
     99 1517
     78 1518
     89 1519
     90 1520
     86 1521
    107 1522
    110 1523
    104 1524
     82 1525
     93 1526
     72 1527
     84 1528
     90 1529
     85 1530
    100 1531
     97 1532
    104 1533
     78 1534
     85 1535
     77 1536
     90 1537
     87 1538
     70 1539
     93 1540
     86 1541
    101 1542
    101 1543
     85 1544
    100 1545
     74 1546
     73 1547
     86 1548
     87 1549
     87 1550
     92 1551
     74 1552
     93 1553
     78 1554
     76 1555
     80 1556
     75 1557
     80 1558
     91 1559
     84 1560
     71 1561
    100 1562
     78 1563
     81 1564
     91 1565
     87 1566
     76 1567
     92 1568
     91 1569
     89 1570
     96 1571
     91 1572
     95 1573
     94 1574
    105 1575
     82 1576
     85 1577
     71 1578
     86 1579
     95 1580
     79 1581
     80 1582
     92 1583
     96 1584
     99 1585
     98 1586
    102 1587
    114 1588
     95 1589
    100 1590
     87 1591
     91 1592
     85 1593
     83 1594
    105 1595
    109 1596
     79 1597
     87 1598
     88 1599
     94 1600
     90 1601
    100 1602
    104 1603
     98 1604
    102 1605
     93 1606
     91 1607
     94 1608
     77 1609
     83 1610
     91 1611
     86 1612
     68 1613
     90 1614
     94 1615
     97 1616
     92 1617
     99 1618
     97 1619
     96 1620
    108 1621
    103 1622
     86 1623
     89 1624
    102 1625
     84 1626
    108 1627
     90 1628
     76 1629
    108 1630
    103 1631
    107 1632
     76 1633
     90 1634
    102 1635
    105 1636
     96 1637
     91 1638
    115 1639
    107 1640
    104 1641
    102 1642
     95 1643
    101 1644
     88 1645
     81 1646
    101 1647
     89 1648
     91 1649
     98 1650
    102 1651
     96 1652
    100 1653
     93 1654
     94 1655
     93 1656
     89 1657
     99 1658
     96 1659
    113 1660
     90 1661
     84 1662
     88 1663
    107 1664
     92 1665
     87 1666
     77 1667
     82 1668
     99 1669
    101 1670
     96 1671
     94 1672
     89 1673
    101 1674
     94 1675
     80 1676
     99 1677
    104 1678
    102 1679
    116 1680
     90 1681
    100 1682
    109 1683
    103 1684
     99 1685
     91 1686
    101 1687
    104 1688
     99 1689
    123 1690
    121 1691
     94 1692
     93 1693
    113 1694
     99 1695
    110 1696
     98 1697
     96 1698
    100 1699
     93 1700
     84 1701
     95 1702
    101 1703
     83 1704
    112 1705
     90 1706
     99 1707
    108 1708
    112 1709
     86 1710
     92 1711
    126 1712
     92 1713
    130 1714
    114 1715
    128 1716
    124 1717
    109 1718
    127 1719
    111 1720
    107 1721
    119 1722
    100 1723
    109 1724
    125 1725
    131 1726
    115 1727
    125 1728
    113 1729
    117 1730
    123 1731
     91 1732
    123 1733
    127 1734
    114 1735
    113 1736
    110 1737
    118 1738
    113 1739
    129 1740
    132 1741
    135 1742
    120 1743
    108 1744
    129 1745
    129 1746
    116 1747
    124 1748
    102 1749
    101 1750
    109 1751
    106 1752
    123 1753
    115 1754
    128 1755
    141 1756
    123 1757
    128 1758
    113 1759
    107 1760
    131 1761
    112 1762
    134 1763
    140 1764
    131 1765
    131 1766
    125 1767
    123 1768
    117 1769
    124 1770
    117 1771
    119 1772
     99 1773
    108 1774
    133 1775
    115 1776
    126 1777
    130 1778
    116 1779
    121 1780
    119 1781
    116 1782
    125 1783
    120 1784
    136 1785
    127 1786
    137 1787
    114 1788
    112 1789
    118 1790
    115 1791
    131 1792
    129 1793
    141 1794
    111 1795
    124 1796
    128 1797
    148 1798
    125 1799
    108 1800
    105 1801
    126 1802
    138 1803
    109 1804
    105 1805
    122 1806
    135 1807
    108 1808
    126 1809
    101 1810
    124 1811
    125 1812
    118 1813
    132 1814
    117 1815
    102 1816
    118 1817
     99 1818
    133 1819
    128 1820
    123 1821
     93 1822
    112 1823
    116 1824
    104 1825
    124 1826
    113 1827
    130 1828
    111 1829
    102 1830
    105 1831
    125 1832
    114 1833
    102 1834
    127 1835
    122 1836
    100 1837
    129 1838
    114 1839
    102 1840
    115 1841
     93 1842
    111 1843
    103 1844
     99 1845
    120 1846
     99 1847
    104 1848
     94 1849
    106 1850
    100 1851
    106 1852
    111 1853
    101 1854
    109 1855
     97 1856
     93 1857
     95 1858
    110 1859
     96 1860
     99 1861
     91 1862
     96 1863
    101 1864
     85 1865
     93 1866
     90 1867
    103 1868
     77 1869
    100 1870
     88 1871
     92 1872
    103 1873
     92 1874
    103 1875
     81 1876
     75 1877
     84 1878
     95 1879
     89 1880
     85 1881
     78 1882
     74 1883
     75 1884
     79 1885
     89 1886
     66 1887
     87 1888
     85 1889
     62 1890
     72 1891
     71 1892
     95 1893
     78 1894
     72 1895
     70 1896
     73 1897
     72 1898
     79 1899
     75 1900
     75 1901
     74 1902
     82 1903
     72 1904
     69 1905
     79 1906
     55 1907
     69 1908
     72 1909
     70 1910
     69 1911
     75 1912
     56 1913
     64 1914
     51 1915
     61 1916
     56 1917
     67 1918
     68 1919
     67 1920
     67 1921
     63 1922
     75 1923
     66 1924
     71 1925
     61 1926
     66 1927
     58 1928
     80 1929
     61 1930
     79 1931
     58 1932
     76 1933
     74 1934
     59 1935
     67 1936
     69 1937
     64 1938
     60 1939
     79 1940
     73 1941
     63 1942
     64 1943
     74 1944
     47 1945
     47 1946
     67 1947
     62 1948
     62 1949
     40 1950
     69 1951
     60 1952
     50 1953
     71 1954
     50 1955
     51 1956
     56 1957
     54 1958
     46 1959
     58 1960
     61 1961
     62 1962
     61 1963
     53 1964
     80 1965
     58 1966
     65 1967
     46 1968
     46 1969
     54 1970
     66 1971
     52 1972
     64 1973
     57 1974
     55 1975
     67 1976
     63 1977
     46 1978
     48 1979
     56 1980
     53 1981
     58 1982
     50 1983
     45 1984
     41 1985
     60 1986
     41 1987
     54 1988
     50 1989
     53 1990
     64 1991
     45 1992
     42 1993
     56 1994
     65 1995
     54 1996
     52 1997
     58 1998
     59 1999
     55 2000
     49 2001
     41 2002
     43 2003
     53 2004
     46 2005
     55 2006
     54 2007
     48 2008
     49 2009
     47 2010
     46 2011
     46 2012
     60 2013
     67 2014
     49 2015
     41 2016
     50 2017
     46 2018
     38 2019
     40 2020
     45 2021
     42 2022
     40 2023
     40 2024
     48 2025
     43 2026
     41 2027
     40 2028
     31 2029
     39 2030
     48 2031
     49 2032
     43 2033
     50 2034
     44 2035
     32 2036
     50 2037
     44 2038
     41 2039
     54 2040
     41 2041
     44 2042
     43 2043
     45 2044
     44 2045
     47 2046
     51 2047
     49 2048
     62 2049
     37 2050
     39 2051
     40 2052
     56 2053
     38 2054
     59 2055
     42 2056
     41 2057
     38 2058
     41 2059
     40 2060
     33 2061
     45 2062
     53 2063
     42 2064
     32 2065
     36 2066
     56 2067
     40 2068
     32 2069
     46 2070
     49 2071
     44 2072
     43 2073
     44 2074
     42 2075
     50 2076
     49 2077
     36 2078
     39 2079
     51 2080
     39 2081
     42 2082
     43 2083
     51 2084
     35 2085
     33 2086
     50 2087
     36 2088
     37 2089
     43 2090
     40 2091
     33 2092
     44 2093
     41 2094
     49 2095
     42 2096
     27 2097
     26 2098
     33 2099
     37 2100
     52 2101
     36 2102
     37 2103
     46 2104
     27 2105
     40 2106
     59 2107
     35 2108
     41 2109
     26 2110
     31 2111
     30 2112
     39 2113
     28 2114
     31 2115
     39 2116
     43 2117
     40 2118
     40 2119
     42 2120
     42 2121
     46 2122
     34 2123
     37 2124
     38 2125
     47 2126
     47 2127
     45 2128
     44 2129
     42 2130
     29 2131
     47 2132
     49 2133
     38 2134
     46 2135
     50 2136
     44 2137
     34 2138
     39 2139
     39 2140
     44 2141
     30 2142
     43 2143
     45 2144
     48 2145
     44 2146
     54 2147
     43 2148
     33 2149
     44 2150
     32 2151
     37 2152
     37 2153
     50 2154
     58 2155
     40 2156
     48 2157
     43 2158
     36 2159
     39 2160
     52 2161
     41 2162
     45 2163
     42 2164
     48 2165
     38 2166
     43 2167
     43 2168
     42 2169
     37 2170
     37 2171
     38 2172
     34 2173
     29 2174
     33 2175
     40 2176
     33 2177
     34 2178
     39 2179
     38 2180
     41 2181
     47 2182
     43 2183
     46 2184
     40 2185
     48 2186
     42 2187
     35 2188
     35 2189
     27 2190
     43 2191
     32 2192
     51 2193
     45 2194
     37 2195
     28 2196
     37 2197
     49 2198
     30 2199
     38 2200
     45 2201
     46 2202
     37 2203
     40 2204
     37 2205
     38 2206
     30 2207
     37 2208
     42 2209
     34 2210
     41 2211
     30 2212
     47 2213
     36 2214
     41 2215
     41 2216
     36 2217
     32 2218
     35 2219
     37 2220
     42 2221
     47 2222
     37 2223
     43 2224
     37 2225
     27 2226
     38 2227
     26 2228
     47 2229
     33 2230
     30 2231
     33 2232
     31 2233
     33 2234
     40 2235
     29 2236
     30 2237
     39 2238
     43 2239
     35 2240
     45 2241
     25 2242
     33 2243
     37 2244
     33 2245
     47 2246
     39 2247
     36 2248
     33 2249
     33 2250
     31 2251
     38 2252
     25 2253
     26 2254
     35 2255
     35 2256
     38 2257
     30 2258
     35 2259
     36 2260
     35 2261
     38 2262
     32 2263
     37 2264
     36 2265
     38 2266
     37 2267
     29 2268
     31 2269
     33 2270
     39 2271
     32 2272
     35 2273
     39 2274
     30 2275
     42 2276
     43 2277
     34 2278
     37 2279
     32 2280
     22 2281
     28 2282
     37 2283
     39 2284
     37 2285
     38 2286
     24 2287
     32 2288
     28 2289
     38 2290
     31 2291
     32 2292
     35 2293
     36 2294
     31 2295
     36 2296
     31 2297
     36 2298
     39 2299
     28 2300
     35 2301
     28 2302
     33 2303
     33 2304
     29 2305
     26 2306
     36 2307
     33 2308
     29 2309
     37 2310
     37 2311
     29 2312
     31 2313
     37 2314
     34 2315
     27 2316
     26 2317
     36 2318
     41 2319
     38 2320
     41 2321
     43 2322
     37 2323
     26 2324
     30 2325
     34 2326
     25 2327
     28 2328
     27 2329
     49 2330
     30 2331
     37 2332
     26 2333
     35 2334
     33 2335
     29 2336
     32 2337
     26 2338
     35 2339
     34 2340
     29 2341
     42 2342
     35 2343
     31 2344
     35 2345
     33 2346
     27 2347
     35 2348
     31 2349
     45 2350
     39 2351
     35 2352
     30 2353
     44 2354
     22 2355
     28 2356
     20 2357
     33 2358
     28 2359
     40 2360
     25 2361
     33 2362
     30 2363
     31 2364
     35 2365
     26 2366
     35 2367
     34 2368
     38 2369
     38 2370
     43 2371
     24 2372
     32 2373
     28 2374
     26 2375
     32 2376
     34 2377
     40 2378
     35 2379
     35 2380
     38 2381
     36 2382
     33 2383
     30 2384
     39 2385
     38 2386
     31 2387
     28 2388
     33 2389
     28 2390
     40 2391
     34 2392
     43 2393
     24 2394
     31 2395
     32 2396
     26 2397
     37 2398
     29 2399
     26 2400
     25 2401
     36 2402
     30 2403
     29 2404
     31 2405
     35 2406
     30 2407
     20 2408
     24 2409
     24 2410
     32 2411
     31 2412
     24 2413
     26 2414
     37 2415
     35 2416
     32 2417
     31 2418
     37 2419
     23 2420
     29 2421
     30 2422
     38 2423
     32 2424
     35 2425
     20 2426
     28 2427
     26 2428
     24 2429
     24 2430
     24 2431
     28 2432
     26 2433
     31 2434
     25 2435
     31 2436
     27 2437
     36 2438
     28 2439
     29 2440
     10 2441
     29 2442
     29 2443
     26 2444
     29 2445
     32 2446
     25 2447
     28 2448
     39 2449
     29 2450
     32 2451
     18 2452
     21 2453
     26 2454
     24 2455
     28 2456
     23 2457
     34 2458
     30 2459
     30 2460
     25 2461
     22 2462
     21 2463
     24 2464
     34 2465
     24 2466
     16 2467
     21 2468
     28 2469
     30 2470
     20 2471
     18 2472
     21 2473
     20 2474
     31 2475
     27 2476
     29 2477
     23 2478
     28 2479
     38 2480
     21 2481
     21 2482
     32 2483
     20 2484
     24 2485
     15 2486
     21 2487
     27 2488
     24 2489
     25 2490
     26 2491
     27 2492
     29 2493
     26 2494
     26 2495
     25 2496
     27 2497
     16 2498
     20 2499
     28 2500
     19 2501
     24 2502
     25 2503
     14 2504
     24 2505
     22 2506
     25 2507
     25 2508
     17 2509
     24 2510
     30 2511
     21 2512
     25 2513
     26 2514
     16 2515
     16 2516
     24 2517
     20 2518
     24 2519
     20 2520
     16 2521
     20 2522
     23 2523
     32 2524
     25 2525
     17 2526
     23 2527
     17 2528
     16 2529
     20 2530
     27 2531
     30 2532
     17 2533
     26 2534
     25 2535
     19 2536
     22 2537
     19 2538
     20 2539
     19 2540
     26 2541
     23 2542
     16 2543
     29 2544
     29 2545
     22 2546
     24 2547
     23 2548
     19 2549
     17 2550
     23 2551
     22 2552
     24 2553
     36 2554
     17 2555
     22 2556
     20 2557
     29 2558
     28 2559
     25 2560
     18 2561
     19 2562
     15 2563
     22 2564
     19 2565
     24 2566
     21 2567
     13 2568
     25 2569
     16 2570
     25 2571
     24 2572
     21 2573
     20 2574
     32 2575
     21 2576
     17 2577
     22 2578
     21 2579
     24 2580
     26 2581
     32 2582
     33 2583
     17 2584
     18 2585
     18 2586
     29 2587
     28 2588
     24 2589
     23 2590
     25 2591
     27 2592
     19 2593
     22 2594
     29 2595
     37 2596
     25 2597
     22 2598
     27 2599
     26 2600
     20 2601
     21 2602
     23 2603
     27 2604
     29 2605
     20 2606
     16 2607
     28 2608
     25 2609
     21 2610
     31 2611
     22 2612
     28 2613
     22 2614
     24 2615
     21 2616
     28 2617
     20 2618
     25 2619
     29 2620
     16 2621
     26 2622
     23 2623
     24 2624
     22 2625
     21 2626
     17 2627
     23 2628
     21 2629
     30 2630
     13 2631
     17 2632
     25 2633
     25 2634
     24 2635
     25 2636
     19 2637
     20 2638
     16 2639
     18 2640
     34 2641
     18 2642
     27 2643
     19 2644
     16 2645
     18 2646
     21 2647
     25 2648
     22 2649
     24 2650
     25 2651
     21 2652
     20 2653
     11 2654
     24 2655
     17 2656
     19 2657
     19 2658
     18 2659
     20 2660
     22 2661
     11 2662
     21 2663
     20 2664
     20 2665
     17 2666
     24 2667
     17 2668
     19 2669
     17 2670
     26 2671
     19 2672
     18 2673
     12 2674
     16 2675
     21 2676
     16 2677
     13 2678
     15 2679
     16 2680
     19 2681
     13 2682
     21 2683
     16 2684
     23 2685
     19 2686
     27 2687
     14 2688
     22 2689
     22 2690
     16 2691
     18 2692
     15 2693
     16 2694
     25 2695
     19 2696
     16 2697
     22 2698
     18 2699
     24 2700
     11 2701
     13 2702
     20 2703
     19 2704
     13 2705
     16 2706
     13 2707
     24 2708
     16 2709
     15 2710
     14 2711
     18 2712
     14 2713
     19 2714
     30 2715
     20 2716
     19 2717
     12 2718
     18 2719
     23 2720
     19 2721
     19 2722
     26 2723
     17 2724
     25 2725
     12 2726
     18 2727
     25 2728
     18 2729
     28 2730
     16 2731
     17 2732
     13 2733
     15 2734
     16 2735
     16 2736
     15 2737
     24 2738
     12 2739
     20 2740
     27 2741
     24 2742
     19 2743
     13 2744
     18 2745
     20 2746
     17 2747
     20 2748
     17 2749
     14 2750
     20 2751
     18 2752
     15 2753
     20 2754
     26 2755
     20 2756
     15 2757
     22 2758
     16 2759
     21 2760
     15 2761
     17 2762
     27 2763
     18 2764
     20 2765
     17 2766
     27 2767
     19 2768
     16 2769
     21 2770
     15 2771
     15 2772
     12 2773
     22 2774
     22 2775
     13 2776
     19 2777
     23 2778
     17 2779
     17 2780
     13 2781
     23 2782
     10 2783
     24 2784
     13 2785
     19 2786
     18 2787
     19 2788
     17 2789
     22 2790
     17 2791
     17 2792
     17 2793
     17 2794
     17 2795
     23 2796
     13 2797
     16 2798
     13 2799
     11 2800
     17 2801
     15 2802
     12 2803
     22 2804
     17 2805
     15 2806
      9 2807
     16 2808
     15 2809
     17 2810
     17 2811
     16 2812
     18 2813
     16 2814
     20 2815
     17 2816
     18 2817
     20 2818
     19 2819
     15 2820
     17 2821
     12 2822
     20 2823
     16 2824
     30 2825
     11 2826
     20 2827
     20 2828
     16 2829
     19 2830
     17 2831
     14 2832
     15 2833
     18 2834
     19 2835
     16 2836
     30 2837
     20 2838
     16 2839
     17 2840
     18 2841
     20 2842
     16 2843
     15 2844
     24 2845
     14 2846
     21 2847
     24 2848
     21 2849
     11 2850
     13 2851
     18 2852
     16 2853
     12 2854
     12 2855
     14 2856
      8 2857
     15 2858
     14 2859
     20 2860
     23 2861
     18 2862
     18 2863
     20 2864
     15 2865
     20 2866
     14 2867
     12 2868
     20 2869
     20 2870
     17 2871
     12 2872
     18 2873
     14 2874
     15 2875
     15 2876
     26 2877
     24 2878
     20 2879
      9 2880
     18 2881
     15 2882
     17 2883
     18 2884
     15 2885
     21 2886
     14 2887
     17 2888
     13 2889
     23 2890
     15 2891
     20 2892
     12 2893
     22 2894
     29 2895
     17 2896
     15 2897
     18 2898
     24 2899
     14 2900
     17 2901
      9 2902
     15 2903
     11 2904
      8 2905
     17 2906
     17 2907
     18 2908
     14 2909
     12 2910
     19 2911
     17 2912
     11 2913
     19 2914
     18 2915
     12 2916
     18 2917
     19 2918
     13 2919
      8 2920
     23 2921
     12 2922
     16 2923
     13 2924
     10 2925
     14 2926
     13 2927
     16 2928
     20 2929
     17 2930
     22 2931
     12 2932
     14 2933
     13 2934
     20 2935
     12 2936
     21 2937
     12 2938
     10 2939
     13 2940
     18 2941
     13 2942
      7 2943
     14 2944
     18 2945
     15 2946
     17 2947
     11 2948
     11 2949
     11 2950
     24 2951
     15 2952
     10 2953
     17 2954
     19 2955
     13 2956
     13 2957
     21 2958
     12 2959
     16 2960
     14 2961
     11 2962
     15 2963
     16 2964
     14 2965
     19 2966
     17 2967
     13 2968
     15 2969
     13 2970
     13 2971
     19 2972
     12 2973
      8 2974
      6 2975
     12 2976
     14 2977
     17 2978
     20 2979
     14 2980
     17 2981
     13 2982
     15 2983
     16 2984
     16 2985
     19 2986
     16 2987
     13 2988
     10 2989
     17 2990
     14 2991
     20 2992
     14 2993
     15 2994
      9 2995
     17 2996
     28 2997
     14 2998
      7 2999
     14 3000
     19 3001
     17 3002
     18 3003
     12 3004
     12 3005
     15 3006
     25 3007
     14 3008
     15 3009
     31 3010
     18 3011
     18 3012
     21 3013
     24 3014
     11 3015
     20 3016
     15 3017
      8 3018
     14 3019
     18 3020
     14 3021
     18 3022
     19 3023
     12 3024
     12 3025
     12 3026
     10 3027
     15 3028
     16 3029
     16 3030
     22 3031
     20 3032
     12 3033
     23 3034
     19 3035
     16 3036
     13 3037
     15 3038
     11 3039
     10 3040
      9 3041
     22 3042
     15 3043
     15 3044
     19 3045
     15 3046
     12 3047
     19 3048
     19 3049
     14 3050
     14 3051
     16 3052
     21 3053
     17 3054
     14 3055
     15 3056
     13 3057
     17 3058
     24 3059
     17 3060
     20 3061
     20 3062
     15 3063
     17 3064
     23 3065
     13 3066
     10 3067
     18 3068
     13 3069
     17 3070
     11 3071
      9 3072
     17 3073
     12 3074
     10 3075
     20 3076
      9 3077
     17 3078
     16 3079
     12 3080
     12 3081
     17 3082
     11 3083
     19 3084
     12 3085
     13 3086
     12 3087
     17 3088
     14 3089
     15 3090
     14 3091
     10 3092
     24 3093
     17 3094
     10 3095
     18 3096
     10 3097
     17 3098
     12 3099
     13 3100
     14 3101
     13 3102
      7 3103
     14 3104
     15 3105
      9 3106
     12 3107
     12 3108
     19 3109
     11 3110
     14 3111
     18 3112
     13 3113
     12 3114
     13 3115
      4 3116
     14 3117
     14 3118
     10 3119
     13 3120
     14 3121
     15 3122
     13 3123
     15 3124
     13 3125
     12 3126
     10 3127
     11 3128
     16 3129
     19 3130
     17 3131
     21 3132
     10 3133
     15 3134
     15 3135
     14 3136
     15 3137
     15 3138
     16 3139
      7 3140
     13 3141
     12 3142
     14 3143
     17 3144
     13 3145
     17 3146
      8 3147
     17 3148
     17 3149
     11 3150
     16 3151
     16 3152
     16 3153
     20 3154
     17 3155
     13 3156
     16 3157
     12 3158
     13 3159
     11 3160
      8 3161
     16 3162
     10 3163
     15 3164
     19 3165
      8 3166
     10 3167
     18 3168
     16 3169
     15 3170
     18 3171
      6 3172
     20 3173
     15 3174
     15 3175
     16 3176
     16 3177
     15 3178
     14 3179
     16 3180
     16 3181
     17 3182
     15 3183
     15 3184
     17 3185
     25 3186
     13 3187
     12 3188
     10 3189
     12 3190
     22 3191
     14 3192
     10 3193
     18 3194
     11 3195
     19 3196
     18 3197
     16 3198
     13 3199
     16 3200
     15 3201
     14 3202
     14 3203
     15 3204
     12 3205
     23 3206
     17 3207
      8 3208
     17 3209
     15 3210
     24 3211
     10 3212
     10 3213
     14 3214
     21 3215
     10 3216
     13 3217
     11 3218
     22 3219
     13 3220
     14 3221
     10 3222
      9 3223
     12 3224
     18 3225
     18 3226
     12 3227
     12 3228
     11 3229
     12 3230
     15 3231
     11 3232
     18 3233
      7 3234
     20 3235
     13 3236
      7 3237
     15 3238
     13 3239
     14 3240
     15 3241
     10 3242
      9 3243
     13 3244
      7 3245
     17 3246
     13 3247
      8 3248
     17 3249
     16 3250
     13 3251
     10 3252
     12 3253
     12 3254
      9 3255
     16 3256
     25 3257
     18 3258
     15 3259
     11 3260
     17 3261
     11 3262
     15 3263
     10 3264
     14 3265
     17 3266
     20 3267
      6 3268
     11 3269
      8 3270
     12 3271
     14 3272
     13 3273
     11 3274
     10 3275
      8 3276
      8 3277
     13 3278
      8 3279
     16 3280
      8 3281
     13 3282
      9 3283
      8 3284
     17 3285
     11 3286
     10 3287
     13 3288
     18 3289
     13 3290
     13 3291
     13 3292
     13 3293
     12 3294
     12 3295
     10 3296
     21 3297
      8 3298
     10 3299
     14 3300
     16 3301
     18 3302
     19 3303
      9 3304
     14 3305
     10 3306
     10 3307
     16 3308
      8 3309
     10 3310
      7 3311
     15 3312
      9 3313
     14 3314
     14 3315
     12 3316
      6 3317
     12 3318
     11 3319
     10 3320
     12 3321
     14 3322
      8 3323
     16 3324
     12 3325
     16 3326
      8 3327
     13 3328
      8 3329
     12 3330
      7 3331
      9 3332
     14 3333
     12 3334
     14 3335
     17 3336
      7 3337
      5 3338
     14 3339
     14 3340
     13 3341
     11 3342
     12 3343
      9 3344
     14 3345
     15 3346
     10 3347
     17 3348
      9 3349
     14 3350
     15 3351
      9 3352
      7 3353
     10 3354
     12 3355
      6 3356
     18 3357
     13 3358
     14 3359
     16 3360
      9 3361
      9 3362
     11 3363
     14 3364
     16 3365
     11 3366
      8 3367
     12 3368
     11 3369
     16 3370
     12 3371
     10 3372
     16 3373
     15 3374
      7 3375
     10 3376
     10 3377
     12 3378
     13 3379
     11 3380
      8 3381
     13 3382
     14 3383
     17 3384
     10 3385
     19 3386
     14 3387
     14 3388
     16 3389
      9 3390
      5 3391
      8 3392
     12 3393
      8 3394
     10 3395
     12 3396
     13 3397
     15 3398
     15 3399
     13 3400
     15 3401
     12 3402
     12 3403
      9 3404
     14 3405
      7 3406
      9 3407
      7 3408
     17 3409
     10 3410
     11 3411
      9 3412
     12 3413
      9 3414
      9 3415
      9 3416
     13 3417
      3 3418
     12 3419
      7 3420
      5 3421
      8 3422
     15 3423
     19 3424
      7 3425
      9 3426
      8 3427
     11 3428
      7 3429
      4 3430
     11 3431
      2 3432
      9 3433
     11 3434
      5 3435
      9 3436
      8 3437
     12 3438
      9 3439
     13 3440
      9 3441
      9 3442
     10 3443
      9 3444
      9 3445
      8 3446
      8 3447
      9 3448
     12 3449
      6 3450
      6 3451
      8 3452
     13 3453
      7 3454
      8 3455
     12 3456
      5 3457
     12 3458
      9 3459
     15 3460
     11 3461
     11 3462
      7 3463
      8 3464
      6 3465
      7 3466
      6 3467
     13 3468
      8 3469
     11 3470
      7 3471
      8 3472
     11 3473
     15 3474
      9 3475
     10 3476
      8 3477
      9 3478
      6 3479
      8 3480
      7 3481
     10 3482
      7 3483
      9 3484
      5 3485
      6 3486
      8 3487
      8 3488
      7 3489
      8 3490
      8 3491
      8 3492
      9 3493
     11 3494
     11 3495
     10 3496
      7 3497
      8 3498
      7 3499
      7 3500
      4 3501
     14 3502
      9 3503
     17 3504
     10 3505
      9 3506
      6 3507
      6 3508
      7 3509
      5 3510
      9 3511
     12 3512
     17 3513
      8 3514
     13 3515
     12 3516
      6 3517
     11 3518
     11 3519
     11 3520
      6 3521
     10 3522
     12 3523
     10 3524
     12 3525
     15 3526
      9 3527
      7 3528
      9 3529
     13 3530
     11 3531
      9 3532
      8 3533
     11 3534
      4 3535
      7 3536
      5 3537
     11 3538
     10 3539
     10 3540
     13 3541
      7 3542
     10 3543
      8 3544
      9 3545
     12 3546
      8 3547
      9 3548
      3 3549
      6 3550
      6 3551
     11 3552
     11 3553
      3 3554
      9 3555
     10 3556
     11 3557
      1 3558
      7 3559
      7 3560
      9 3561
      7 3562
     10 3563
      4 3564
      8 3565
      5 3566
     10 3567
      5 3568
      4 3569
      9 3570
      8 3571
      8 3572
      8 3573
     11 3574
      8 3575
      4 3576
      9 3577
      5 3578
      5 3579
      9 3580
     11 3581
      8 3582
     16 3583
     15 3584
     12 3585
      8 3586
      9 3587
      9 3588
      9 3589
      8 3590
      5 3591
     12 3592
     10 3593
     10 3594
      5 3595
      3 3596
      5 3597
      5 3598
      7 3599
      8 3600
      4 3601
      5 3602
     12 3603
     14 3604
      6 3605
      6 3606
      6 3607
      5 3608
     11 3609
      7 3610
      7 3611
      4 3612
      7 3613
      4 3614
      7 3615
     10 3616
      8 3617
     13 3618
      6 3619
      3 3620
      7 3621
      8 3622
      8 3623
     10 3624
      3 3625
      5 3626
      3 3627
      4 3628
     10 3629
      4 3630
      6 3631
      4 3632
     10 3633
      6 3634
      5 3635
      8 3636
     10 3637
      3 3638
      4 3639
     10 3640
      9 3641
      5 3642
      5 3643
     14 3644
      8 3645
      6 3646
      9 3647
     10 3648
      5 3649
      9 3650
      7 3651
      9 3652
     11 3653
      3 3654
      9 3655
      5 3656
      6 3657
     10 3658
      3 3659
      6 3660
      9 3661
      3 3662
      9 3663
     12 3664
      5 3665
     19 3666
     11 3667
     14 3668
      9 3669
      2 3670
      5 3671
     10 3672
      7 3673
     12 3674
     11 3675
      7 3676
      5 3677
      5 3678
     12 3679
      5 3680
     11 3681
      5 3682
      8 3683
      9 3684
      5 3685
      9 3686
      7 3687
      6 3688
      3 3689
      6 3690
      9 3691
      9 3692
      9 3693
      6 3694
     10 3695
     12 3696
      6 3697
     13 3698
      7 3699
      4 3700
      6 3701
      7 3702
      5 3703
      8 3704
      7 3705
      6 3706
      5 3707
      9 3708
      7 3709
      8 3710
      8 3711
     14 3712
     10 3713
      8 3714
     11 3715
      3 3716
      6 3717
     10 3718
      7 3719
      8 3720
      9 3721
      6 3722
     10 3723
      8 3724
      7 3725
      4 3726
      9 3727
      9 3728
      8 3729
      7 3730
      5 3731
      4 3732
      6 3733
      5 3734
      8 3735
      7 3736
      2 3737
      5 3738
      8 3739
      4 3740
      8 3741
      7 3742
      6 3743
      7 3744
      7 3745
      6 3746
      9 3747
     11 3748
      8 3749
     10 3750
      6 3751
     10 3752
      8 3753
      5 3754
      5 3755
      4 3756
      6 3757
     11 3758
      5 3759
     11 3760
     11 3761
      4 3762
      8 3763
      7 3764
     11 3765
      4 3766
      9 3767
     11 3768
      3 3769
      5 3770
      6 3771
      9 3772
      4 3773
      7 3774
      7 3775
      8 3776
      6 3777
      5 3778
      3 3779
      4 3780
      8 3781
      8 3782
     11 3783
      7 3784
     10 3785
     12 3786
      7 3787
      4 3788
      5 3789
      6 3790
      8 3791
      8 3792
      7 3793
      4 3794
      5 3795
      6 3796
     13 3797
      8 3798
      9 3799
      2 3800
      7 3801
      8 3802
      3 3803
      7 3804
      9 3805
     10 3806
     10 3807
      7 3808
      6 3809
      4 3810
     10 3811
      5 3812
      8 3813
      7 3814
      5 3815
      8 3816
      9 3817
      5 3818
      5 3819
      6 3820
     11 3821
      6 3822
     16 3823
      7 3824
      9 3825
      8 3826
      6 3827
      8 3828
      7 3829
      7 3830
      6 3831
      6 3832
      5 3833
      6 3834
      4 3835
      9 3836
      9 3837
      4 3838
      9 3839
      6 3840
     10 3841
     12 3842
      3 3843
      4 3844
      6 3845
      9 3846
     12 3847
      5 3848
      8 3849
      1 3850
     11 3851
     12 3852
      5 3853
      5 3854
      8 3855
      5 3856
      6 3857
      6 3858
      7 3859
      7 3860
      9 3861
      4 3862
      8 3863
      9 3864
      8 3865
      6 3866
      8 3867
      7 3868
      6 3869
      8 3870
     13 3871
     10 3872
      7 3873
      9 3874
      9 3875
      9 3876
      5 3877
      8 3878
      9 3879
      3 3880
      8 3881
      5 3882
      6 3883
      9 3884
      5 3885
      7 3886
     13 3887
     11 3888
      4 3889
      7 3890
      9 3891
      1 3892
      8 3893
      4 3894
      6 3895
      2 3896
     10 3897
      4 3898
     11 3899
      4 3900
      8 3901
      5 3902
      9 3903
      8 3904
      5 3905
      6 3906
      4 3907
      7 3908
      9 3909
      8 3910
      6 3911
      2 3912
      8 3913
      6 3914
      6 3915
      3 3916
      7 3917
      5 3918
      6 3919
      5 3920
     10 3921
      8 3922
      6 3923
     10 3924
      6 3925
      7 3926
      8 3927
      9 3928
     11 3929
     11 3930
      8 3931
      6 3932
      7 3933
      7 3934
      7 3935
      2 3936
     10 3937
      9 3938
      7 3939
      8 3940
     10 3941
     12 3942
      9 3943
     11 3944
      8 3945
      8 3946
      7 3947
      4 3948
      5 3949
      6 3950
      7 3951
      6 3952
     10 3953
      5 3954
     10 3955
      6 3956
     14 3957
     16 3958
      8 3959
      8 3960
      6 3961
      5 3962
      5 3963
      3 3964
      9 3965
      8 3966
      7 3967
     12 3968
      4 3969
     10 3970
      9 3971
      9 3972
      6 3973
     11 3974
      3 3975
      9 3976
      8 3977
     10 3978
      6 3979
      4 3980
      4 3981
      5 3982
      7 3983
      6 3984
      8 3985
      9 3986
      9 3987
      3 3988
      7 3989
      5 3990
      7 3991
      9 3993
      8 3994
      6 3995
     10 3996
      7 3997
     10 3998
      8 3999
      7 4000
     12 4001
      2 4002
      7 4003
      1 4004
      4 4005
      3 4006
      5 4007
      6 4008
      6 4009
     10 4010
      7 4011
      9 4012
      4 4013
      6 4014
      2 4015
      3 4016
      3 4017
      4 4018
      8 4019
      3 4020
      4 4021
      8 4022
      9 4023
      3 4024
      7 4025
      4 4026
      4 4027
      4 4028
      4 4029
      7 4030
      5 4031
      6 4032
      2 4033
      2 4034
      7 4035
      4 4036
      4 4037
      8 4038
      5 4039
      4 4040
      6 4041
      3 4042
      3 4043
      3 4044
      7 4045
      7 4046
      8 4047
      6 4048
      9 4049
      7 4050
      7 4051
      2 4052
      5 4053
      6 4054
      5 4055
      3 4056
      2 4057
      2 4058
     11 4059
      6 4060
      7 4061
      7 4062
      5 4063
      6 4064
      5 4065
      4 4066
      4 4067
      7 4068
     11 4069
      7 4070
      2 4071
     10 4072
      6 4073
      4 4074
      5 4075
      3 4076
      9 4077
      6 4078
      7 4079
      6 4080
      3 4081
      1 4082
      8 4083
      3 4084
      4 4085
      8 4086
      8 4087
      6 4088
      5 4089
      6 4090
      5 4091
      5 4092
      6 4093
      5 4094
      6 4095
      7 4096
      3 4097
      6 4098
      2 4099
      9 4100
      5 4101
      6 4102
      9 4103
      7 4104
     10 4105
      3 4106
      4 4107
      3 4108
      4 4109
      9 4110
      5 4111
      8 4112
      4 4113
      7 4114
      5 4115
     11 4116
      8 4117
      1 4118
      9 4119
      4 4120
      3 4121
      5 4122
      7 4123
      6 4124
      5 4125
      4 4126
      8 4127
      3 4128
      7 4129
      8 4130
      6 4131
      4 4132
      4 4133
      4 4134
      5 4135
      5 4136
      5 4137
      9 4138
      8 4139
      5 4140
      6 4141
      5 4142
      3 4143
      6 4144
      6 4145
      3 4146
      7 4147
      1 4148
      7 4149
      4 4150
      6 4151
      9 4152
      4 4153
      5 4154
     10 4155
      7 4156
      2 4157
      4 4158
     13 4159
      2 4160
      7 4161
     12 4162
      3 4163
     13 4164
     12 4165
      7 4166
      9 4167
      7 4168
      6 4169
      7 4170
      3 4171
      8 4172
     13 4173
     12 4174
      5 4175
      8 4176
     11 4177
     12 4178
      7 4179
      8 4180
      5 4181
      3 4182
     12 4183
      5 4184
      6 4185
      9 4186
      6 4187
      5 4188
      5 4189
      5 4190
      7 4191
      9 4192
      7 4193
      4 4194
      4 4195
      6 4196
      7 4197
      6 4198
      8 4199
      5 4200
      3 4201
      8 4202
      8 4203
      7 4204
      4 4205
     10 4206
      3 4207
      4 4208
      4 4209
      7 4210
      5 4211
     11 4212
      5 4213
      7 4214
      5 4215
      8 4216
      3 4217
      5 4218
      6 4219
      1 4220
     10 4221
      7 4222
      5 4223
      5 4224
      5 4225
      8 4226
      3 4227
      8 4228
      2 4229
      5 4230
      4 4231
     11 4232
      1 4233
      5 4234
      3 4235
      6 4236
      7 4237
      2 4238
      5 4239
      5 4240
      5 4241
      6 4242
      5 4243
      1 4244
      4 4245
      5 4246
     10 4247
      4 4248
      6 4249
      6 4250
      2 4251
      3 4252
      2 4253
      9 4254
      4 4255
      1 4256
      2 4257
      3 4258
      5 4259
      6 4260
      8 4261
      5 4262
      2 4263
      8 4264
      5 4265
      4 4266
      5 4267
      7 4268
      7 4269
      5 4270
      4 4271
      5 4272
      8 4273
      2 4274
      3 4275
      6 4276
      4 4277
      8 4278
      3 4279
      3 4280
      4 4281
      5 4282
      6 4283
      5 4284
      2 4285
      4 4286
      3 4287
      6 4288
      4 4289
      5 4290
      5 4291
      3 4292
      2 4293
      5 4294
      4 4295
      2 4296
      4 4297
      6 4298
      4 4299
      9 4300
      8 4301
      5 4302
      2 4303
      4 4304
      6 4305
      4 4306
     10 4307
      3 4308
      7 4309
      8 4310
      6 4311
      3 4312
      5 4313
      5 4314
      7 4315
      4 4316
      5 4317
      3 4318
      3 4319
      5 4320
      4 4321
      4 4322
      7 4323
      4 4324
      4 4325
      5 4326
      1 4327
     11 4328
      4 4329
      5 4330
      7 4331
      5 4332
      5 4333
      6 4334
      3 4335
      7 4336
      9 4337
      6 4338
      3 4339
      2 4340
      9 4341
      8 4342
      5 4343
      9 4344
      2 4345
      2 4346
      4 4347
      2 4348
      4 4349
      5 4350
      4 4351
      5 4352
      2 4353
      5 4354
      5 4355
      4 4356
      7 4357
      8 4358
      3 4359
      5 4360
      2 4361
      4 4362
      3 4363
      3 4364
      1 4365
      4 4366
      4 4367
      3 4368
      5 4369
      4 4370
      4 4371
      2 4372
     10 4373
      3 4374
      7 4375
      4 4376
      6 4377
      3 4378
      2 4379
      4 4380
      4 4381
      8 4382
      3 4383
      5 4384
      2 4385
      6 4386
      7 4387
      4 4388
      6 4389
      7 4390
      4 4391
      6 4392
      4 4393
      8 4394
      4 4395
      4 4396
      4 4397
      5 4398
      9 4399
      5 4400
      1 4401
      5 4402
      2 4403
      7 4404
      5 4405
      3 4406
      5 4407
      5 4408
      5 4409
      6 4410
      8 4411
      5 4412
      2 4413
      6 4414
      2 4415
      6 4416
      5 4417
      3 4418
      9 4419
      5 4420
      1 4421
      6 4422
      9 4423
      3 4424
      8 4425
      5 4426
      8 4427
      8 4428
      5 4429
      4 4430
      3 4431
      3 4432
      2 4433
      6 4434
      6 4435
      6 4436
      2 4437
      5 4438
      3 4439
      5 4440
      2 4441
      8 4442
      3 4443
      1 4444
      7 4445
      7 4446
      3 4447
      8 4448
     10 4449
      6 4450
      4 4451
      6 4452
      2 4453
      6 4454
      2 4455
      5 4456
      5 4457
      5 4458
      8 4459
      4 4460
      6 4461
      5 4462
      4 4463
      6 4464
      3 4465
      3 4466
      6 4467
      3 4468
      6 4469
      8 4470
      5 4471
      6 4472
      1 4473
      2 4474
     11 4475
      9 4476
      8 4477
      3 4478
      5 4479
      8 4480
      4 4481
      7 4482
      2 4483
      2 4484
      4 4485
      6 4486
      8 4487
      5 4488
      2 4489
      7 4490
      2 4491
      8 4492
     10 4493
      6 4494
      4 4495
      9 4496
      5 4497
      8 4498
      6 4499
      5 4500
      5 4501
      4 4502
      6 4503
     11 4504
      4 4505
      4 4506
      8 4507
     10 4508
      5 4509
      8 4510
      7 4511
      8 4512
      5 4514
      4 4515
      5 4516
      3 4517
      6 4518
      3 4519
      4 4520
      5 4521
      7 4522
      7 4524
     10 4525
      3 4526
      7 4527
      7 4528
      4 4529
      3 4530
      7 4531
      2 4532
      4 4533
      9 4534
      9 4535
      8 4536
      2 4537
      2 4538
      3 4539
      5 4540
      3 4541
      5 4542
      2 4543
     10 4544
      5 4545
      8 4546
      1 4547
      6 4548
      8 4549
      5 4550
      4 4551
      8 4552
      4 4553
      7 4554
      5 4555
      6 4556
      2 4557
      4 4558
      6 4559
      5 4560
      7 4561
      5 4562
      4 4563
      3 4564
      9 4565
      7 4566
      4 4567
      7 4568
      6 4569
      6 4570
      8 4571
      5 4572
     10 4573
      3 4574
      4 4575
      5 4576
      2 4577
      3 4578
      4 4579
      3 4580
      4 4581
      6 4582
      7 4583
     10 4584
      3 4585
      5 4586
      3 4587
      7 4588
      4 4589
      3 4590
      5 4591
      3 4592
      2 4593
      7 4594
      4 4595
      4 4596
      5 4597
      5 4598
      6 4599
      4 4600
      4 4601
      5 4602
      4 4603
      4 4604
     10 4605
      1 4606
      8 4607
      8 4608
      4 4609
      1 4610
      3 4611
      3 4612
      7 4613
      4 4614
      3 4615
      3 4616
      5 4617
      4 4618
     10 4619
      4 4620
      2 4621
      3 4622
      4 4623
      5 4624
      5 4625
      1 4626
      8 4627
      3 4628
      9 4629
      4 4630
      5 4631
      4 4632
      5 4633
      5 4634
      5 4635
      2 4636
      4 4637
      4 4638
      3 4639
      2 4640
      7 4641
      3 4642
      8 4643
      5 4644
      2 4645
      6 4646
      1 4647
      3 4648
      2 4649
     10 4650
      5 4651
     11 4652
      6 4653
      3 4654
      4 4655
      2 4656
      2 4657
      2 4658
      7 4659
      2 4660
      2 4661
      3 4662
      1 4663
      3 4664
      5 4665
      5 4666
      5 4667
      6 4668
      2 4669
      8 4670
      1 4671
      4 4672
      3 4673
      3 4674
      4 4675
      4 4676
      3 4677
      1 4678
      6 4679
      6 4680
      4 4681
      7 4682
      3 4683
      6 4684
      4 4685
      5 4686
      6 4687
      5 4688
      6 4689
      7 4690
      6 4691
      6 4692
      5 4693
      5 4694
      9 4695
     10 4697
      5 4698
      5 4699
      5 4700
      6 4701
      4 4702
      3 4703
      4 4704
      7 4705
      3 4706
      5 4707
      3 4708
      5 4709
      5 4710
      7 4711
      6 4712
      6 4713
      6 4714
      5 4715
      6 4716
      9 4717
      4 4718
      6 4719
      7 4720
      6 4721
      7 4722
      5 4723
      3 4724
      4 4725
      1 4726
      1 4727
      5 4728
      4 4729
      4 4730
      9 4731
      4 4732
      4 4733
      4 4734
      8 4735
      6 4736
      6 4737
      4 4738
      3 4739
      8 4740
      6 4741
      3 4742
      7 4743
      7 4744
      4 4745
      3 4746
      3 4747
      7 4748
      8 4749
      5 4750
      3 4751
      4 4752
      3 4753
      1 4754
      4 4755
      1 4756
      4 4757
      4 4758
      5 4759
      5 4760
      6 4761
      5 4762
      4 4763
      8 4764
      7 4765
      8 4766
      1 4767
      5 4768
      6 4769
      5 4770
     11 4771
      2 4772
      6 4773
      4 4774
      3 4775
      4 4776
      1 4777
      9 4778
      3 4779
      2 4780
      2 4781
      2 4782
      5 4783
      1 4784
      3 4785
      6 4786
      5 4788
      4 4789
      4 4790
      6 4791
      5 4792
      3 4793
      2 4794
      2 4795
      3 4796
      4 4797
      3 4798
      4 4799
      6 4800
      2 4801
      8 4802
      1 4803
      4 4804
      3 4805
      4 4806
      2 4807
      5 4808
      3 4809
      6 4810
      6 4811
      7 4812
      9 4813
      8 4814
      3 4815
      5 4816
      6 4817
      4 4818
      3 4819
      2 4820
      8 4821
      6 4822
      2 4823
     10 4824
      7 4825
      5 4826
      3 4827
      3 4828
      3 4829
      1 4830
      4 4831
      3 4832
      3 4833
      2 4834
      1 4835
      5 4836
      5 4837
      3 4838
      2 4839
      2 4840
      5 4841
      1 4842
      4 4843
      4 4844
      3 4845
      1 4846
      4 4847
      1 4848
      7 4849
      5 4850
      5 4851
      6 4852
      6 4853
      7 4854
      2 4855
      4 4857
      2 4858
      4 4859
      2 4860
      3 4861
      3 4862
      5 4863
      2 4864
      1 4865
     11 4866
      1 4867
      4 4868
      5 4869
      2 4870
      3 4871
      7 4872
      3 4873
      4 4874
      3 4875
      4 4876
      3 4877
      5 4878
      3 4879
      6 4880
      3 4881
      3 4882
      4 4883
      3 4884
      5 4885
      3 4886
      3 4887
      2 4888
      3 4889
      4 4890
      3 4891
      3 4892
      4 4893
      7 4894
      7 4895
      5 4896
      3 4897
      2 4898
      4 4899
      3 4900
      3 4901
      3 4902
      5 4903
      4 4904
      2 4905
      7 4906
      5 4907
      2 4908
      5 4909
      3 4910
      2 4911
      3 4912
      2 4913
      3 4914
      1 4915
      3 4916
      3 4917
      5 4918
      2 4919
      1 4920
      4 4921
      2 4922
      5 4924
      4 4925
      2 4926
      2 4927
      4 4928
      1 4929
      4 4930
      1 4931
      1 4932
      3 4933
      5 4934
      1 4935
      3 4936
      2 4937
      3 4938
      3 4939
      2 4940
      3 4941
      3 4942
      3 4943
      2 4944
      3 4945
      1 4946
      6 4947
      3 4948
      4 4949
      4 4950
      1 4951
      3 4952
      1 4953
      2 4954
      2 4955
      2 4956
      4 4957
      2 4958
      2 4959
      3 4960
      4 4961
      2 4962
      3 4963
      2 4964
      1 4965
      1 4966
      3 4967
      4 4968
      1 4969
      1 4970
      2 4971
      3 4972
      1 4973
      1 4974
      3 4976
      6 4978
      1 4980
      3 4981
      4 4982
      9 4983
      3 4984
      1 4985
      3 4986
      3 4987
      2 4988
      4 4991
      3 4992
      3 4993
      3 4995
      4 4996
      2 4997
      3 4998
      1 4999
      2 5000
      1 5001
      2 5002
      1 5003
      2 5004
      1 5005
      4 5006
      4 5007
      1 5008
      2 5009
      3 5010
      4 5011
      1 5012
      4 5013
      1 5014
      4 5015
      4 5016
      2 5017
      3 5018
      3 5019
      1 5021
      4 5022
      1 5023
      2 5024
      4 5025
      3 5026
      2 5027
      2 5028
      1 5029
      3 5030
      2 5031
      2 5032
      3 5033
      1 5034
      2 5035
      2 5036
      2 5037
      5 5038
      3 5039
      1 5041
      1 5042
      1 5043
      1 5044
      2 5046
      3 5048
      2 5049
      2 5051
      1 5052
      1 5053
      5 5054
      4 5055
      4 5056
      1 5057
      4 5058
      2 5060
      3 5061
      1 5062
      1 5064
      1 5065
      3 5066
      3 5067
      6 5068
      2 5069
      6 5071
      3 5072
      2 5073
      1 5074
      2 5075
      3 5076
      3 5077
      1 5078
      4 5079
      2 5080
      3 5081
      5 5082
      1 5083
      1 5084
      2 5085
      2 5086
      1 5087
      1 5088
      2 5090
      5 5092
      2 5093
      4 5094
      1 5095
      3 5096
      4 5097
      2 5098
      2 5099
      2 5100
      1 5101
      1 5102
      4 5103
      2 5104
      3 5105
      1 5106
      2 5108
      1 5109
      7 5111
      3 5113
      1 5114
      1 5115
      4 5116
      2 5117
      1 5118
      1 5119
      3 5120
      4 5121
      2 5122
      3 5123
      2 5124
      1 5126
      3 5127
      2 5128
      3 5129
      2 5131
      3 5132
      1 5133
      2 5135
      2 5136
      1 5137
      3 5139
      3 5140
      2 5141
      1 5142
      2 5144
      2 5146
      3 5147
      5 5148
      1 5150
      2 5151
      3 5152
      1 5153
      3 5155
      3 5156
      1 5159
      1 5160
      1 5161
      1 5162
      1 5163
      5 5164
      3 5166
      2 5167
      2 5168
      6 5169
      2 5170
      6 5171
      2 5172
      4 5173
      1 5174
      2 5176
      4 5177
      3 5181
      2 5182
      2 5183
      4 5184
      2 5185
      3 5186
      2 5187
      1 5188
      1 5190
      2 5192
      2 5193
      1 5194
      5 5195
      1 5196
      2 5197
      1 5198
      2 5200
      2 5201
      3 5202
      1 5203
      2 5204
      7 5205
      2 5206
      3 5207
      2 5208
      1 5210
      5 5211
      3 5212
      2 5213
      6 5214
      3 5215
      1 5216
      2 5218
      2 5219
      2 5220
      2 5222
      5 5223
      3 5225
      4 5226
      1 5227
      2 5228
      3 5231
      3 5232
      2 5233
      1 5235
      2 5236
      3 5238
      2 5239
      2 5240
      4 5241
      3 5243
      1 5244
      3 5245
      3 5246
      1 5247
      3 5248
      2 5249
      4 5250
      2 5251
      1 5252
      1 5253
      3 5254
      1 5255
      1 5256
      2 5257
      2 5258
      1 5259
      1 5260
      2 5261
      2 5262
      2 5263
      1 5264
      3 5265
      5 5267
      4 5269
      1 5270
      2 5271
      2 5272
      5 5273
      1 5274
      3 5276
      3 5277
      1 5279
      4 5282
      2 5283
      2 5284
      3 5285
      3 5286
      2 5288
      1 5289
      1 5290
      3 5291
      2 5293
      1 5294
      2 5295
      2 5296
      1 5298
      1 5299
      3 5300
      3 5301
      2 5303
      2 5304
      2 5305
      2 5307
      2 5308
      2 5309
      2 5310
      1 5311
      3 5312
      2 5313
      3 5314
      4 5316
      2 5318
      1 5320
      1 5321
      5 5322
      2 5323
      2 5324
      5 5326
      3 5327
      4 5328
      2 5331
      2 5332
      1 5333
      4 5334
      1 5335
      2 5336
      2 5338
      1 5339
      1 5340
      2 5341
      4 5342
      3 5343
      1 5344
      1 5346
      2 5347
      2 5348
      1 5349
      4 5350
      1 5351
      4 5353
      2 5354
      4 5355
      2 5356
      2 5357
      2 5358
      5 5359
      1 5360
      2 5361
      1 5363
      2 5365
      2 5366
      3 5368
      2 5369
      4 5370
      4 5371
      1 5373
      3 5374
      1 5375
      2 5376
      6 5377
      5 5378
      2 5379
      2 5380
      2 5381
      1 5383
      1 5384
      3 5385
      3 5386
      1 5387
      2 5388
      1 5389
      3 5390
      5 5391
      5 5392
      4 5394
      2 5396
      7 5397
      3 5399
      3 5400
      1 5401
      3 5402
      2 5403
      1 5405
      3 5407
      3 5408
      1 5409
      1 5410
      5 5412
      1 5413
      1 5414
      1 5416
      3 5418
      2 5419
      4 5421
      1 5422
      4 5423
      1 5424
      2 5425
      1 5426
      3 5428
      5 5429
      2 5430
      2 5433
      1 5434
      2 5435
      1 5436
      3 5438
      2 5440
      3 5441
      2 5442
      2 5443
      4 5444
      1 5446
      1 5447
      3 5448
      1 5450
      3 5451
      1 5452
      2 5453
      2 5455
      2 5456
      2 5457
      2 5458
      1 5459
      3 5460
      2 5463
      5 5464
      2 5465
      2 5466
      1 5467
      1 5468
      2 5469
      2 5470
      4 5471
      4 5472
      4 5473
      1 5474
      2 5476
      1 5477
      2 5478
      4 5479
      2 5480
      2 5481
      2 5482
      3 5483
      3 5485
      1 5486
      3 5487
      2 5488
      3 5490
      2 5491
      2 5494
      3 5495
      1 5496
      2 5497
      2 5499
      3 5500
      5 5501
      1 5502
      3 5503
      4 5504
      2 5505
      3 5506
      2 5507
      1 5508
      3 5510
      3 5511
      4 5512
      1 5513
      1 5514
      1 5516
      2 5517
      1 5519
      2 5522
      4 5523
      2 5524
      3 5525
      2 5526
      1 5527
      3 5528
      2 5529
      2 5532
      4 5533
      1 5534
      1 5536
      4 5538
      1 5540
      2 5541
      3 5542
      1 5543
      1 5544
      2 5545
      1 5548
      3 5549
      1 5550
      1 5552
      5 5553
      2 5554
      3 5556
      3 5557
      1 5558
      1 5560
      1 5561
      2 5563
      2 5564
      1 5565
      1 5566
      4 5568
      1 5569
      2 5570
      4 5571
      1 5572
      2 5573
      1 5574
      2 5577
      1 5579
      1 5580
      3 5581
      2 5582
      2 5583
      1 5584
      3 5585
      3 5587
      4 5588
      2 5589
      3 5590
      3 5592
      3 5593
      1 5595
      1 5597
      2 5598
      1 5599
      3 5600
      1 5601
      2 5602
      1 5603
      2 5604
      2 5605
      1 5608
      2 5609
      1 5610
      1 5611
      1 5612
      2 5613
      2 5614
      1 5615
      1 5617
      3 5618
      2 5619
      1 5622
      2 5623
      3 5624
      1 5625
      2 5626
      3 5627
      3 5628
      2 5629
      2 5630
      1 5631
      2 5633
      3 5635
      3 5636
      3 5637
      2 5638
      2 5639
      1 5640
      1 5641
      1 5643
      2 5644
      3 5647
      4 5648
      1 5650
      1 5651
      2 5653
      1 5654
      2 5655
      1 5656
      2 5657
      1 5659
      1 5660
      3 5661
      2 5663
      3 5664
      1 5665
      3 5666
      1 5669
      2 5670
      6 5671
      1 5672
      2 5673
      3 5674
      1 5675
      1 5676
      2 5680
      1 5681
      2 5682
      2 5683
      1 5684
      3 5685
      1 5686
      1 5687
      2 5688
      2 5689
      2 5691
      4 5692
      3 5693
      1 5695
      2 5696
      1 5698
      1 5699
      4 5700
      1 5701
      5 5702
      1 5704
      1 5705
      3 5706
      3 5707
      3 5708
      3 5709
      1 5710
      4 5711
      3 5712
      3 5713
      1 5714
      1 5715
      1 5716
      3 5717
      1 5718
      1 5721
      1 5722
      1 5723
      3 5724
      3 5725
      1 5726
      2 5727
      1 5728
      2 5729
      2 5731
      1 5732
      2 5733
      1 5735
      1 5736
      1 5737
      1 5739
      3 5740
      2 5741
      1 5742
      2 5744
      1 5745
      1 5746
      3 5747
      4 5749
      1 5750
      1 5751
      3 5752
      3 5753
      2 5754
      2 5756
      2 5757
      2 5759
      2 5760
      2 5762
      4 5763
      1 5765
      1 5767
      2 5768
      1 5769
      1 5770
      2 5771
      2 5773
      2 5774
      1 5775
      1 5776
      1 5777
      2 5778
      2 5779
      1 5782
      1 5783
      1 5784
      1 5786
      1 5787
      4 5788
      1 5789
      1 5790
      3 5791
      2 5792
      2 5794
      3 5795
      1 5796
      2 5797
      2 5801
      1 5804
      3 5805
      1 5806
      2 5807
      1 5808
      3 5809
      1 5810
      1 5811
      2 5812
      1 5813
      2 5814
      3 5815
      2 5817
      1 5818
      1 5819
      1 5820
      2 5821
      1 5822
      1 5823
      1 5826
      1 5827
      1 5828
      2 5829
      2 5831
      1 5832
      2 5834
      1 5835
      1 5837
      1 5838
      3 5839
      1 5840
      2 5841
      1 5843
      1 5844
      2 5845
      1 5846
      1 5847
      1 5848
      1 5850
      1 5851
      1 5852
      4 5853
      1 5854
      2 5855
      2 5856
      1 5857
      1 5858
      1 5859
      2 5860
      1 5862
      1 5863
      2 5865
      1 5867
      2 5869
      6 5871
      4 5873
      2 5874
      6 5875
      2 5876
      1 5877
      6 5878
      1 5879
      3 5881
      4 5882
      1 5883
      2 5886
      3 5887
      2 5888
      1 5890
      2 5892
      2 5894
      1 5895
      1 5896
      4 5897
      2 5898
      1 5899
      3 5900
      1 5906
      2 5907
      3 5908
      3 5911
      1 5914
      1 5915
      2 5918
      1 5919
      1 5920
      4 5921
      1 5922
      2 5923
      1 5924
      3 5926
      2 5927
      1 5930
      3 5932
      1 5934
      1 5936
      1 5938
      3 5940
      1 5941
      4 5942
      1 5943
      1 5944
      1 5945
      1 5947
      2 5949
      2 5950
      4 5952
      3 5954
      1 5955
      1 5957
      1 5958
      1 5959
      1 5960
      3 5961
      3 5962
      1 5963
      1 5964
      2 5965
      4 5966
      2 5967
      2 5968
      1 5969
      2 5970
      6 5971
      1 5973
      2 5974
      2 5976
      1 5977
      1 5979
      1 5982
      2 5984
      1 5987
      1 5988
      1 5989
      3 5990
      2 5992
      1 5993
      1 5994
      1 5995
      2 5996
      1 5997
      3 5998
      1 6000
      1 6002
      1 6003
      3 6004
      2 6005
      3 6006
      2 6007
      1 6008
      1 6009
      1 6010
      2 6013
      1 6014
      1 6015
      2 6016
      2 6017
      2 6018
      1 6020
      1 6022
      1 6023
      2 6024
      1 6025
      1 6027
      1 6028
      1 6029
      3 6031
      1 6033
      4 6034
      2 6035
      1 6037
      1 6040
      2 6042
      2 6043
      1 6044
      2 6045
      1 6046
      1 6050
      1 6051
      1 6054
      3 6058
      1 6062
      1 6063
      1 6064
      1 6066
      1 6069
      2 6070
      2 6071
      4 6072
      1 6073
      1 6074
      1 6075
      2 6077
      2 6078
      2 6081
      1 6084
      1 6086
      1 6088
      1 6089
      1 6090
      2 6091
      2 6093
      1 6094
      1 6098
      1 6100
      1 6102
      1 6103
      1 6104
      2 6105
      2 6107
      2 6108
      2 6110
      1 6112
      2 6117
      2 6119
      2 6122
      1 6125
      3 6126
      2 6127
      1 6128
      1 6129
      1 6130
      1 6131
      3 6132
      1 6134
      1 6135
      1 6136
      1 6137
      2 6139
      1 6140
      1 6141
      2 6142
      1 6145
      1 6146
      1 6148
      2 6150
      1 6151
      1 6152
      1 6154
      1 6155
      1 6156
      2 6159
      2 6160
      1 6162
      3 6164
      3 6168
      1 6172
      1 6175
      2 6176
      2 6179
      3 6181
      3 6182
      1 6184
      2 6186
      2 6187
      2 6189
      1 6191
      1 6192
      1 6194
      1 6197
      1 6201
      1 6202
      1 6204
      1 6205
      3 6207
      1 6208
      2 6210
      2 6211
      1 6212
      1 6214
      2 6215
      1 6219
      1 6220
      1 6221
      1 6223
      2 6224
      1 6225
      1 6226
      2 6227
      4 6229
      3 6230
      3 6233
      1 6234
      2 6237
      2 6239
      1 6244
      2 6245
      1 6247
      2 6248
      2 6252
      1 6253
      1 6254
      1 6255
      1 6256
      1 6257
      1 6261
      1 6263
      1 6264
      1 6265
      1 6267
      1 6270
      1 6271
      2 6272
      1 6274
      1 6275
      2 6278
      1 6279
      2 6280
      1 6283
      1 6285
      1 6287
      3 6289
      2 6290
      3 6291
      1 6293
      1 6294
      1 6295
      3 6296
      2 6297
      2 6299
      2 6300
      1 6301
      1 6303
      1 6304
      1 6305
      1 6307
      3 6308
      3 6309
      2 6314
      2 6315
      1 6319
      1 6322
      1 6323
      1 6325
      2 6326
      1 6328
      2 6329
      1 6330
      3 6331
      1 6332
      1 6334
      2 6335
      1 6336
      2 6337
      1 6338
      2 6340
      1 6341
      1 6342
      2 6343
      2 6344
      2 6345
      2 6348
      4 6349
      3 6350
      3 6351
      4 6353
      1 6354
      1 6355
      3 6356
      1 6358
      6 6359
      1 6361
      3 6363
      2 6364
      2 6365
      1 6367
      3 6369
      3 6370
      3 6371
      1 6372
      1 6374
      1 6375
      1 6376
      1 6377
      2 6378
      1 6379
      3 6380
      1 6381
      1 6382
      1 6383
      1 6384
      2 6385
      2 6386
      3 6388
      1 6390
      3 6391
      3 6392
      1 6393
      1 6395
      2 6396
      1 6397
      4 6399
      3 6402
      2 6404
      1 6405
      2 6407
      1 6408
      1 6409
      1 6410
      4 6411
      1 6412
      2 6413
      1 6414
      3 6419
      1 6423
      2 6424
      1 6426
      2 6427
      2 6428
      2 6429
      2 6430
      1 6431
      3 6432
      1 6434
      2 6435
      2 6436
      1 6437
      4 6438
      1 6439
      1 6440
      2 6441
      1 6442
      2 6444
      1 6445
      1 6447
      1 6448
      2 6451
      1 6456
      1 6457
      1 6459
      3 6460
      2 6461
      1 6462
      2 6463
      1 6465
      4 6469
      2 6470
      2 6471
      3 6473
      2 6475
      1 6476
      1 6478
      4 6479
      1 6480
      2 6481
      1 6482
      1 6484
      2 6485
      1 6488
      1 6489
      1 6490
      3 6493
      1 6494
      2 6495
      2 6496
      1 6500
      2 6501
      1 6502
      1 6503
      2 6504
      3 6506
      1 6507
      2 6509
      1 6510
      2 6512
      2 6513
      3 6514
      1 6516
      2 6518
      3 6519
      2 6523
      1 6524
      3 6526
      1 6528
      1 6529
      1 6530
      2 6536
      1 6538
      2 6539
      2 6540
      2 6542
      2 6543
      1 6544
      4 6545
      1 6546
      2 6547
      2 6548
      3 6549
      2 6550
      2 6551
      1 6552
      3 6553
      2 6554
      7 6556
      1 6557
      1 6558
      1 6559
      1 6560
      2 6561
      1 6562
      2 6563
      4 6564
      1 6566
      3 6567
      2 6568
      2 6569
      3 6570
      1 6571
      3 6574
      2 6575
      2 6576
      1 6578
      1 6579
      2 6580
      3 6581
      2 6583
      4 6585
      1 6586
      2 6587
      3 6588
      1 6590
      2 6591
      2 6594
      1 6595
      1 6596
      1 6597
      3 6599
      2 6603
      1 6605
      1 6606
      2 6607
      1 6608
      1 6610
      1 6613
      1 6614
      5 6616
      1 6617
      1 6618
      1 6620
      4 6621
      1 6622
      2 6623
      2 6626
      1 6628
      1 6631
      4 6633
      2 6634
      2 6635
      1 6638
      2 6639
      1 6641
      1 6642
      2 6643
      1 6644
      1 6646
      1 6647
      1 6650
      1 6652
      2 6653
      1 6654
      1 6655
      2 6657
      1 6658
      2 6659
      4 6662
      2 6664
      1 6666
      2 6667
      1 6669
      1 6671
      2 6673
      3 6675
      2 6677
      1 6678
      3 6680
      4 6681
      2 6683
      4 6684
      1 6686
      1 6689
      1 6691
      1 6692
      1 6693
      2 6695
      1 6696
      1 6699
      1 6700
      1 6701
      2 6703
      2 6704
      1 6705
      2 6708
      4 6709
      1 6710
      1 6711
      2 6714
      2 6715
      2 6716
      4 6718
      1 6719
      1 6722
      2 6723
      2 6725
      1 6726
      4 6728
      4 6729
      1 6730
      3 6733
      5 6735
      3 6736
      1 6737
      2 6739
      2 6740
      1 6741
      2 6744
      1 6746
      2 6747
      2 6748
      2 6751
      2 6754
      2 6755
      2 6756
      1 6759
      1 6760
      1 6761
      1 6763
      2 6765
      2 6767
      1 6770
      1 6772
      1 6773
      2 6774
      1 6777
      1 6778
      2 6779
      3 6780
      1 6781
      1 6786
      2 6787
      1 6788
      1 6789
      1 6791
      1 6795
      1 6796
      2 6797
      1 6798
      1 6801
      2 6804
      2 6807
      3 6808
      1 6812
      1 6813
      1 6816
      3 6818
      1 6819
      1 6820
      4 6822
      1 6823
      1 6825
      3 6827
      1 6831
      2 6835
      1 6836
      1 6838
      2 6841
      1 6843
      2 6845
      1 6846
      2 6847
      1 6848
      2 6849
      1 6851
      2 6854
      2 6856
      2 6857
      2 6858
      1 6861
      2 6862
      2 6863
      1 6864
      1 6865
      1 6869
      3 6871
      2 6875
      1 6876
      1 6878
      1 6879
      1 6882
      1 6884
      1 6886
      3 6887
      2 6888
      1 6889
      2 6890
      1 6891
      1 6892
      2 6893
      1 6894
      3 6896
      1 6897
      1 6898
      1 6899
      1 6901
      2 6907
      1 6912
      2 6914
      1 6916
      2 6917
      2 6918
      1 6919
      1 6921
      2 6922
      2 6923
      1 6924
      1 6925
      2 6926
      1 6927
      1 6929
      1 6931
      2 6932
      1 6933
      1 6935
      1 6941
      1 6942
      2 6943
      1 6945
      3 6947
      1 6948
      1 6950
      2 6954
      1 6955
      1 6956
      1 6957
      2 6960
      1 6961
      1 6962
      2 6963
      2 6965
      1 6966
      2 6967
      3 6968
      2 6969
      1 6970
      2 6972
      4 6977
      1 6978
      1 6979
      1 6980
      1 6982
      1 6984
      2 6985
      1 6986
      2 6988
      1 6989
      2 6990
      1 6991
      1 6992
      1 6993
      2 6994
      1 6996
      2 6998
      5 6999
      1 7000
      4 7001
      1 7002
      3 7004
      1 7005
      2 7006
      1 7007
      2 7008
      3 7010
      1 7011
      1 7012
      2 7013
      3 7014
      2 7015
      2 7016
      4 7017
      1 7018
      2 7019
      1 7021
      2 7022
      1 7023
      1 7025
      3 7026
      1 7028
      4 7029
      1 7031
      1 7034
      1 7035
      3 7038
      4 7040
      1 7041
      1 7043
      2 7044
      3 7045
      1 7047
      1 7048
      4 7049
      2 7050
      3 7051
      1 7052
      3 7055
      2 7056
      1 7058
      1 7059
      3 7062
      2 7063
      1 7064
      5 7065
      1 7067
      1 7068
      1 7069
      1 7070
      3 7071
      1 7074
      1 7076
      1 7077
      1 7080
      2 7081
      3 7082
      2 7083
      2 7084
      2 7085
      1 7086
      2 7088
      2 7090
      3 7093
      1 7094
      1 7096
      4 7098
      1 7099
      3 7100
      1 7101
      1 7102
      4 7103
      1 7104
      1 7105
      1 7106
      1 7107
      1 7108
      2 7109
      1 7112
      1 7113
      1 7114
      1 7115
      1 7118
      2 7121
      1 7123
      1 7125
      1 7127
      1 7128
      1 7129
      1 7130
      1 7131
      1 7132
      1 7134
      2 7136
      1 7138
      1 7139
      1 7142
      2 7144
      3 7145
      2 7146
      3 7147
      2 7149
      1 7151
      2 7152
      1 7153
      1 7154
      2 7156
      1 7157
      1 7160
      2 7161
      2 7163
      1 7166
      1 7169
      1 7170
      1 7171
      2 7172
      1 7174
      1 7178
      1 7180
      1 7182
      1 7183
      3 7190
      2 7191
      1 7192
      2 7193
      2 7194
      1 7195
      1 7196
      1 7197
      2 7200
      1 7202
      1 7203
      1 7204
      1 7206
      1 7207
      2 7208
      1 7209
      4 7211
      1 7212
      1 7213
      1 7214
      1 7217
      1 7220
      2 7221
      1 7223
      2 7224
      2 7225
      1 7227
      2 7230
      1 7233
      1 7234
      2 7235
      1 7236
      1 7237
      1 7238
      1 7239
      3 7240
      1 7242
      1 7243
      1 7246
      1 7248
      3 7249
      1 7251
      1 7252
      1 7253
      1 7254
      2 7255
      3 7257
      1 7258
      1 7262
      2 7265
      1 7266
      3 7267
      2 7268
      1 7269
      1 7271
      1 7272
      2 7273
      2 7274
      1 7275
      1 7276
      2 7282
      1 7283
      3 7284
      1 7285
      3 7286
      2 7289
      1 7293
      2 7294
      1 7295
      6 7298
      1 7299
      1 7302
      2 7303
      4 7304
      2 7306
      1 7307
      1 7309
      1 7310
      1 7311
      1 7313
      2 7314
      2 7316
      2 7317
      2 7319
      3 7321
      1 7322
      1 7323
      2 7324
      2 7325
      1 7326
      1 7327
      3 7328
      3 7329
      1 7331
      2 7334
      2 7337
      1 7340
      2 7343
      1 7345
      2 7347
      3 7348
      2 7349
      1 7350
      3 7351
      2 7353
      1 7354
      1 7357
      1 7362
      1 7363
      1 7364
      1 7366
      1 7367
      1 7368
      1 7369
      1 7370
      2 7372
      2 7373
      1 7377
      1 7379
      1 7380
      1 7381
      1 7383
      1 7385
      1 7386
      2 7387
      2 7389
      1 7390
      1 7391
      2 7394
      1 7397
      1 7399
      2 7401
      1 7402
      1 7406
      1 7409
      1 7411
      1 7412
      2 7413
      2 7414
      1 7416
      3 7417
      1 7419
      2 7421
      2 7423
      2 7424
      2 7425
      1 7426
      2 7427
      1 7430
      1 7431
      1 7432
      1 7434
      1 7435
      4 7436
      1 7437
      1 7438
      1 7439
      1 7440
      2 7441
      3 7444
      1 7445
      1 7446
      2 7448
      1 7449
      2 7455
      1 7456
      1 7457
      1 7458
      2 7459
      1 7460
      1 7462
      2 7464
      1 7466
      4 7467
      1 7468
      1 7471
      1 7472
      1 7477
      2 7478
      1 7479
      1 7480
      1 7482
      1 7483
      1 7484
      1 7485
      1 7486
      4 7487
      1 7489
      1 7491
      1 7492
      1 7496
      2 7498
      2 7499
      1 7503
      1 7507
      1 7509
      1 7513
      2 7514
      1 7515
      1 7517
      1 7518
      1 7519
      2 7521
      2 7523
      2 7524
      1 7525
      1 7527
      1 7528
      2 7531
      1 7532
      2 7533
      1 7534
      2 7537
      1 7538
      1 7542
      1 7544
      2 7547
      1 7552
      3 7553
      1 7554
      1 7555
      1 7557
      3 7559
      1 7561
      1 7562
      1 7563
      1 7564
      3 7565
      1 7567
      1 7568
      1 7569
      1 7572
      1 7573
      2 7575
      2 7576
      1 7578
      2 7579
      1 7581
      1 7585
      1 7586
      1 7587
      2 7588
      1 7589
      1 7590
      1 7591
      2 7592
      1 7593
      1 7594
      2 7595
      1 7596
      1 7599
      2 7600
      1 7602
      2 7604
      1 7605
      1 7606
      2 7607
      1 7609
      1 7611
      1 7613
      1 7614
      2 7618
      2 7619
      1 7620
      3 7621
      1 7624
      4 7625
      2 7626
      1 7628
      2 7629
      1 7631
      1 7632
      1 7636
      2 7637
      2 7643
      1 7645
      1 7646
      2 7647
      1 7649
      1 7651
      1 7652
      1 7653
      3 7658
      1 7660
      1 7662
      2 7663
      1 7665
      1 7671
      1 7673
      1 7675
      2 7677
      1 7678
      1 7679
      1 7681
      2 7682
      2 7685
      1 7686
      1 7688
      2 7689
      1 7690
      1 7691
      2 7692
      2 7693
      2 7694
      1 7695
      1 7697
      1 7698
      3 7699
      2 7705
      1 7706
      1 7707
      1 7708
      1 7709
      4 7710
      1 7711
      2 7712
      3 7714
      3 7715
      1 7716
      1 7717
      4 7718
      2 7719
      1 7723
      1 7724
      1 7725
      4 7727
      1 7728
      2 7729
      2 7730
      2 7732
      1 7734
      2 7735
      1 7736
      2 7737
      2 7738
      2 7739
      3 7741
      3 7742
      1 7746
      3 7750
      2 7751
      1 7752
      1 7754
      2 7755
      3 7757
      2 7758
      3 7759
      1 7760
      2 7761
      2 7762
      2 7763
      1 7764
      3 7765
      1 7766
      2 7767
      3 7768
      1 7772
      1 7774
      1 7776
      1 7779
      1 7780
      1 7784
      2 7786
      1 7787
      2 7789
      1 7790
      3 7794
      2 7795
      2 7797
      1 7799
      2 7800
      1 7802
      1 7803
      2 7806
      1 7807
      1 7808
      1 7811
      1 7813
      2 7814
      1 7815
      1 7816
      1 7817
      1 7818
      2 7822
      1 7824
      2 7827
      1 7829
      1 7830
      1 7832
      1 7833
      1 7834
      1 7836
      1 7837
      1 7838
      1 7839
      2 7842
      1 7844
      1 7846
      1 7847
      2 7848
      2 7849
      4 7852
      1 7855
      2 7858
      1 7859
      2 7860
      4 7863
      1 7864
      2 7865
      2 7866
      1 7867
      2 7868
      2 7870
      4 7871
      2 7872
      2 7873
      1 7874
      2 7875
      3 7877
      1 7878
      1 7879
      1 7880
      2 7881
      3 7882
      2 7883
      3 7884
      4 7885
      3 7886
      4 7887
      3 7888
      4 7889
      4 7890
      2 7891
      6 7892
      2 7893
      3 7894
      5 7895
      5 7896
      7 7897
      3 7898
      4 7899
      3 7900
      5 7901
      3 7902
      3 7903
      4 7904
      7 7905
      5 7906
      2 7907
      4 7908
      2 7909
      7 7910
      2 7911
      3 7912
      6 7913
      8 7914
      6 7915
      2 7916
      5 7917
      5 7918
     12 7919
      7 7920
      8 7921
      4 7922
      3 7923
      4 7924
     11 7925
      8 7926
     14 7927
     13 7928
      5 7929
      7 7930
      7 7931
      6 7932
      5 7933
      7 7934
      8 7935
      4 7936
      9 7937
     12 7938
      9 7939
      6 7940
      7 7941
      8 7942
      8 7943
      8 7944
     13 7945
     18 7946
      8 7947
      5 7948
      3 7949
      5 7950
      7 7951
      5 7952
      5 7953
      5 7954
      2 7955
      3 7957
      1 7958
      1 7960
      1 7961
      2 7962
      2 7963
      3 7965
      1 7966
      1 7967
      1 7968
      1 7969
      1 7970
      1 7972
      3 7973
      2 7974
      1 7975
      2 7976
      1 7977
      1 7978
      3 7979
      6 7980
      3 7981
      3 7982
      3 7983
      2 7984
      1 7985
      3 7986
      5 7987
      3 7989
      3 7990
      4 7991
      1 7992
      2 7993
      1 7994
      3 7995
      4 7996
      6 7997
      4 7998
