 312082 0
335372601 1
471842928 2
517668706 3
467812225 4
361625077 5
245644231 6
149930963 7
83766657 8
43629587 9
21585829 10
10377737 11
5053246 12
2610650 13
1490512 14
 956430 15
 684733 16
 530147 17
 433556 18
 361935 19
 309375 20
 265883 21
 230977 22
 204287 23
 179768 24
 159273 25
 142280 26
 126192 27
 113418 28
 104589 29
  95807 30
  88042 31
  81164 32
  76425 33
  70498 34
  64061 35
  60539 36
  57027 37
  53623 38
  50223 39
  47487 40
  44889 41
  42909 42
  41563 43
  39715 44
  37860 45
  36155 46
  34657 47
  32459 48
  31918 49
  31232 50
  29813 51
  28133 52
  27420 53
  27009 54
  26035 55
  25606 56
  25051 57
  23795 58
  23505 59
  22745 60
  22313 61
  21159 62
  20848 63
  20432 64
  19979 65
  19494 66
  19089 67
  18762 68
  18224 69
  18027 70
  17386 71
  16468 72
  16481 73
  16302 74
  16141 75
  15782 76
  15890 77
  15038 78
  14633 79
  14409 80
  14082 81
  13769 82
  13408 83
  12914 84
  12962 85
  12756 86
  12567 87
  12260 88
  12144 89
  11847 90
  11617 91
  11258 92
  11402 93
  11093 94
  10694 95
  10512 96
  10529 97
  10601 98
  10399 99
   9942 100
  10083 101
   9621 102
   9589 103
   9311 104
   9198 105
   9016 106
   8769 107
   8561 108
   8711 109
   8649 110
   8381 111
   8254 112
   8172 113
   7850 114
   7819 115
   7795 116
   7682 117
   7574 118
   7531 119
   7373 120
   7347 121
   7224 122
   6923 123
   6978 124
   6633 125
   6730 126
   6757 127
   6714 128
   6538 129
   6560 130
   6305 131
   6313 132
   6070 133
   6056 134
   5941 135
   5829 136
   5910 137
   5762 138
   5652 139
   5613 140
   5586 141
   5566 142
   5510 143
   5454 144
   5452 145
   5188 146
   5259 147
   5125 148
   5020 149
   4944 150
   5019 151
   4835 152
   4831 153
   4769 154
   4856 155
   4617 156
   4527 157
   4605 158
   4392 159
   4359 160
   4245 161
   4320 162
   4234 163
   4146 164
   4210 165
   4072 166
   4187 167
   4157 168
   4019 169
   4088 170
   4047 171
   4065 172
   4038 173
   3904 174
   3929 175
   4048 176
   3908 177
   3844 178
   3807 179
   3698 180
   3704 181
   3611 182
   3576 183
   3593 184
   3545 185
   3489 186
   3541 187
   3596 188
   3520 189
   3512 190
   3536 191
   3451 192
   3456 193
   3279 194
   3400 195
   3265 196
   3286 197
   3350 198
   3259 199
   3256 200
   3125 201
   3165 202
   3047 203
   3113 204
   2969 205
   3015 206
   3030 207
   2976 208
   2990 209
   2882 210
   2915 211
   2907 212
   2935 213
   2807 214
   2828 215
   2770 216
   2731 217
   2753 218
   2869 219
   2706 220
   2673 221
   2672 222
   2622 223
   2575 224
   2631 225
   2522 226
   2514 227
   2533 228
   2549 229
   2463 230
   2594 231
   2420 232
   2471 233
   2504 234
   2413 235
   2348 236
   2260 237
   2332 238
   2394 239
   2346 240
   2383 241
   2297 242
   2330 243
   2228 244
   2243 245
   2185 246
   2194 247
   2173 248
   2159 249
   2242 250
   2225 251
   2247 252
   2261 253
   2140 254
   2200 255
   2162 256
   2020 257
   2028 258
   2066 259
   2064 260
   2120 261
   2023 262
   1935 263
   1971 264
   1888 265
   1906 266
   1943 267
   1897 268
   1839 269
   1812 270
   1847 271
   1782 272
   1807 273
   1737 274
   1798 275
   1723 276
   1776 277
   1729 278
   1724 279
   1651 280
   1777 281
   1700 282
   1683 283
   1735 284
   1752 285
   1657 286
   1636 287
   1635 288
   1696 289
   1688 290
   1583 291
   1617 292
   1616 293
   1545 294
   1529 295
   1420 296
   1478 297
   1468 298
   1461 299
   1399 300
   1438 301
   1503 302
   1364 303
   1392 304
   1355 305
   1309 306
   1265 307
   1387 308
   1290 309
   1347 310
   1422 311
   1313 312
   1377 313
   1358 314
   1298 315
   1285 316
   1303 317
   1230 318
   1207 319
   1234 320
   1295 321
   1284 322
   1256 323
   1260 324
   1203 325
   1274 326
   1246 327
   1180 328
   1212 329
   1140 330
   1177 331
   1148 332
   1193 333
   1172 334
   1163 335
   1225 336
   1141 337
   1151 338
   1133 339
   1113 340
   1120 341
   1166 342
   1105 343
   1157 344
   1147 345
   1161 346
   1154 347
   1103 348
   1152 349
   1127 350
   1104 351
   1114 352
   1067 353
   1050 354
   1110 355
   1027 356
   1060 357
    979 358
   1058 359
    977 360
   1001 361
   1049 362
   1017 363
    970 364
   1003 365
    952 366
    990 367
    991 368
    961 369
    984 370
    961 371
    979 372
   1022 373
   1027 374
    982 375
    939 376
    941 377
    880 378
    951 379
    910 380
    962 381
    944 382
    902 383
    935 384
    872 385
    906 386
    849 387
    835 388
    871 389
    820 390
    853 391
    839 392
    787 393
    817 394
    865 395
    832 396
    834 397
    816 398
    785 399
    840 400
    840 401
    834 402
    761 403
    801 404
    793 405
    767 406
    726 407
    757 408
    744 409
    722 410
    765 411
    725 412
    738 413
    719 414
    716 415
    782 416
    751 417
    745 418
    724 419
    739 420
    750 421
    721 422
    711 423
    761 424
    736 425
    682 426
    667 427
    670 428
    643 429
    649 430
    644 431
    674 432
    668 433
    617 434
    635 435
    611 436
    601 437
    646 438
    608 439
    580 440
    604 441
    620 442
    586 443
    606 444
    622 445
    618 446
    600 447
    598 448
    597 449
    595 450
    606 451
    623 452
    653 453
    550 454
    628 455
    589 456
    616 457
    610 458
    581 459
    575 460
    584 461
    534 462
    566 463
    592 464
    600 465
    641 466
    602 467
    582 468
    614 469
    623 470
    645 471
    582 472
    609 473
    592 474
    575 475
    604 476
    554 477
    582 478
    597 479
    605 480
    573 481
    594 482
    516 483
    550 484
    591 485
    534 486
    564 487
    563 488
    565 489
    565 490
    537 491
    558 492
    567 493
    544 494
    529 495
    571 496
    532 497
    555 498
    570 499
    547 500
    527 501
    534 502
    528 503
    555 504
    529 505
    547 506
    462 507
    537 508
    516 509
    514 510
    486 511
    488 512
    484 513
    514 514
    567 515
    518 516
    516 517
    474 518
    475 519
    499 520
    508 521
    517 522
    508 523
    492 524
    461 525
    465 526
    499 527
    506 528
    471 529
    473 530
    491 531
    473 532
    441 533
    462 534
    497 535
    443 536
    447 537
    446 538
    450 539
    466 540
    419 541
    404 542
    392 543
    443 544
    416 545
    455 546
    444 547
    448 548
    402 549
    404 550
    445 551
    439 552
    455 553
    399 554
    451 555
    419 556
    427 557
    395 558
    428 559
    418 560
    430 561
    373 562
    390 563
    405 564
    388 565
    393 566
    422 567
    416 568
    358 569
    415 570
    412 571
    359 572
    392 573
    362 574
    388 575
    350 576
    378 577
    361 578
    344 579
    361 580
    374 581
    383 582
    380 583
    350 584
    337 585
    347 586
    379 587
    337 588
    376 589
    353 590
    383 591
    388 592
    361 593
    346 594
    368 595
    389 596
    343 597
    350 598
    357 599
    364 600
    388 601
    357 602
    359 603
    353 604
    346 605
    381 606
    412 607
    392 608
    417 609
    365 610
    344 611
    389 612
    359 613
    349 614
    370 615
    375 616
    356 617
    341 618
    381 619
    355 620
    348 621
    369 622
    379 623
    342 624
    359 625
    322 626
    342 627
    362 628
    325 629
    350 630
    373 631
    368 632
    362 633
    373 634
    362 635
    355 636
    341 637
    323 638
    353 639
    314 640
    372 641
    338 642
    334 643
    352 644
    328 645
    320 646
    322 647
    361 648
    298 649
    335 650
    321 651
    300 652
    311 653
    332 654
    351 655
    332 656
    319 657
    380 658
    349 659
    347 660
    304 661
    342 662
    290 663
    304 664
    347 665
    335 666
    362 667
    303 668
    335 669
    342 670
    330 671
    334 672
    292 673
    323 674
    337 675
    337 676
    375 677
    311 678
    350 679
    311 680
    332 681
    340 682
    319 683
    320 684
    289 685
    330 686
    315 687
    322 688
    297 689
    295 690
    306 691
    309 692
    315 693
    301 694
    294 695
    324 696
    304 697
    298 698
    310 699
    289 700
    300 701
    273 702
    298 703
    279 704
    286 705
    265 706
    300 707
    260 708
    267 709
    292 710
    259 711
    279 712
    283 713
    243 714
    293 715
    299 716
    252 717
    258 718
    275 719
    262 720
    262 721
    252 722
    267 723
    266 724
    258 725
    231 726
    247 727
    251 728
    279 729
    248 730
    279 731
    283 732
    284 733
    277 734
    255 735
    227 736
    259 737
    276 738
    280 739
    247 740
    252 741
    276 742
    286 743
    249 744
    304 745
    257 746
    269 747
    231 748
    258 749
    229 750
    285 751
    276 752
    240 753
    256 754
    282 755
    254 756
    269 757
    243 758
    231 759
    252 760
    278 761
    236 762
    242 763
    276 764
    250 765
    261 766
    259 767
    266 768
    221 769
    250 770
    246 771
    215 772
    245 773
    215 774
    265 775
    238 776
    243 777
    232 778
    236 779
    259 780
    222 781
    236 782
    222 783
    237 784
    251 785
    242 786
    235 787
    217 788
    243 789
    244 790
    205 791
    237 792
    238 793
    222 794
    199 795
    230 796
    217 797
    247 798
    222 799
    216 800
    257 801
    234 802
    230 803
    237 804
    214 805
    258 806
    210 807
    265 808
    216 809
    209 810
    209 811
    230 812
    251 813
    253 814
    253 815
    231 816
    226 817
    227 818
    233 819
    243 820
    224 821
    248 822
    232 823
    227 824
    220 825
    224 826
    203 827
    216 828
    238 829
    248 830
    216 831
    227 832
    218 833
    211 834
    203 835
    233 836
    217 837
    203 838
    210 839
    206 840
    175 841
    183 842
    186 843
    202 844
    203 845
    209 846
    187 847
    194 848
    187 849
    201 850
    197 851
    213 852
    205 853
    215 854
    220 855
    235 856
    236 857
    204 858
    195 859
    241 860
    220 861
    209 862
    222 863
    219 864
    199 865
    221 866
    198 867
    224 868
    206 869
    182 870
    215 871
    199 872
    185 873
    205 874
    203 875
    174 876
    190 877
    218 878
    182 879
    179 880
    200 881
    181 882
    173 883
    188 884
    194 885
    173 886
    172 887
    188 888
    156 889
    166 890
    184 891
    180 892
    173 893
    173 894
    177 895
    163 896
    165 897
    185 898
    157 899
    175 900
    172 901
    165 902
    154 903
    165 904
    176 905
    136 906
    155 907
    187 908
    168 909
    154 910
    190 911
    149 912
    154 913
    166 914
    168 915
    163 916
    156 917
    164 918
    171 919
    148 920
    182 921
    167 922
    158 923
    167 924
    177 925
    181 926
    172 927
    159 928
    155 929
    148 930
    187 931
    164 932
    161 933
    164 934
    155 935
    154 936
    141 937
    169 938
    160 939
    169 940
    165 941
    173 942
    174 943
    157 944
    163 945
    162 946
    163 947
    159 948
    155 949
    161 950
    161 951
    163 952
    158 953
    126 954
    130 955
    158 956
    139 957
    169 958
    167 959
    157 960
    177 961
    161 962
    167 963
    166 964
    159 965
    150 966
    133 967
    139 968
    165 969
    166 970
    150 971
    150 972
    175 973
    145 974
    136 975
    106 976
    146 977
    153 978
    148 979
    141 980
    134 981
    134 982
    142 983
    155 984
    141 985
    147 986
    132 987
    133 988
    165 989
    150 990
    148 991
    140 992
    155 993
    147 994
    142 995
    168 996
    158 997
    153 998
    147 999
    153 1000
    137 1001
    149 1002
    142 1003
    142 1004
    161 1005
    150 1006
    143 1007
    142 1008
    144 1009
    153 1010
    131 1011
    143 1012
    150 1013
    126 1014
    127 1015
    162 1016
    153 1017
    136 1018
    170 1019
    124 1020
    146 1021
    145 1022
    133 1023
    128 1024
    127 1025
    151 1026
    137 1027
    130 1028
    163 1029
    122 1030
    136 1031
    132 1032
    144 1033
    167 1034
    132 1035
    162 1036
    128 1037
    132 1038
    154 1039
    136 1040
    163 1041
    144 1042
    123 1043
    149 1044
    142 1045
    132 1046
    140 1047
    134 1048
    164 1049
    122 1050
    137 1051
    137 1052
    134 1053
    129 1054
    153 1055
    129 1056
    134 1057
    122 1058
    116 1059
    133 1060
    119 1061
    168 1062
    133 1063
    133 1064
    119 1065
    158 1066
    107 1067
    112 1068
    148 1069
    139 1070
    139 1071
    128 1072
    102 1073
    116 1074
    111 1075
    138 1076
    130 1077
    119 1078
    141 1079
    154 1080
    123 1081
    109 1082
    142 1083
    109 1084
    125 1085
    124 1086
    135 1087
    133 1088
    141 1089
    129 1090
    127 1091
    128 1092
    135 1093
    148 1094
    163 1095
    153 1096
    143 1097
    135 1098
    123 1099
    140 1100
    135 1101
    141 1102
    128 1103
    143 1104
    120 1105
    141 1106
    116 1107
    126 1108
    115 1109
    121 1110
    121 1111
    116 1112
    153 1113
    129 1114
    145 1115
    116 1116
    142 1117
    123 1118
    120 1119
    142 1120
    143 1121
    136 1122
    122 1123
    132 1124
    140 1125
    141 1126
    136 1127
    138 1128
    139 1129
    130 1130
    132 1131
    146 1132
    128 1133
    135 1134
    139 1135
    140 1136
    124 1137
    131 1138
    125 1139
    141 1140
    105 1141
    148 1142
    120 1143
    135 1144
    119 1145
    128 1146
    108 1147
    131 1148
    103 1149
    123 1150
    103 1151
    114 1152
    131 1153
    123 1154
    118 1155
    116 1156
    126 1157
    126 1158
    115 1159
    127 1160
    115 1161
    120 1162
    112 1163
    102 1164
    103 1165
     98 1166
    118 1167
    125 1168
    103 1169
    117 1170
    100 1171
    104 1172
    111 1173
    132 1174
    113 1175
    119 1176
    128 1177
    120 1178
    120 1179
    123 1180
    114 1181
    116 1182
    121 1183
    111 1184
    114 1185
    111 1186
    113 1187
    101 1188
    111 1189
     86 1190
    112 1191
    136 1192
    121 1193
    122 1194
    121 1195
    108 1196
    111 1197
    111 1198
    113 1199
    117 1200
     97 1201
    109 1202
    118 1203
    112 1204
    108 1205
     94 1206
    100 1207
     99 1208
    110 1209
    114 1210
    111 1211
     98 1212
    117 1213
    112 1214
    104 1215
    116 1216
    113 1217
    100 1218
    108 1219
    103 1220
    118 1221
    119 1222
     99 1223
    126 1224
    127 1225
    116 1226
    106 1227
    121 1228
    117 1229
    124 1230
    118 1231
    108 1232
    107 1233
    105 1234
    116 1235
    116 1236
    113 1237
    100 1238
    117 1239
    108 1240
     89 1241
    100 1242
    107 1243
     97 1244
    103 1245
    102 1246
    105 1247
    111 1248
     96 1249
     88 1250
     96 1251
    111 1252
    102 1253
    110 1254
    120 1255
    121 1256
     97 1257
    122 1258
     93 1259
    122 1260
    104 1261
    106 1262
    113 1263
    111 1264
    104 1265
    114 1266
    112 1267
     95 1268
    113 1269
    102 1270
     96 1271
    101 1272
    110 1273
    109 1274
    114 1275
     84 1276
    101 1277
    117 1278
    100 1279
    119 1280
    110 1281
    112 1282
     99 1283
    108 1284
    128 1285
    128 1286
    124 1287
    105 1288
    107 1289
    106 1290
    105 1291
    124 1292
    106 1293
    111 1294
    112 1295
    121 1296
    118 1297
    101 1298
    120 1299
    112 1300
    123 1301
     93 1302
     94 1303
    109 1304
     98 1305
    108 1306
    111 1307
    115 1308
    115 1309
    118 1310
    122 1311
    108 1312
    106 1313
    111 1314
    107 1315
    103 1316
    118 1317
    107 1318
    117 1319
     89 1320
    110 1321
    111 1322
    108 1323
     98 1324
    121 1325
    108 1326
    101 1327
    118 1328
    111 1329
    102 1330
    105 1331
    114 1332
    110 1333
    127 1334
    107 1335
    125 1336
     97 1337
     89 1338
    111 1339
    122 1340
    122 1341
    117 1342
    112 1343
    104 1344
    108 1345
    106 1346
    115 1347
    115 1348
    125 1349
    130 1350
    108 1351
    115 1352
     79 1353
    106 1354
    113 1355
    110 1356
    105 1357
    101 1358
    116 1359
    104 1360
     98 1361
    109 1362
    104 1363
    106 1364
    100 1365
    112 1366
    104 1367
    121 1368
    117 1369
    105 1370
     86 1371
     81 1372
    116 1373
    106 1374
    112 1375
     94 1376
    108 1377
     91 1378
    112 1379
    110 1380
     95 1381
    100 1382
    101 1383
    125 1384
    104 1385
     88 1386
    113 1387
    110 1388
    112 1389
     95 1390
     92 1391
    111 1392
    103 1393
    109 1394
    104 1395
    119 1396
    107 1397
    127 1398
    104 1399
    114 1400
    103 1401
    124 1402
    101 1403
    114 1404
     94 1405
    105 1406
    119 1407
    111 1408
     98 1409
    110 1410
     96 1411
    111 1412
    105 1413
     76 1414
     92 1415
     94 1416
    106 1417
     86 1418
     91 1419
     87 1420
    104 1421
     87 1422
     97 1423
    105 1424
    101 1425
    105 1426
     99 1427
    109 1428
     77 1429
     97 1430
    105 1431
    104 1432
    102 1433
    101 1434
     95 1435
     97 1436
    104 1437
     90 1438
     95 1439
    108 1440
    106 1441
    108 1442
     93 1443
    121 1444
    105 1445
    104 1446
    103 1447
     86 1448
     94 1449
    103 1450
     91 1451
    118 1452
    103 1453
     97 1454
     93 1455
     96 1456
     80 1457
     90 1458
    104 1459
    101 1460
     89 1461
    105 1462
     89 1463
    103 1464
    100 1465
     95 1466
    111 1467
    111 1468
     79 1469
    103 1470
    109 1471
    103 1472
    111 1473
    112 1474
    110 1475
     95 1476
    122 1477
    127 1478
    113 1479
    129 1480
    104 1481
    129 1482
     90 1483
    122 1484
    104 1485
     96 1486
    114 1487
     99 1488
     96 1489
    130 1490
    100 1491
     90 1492
    108 1493
    112 1494
    106 1495
    114 1496
    116 1497
     94 1498
     96 1499
    100 1500
    113 1501
    100 1502
     97 1503
    113 1504
     96 1505
    123 1506
     84 1507
    106 1508
    110 1509
     93 1510
     93 1511
     98 1512
    111 1513
     99 1514
    107 1515
    128 1516
    106 1517
    107 1518
     93 1519
     85 1520
    112 1521
     83 1522
     96 1523
     98 1524
     97 1525
     96 1526
     95 1527
     98 1528
     76 1529
     83 1530
    121 1531
    118 1532
     77 1533
    107 1534
     89 1535
     80 1536
     96 1537
     80 1538
     75 1539
     80 1540
     89 1541
     93 1542
     97 1543
     96 1544
     81 1545
     97 1546
     85 1547
     92 1548
    106 1549
     89 1550
     80 1551
     72 1552
     75 1553
     63 1554
     94 1555
     79 1556
     63 1557
     81 1558
     85 1559
     95 1560
     65 1561
     77 1562
     75 1563
     86 1564
     86 1565
     79 1566
     91 1567
     96 1568
     82 1569
     93 1570
     94 1571
     79 1572
     88 1573
     85 1574
     78 1575
     93 1576
     97 1577
     76 1578
     78 1579
     86 1580
     92 1581
    102 1582
    105 1583
     96 1584
     70 1585
     93 1586
     76 1587
    102 1588
     95 1589
     87 1590
     89 1591
     73 1592
    113 1593
     91 1594
     98 1595
     84 1596
     88 1597
     76 1598
     82 1599
     92 1600
     89 1601
     81 1602
     70 1603
     91 1604
     67 1605
     99 1606
     84 1607
     86 1608
    103 1609
     90 1610
     86 1611
     90 1612
     85 1613
     92 1614
     89 1615
     89 1616
     95 1617
     84 1618
     73 1619
     90 1620
     87 1621
     85 1622
     98 1623
     89 1624
     67 1625
     94 1626
    104 1627
     95 1628
     89 1629
     93 1630
     78 1631
     80 1632
     82 1633
     91 1634
     84 1635
     88 1636
     82 1637
     69 1638
     87 1639
     74 1640
     82 1641
     58 1642
     73 1643
     81 1644
     67 1645
     65 1646
     80 1647
     82 1648
     70 1649
     77 1650
     81 1651
     88 1652
     68 1653
     67 1654
     88 1655
     70 1656
     74 1657
     78 1658
     81 1659
     60 1660
     72 1661
     75 1662
     87 1663
     87 1664
     66 1665
     68 1666
     78 1667
     84 1668
     64 1669
     73 1670
     72 1671
     94 1672
     69 1673
     74 1674
     76 1675
     83 1676
     94 1677
     79 1678
     72 1679
     82 1680
     83 1681
     78 1682
     77 1683
     75 1684
     79 1685
     77 1686
     93 1687
     74 1688
     67 1689
     73 1690
     76 1691
     76 1692
     64 1693
     61 1694
     67 1695
     77 1696
     57 1697
     63 1698
     62 1699
     80 1700
     51 1701
     68 1702
     60 1703
     69 1704
     66 1705
     75 1706
     76 1707
     54 1708
     66 1709
     71 1710
     79 1711
     81 1712
     77 1713
     54 1714
     70 1715
     72 1716
     68 1717
     86 1718
     67 1719
     71 1720
     72 1721
     60 1722
     75 1723
     66 1724
     65 1725
     81 1726
     76 1727
     67 1728
     65 1729
     51 1730
     64 1731
     73 1732
     68 1733
     64 1734
     77 1735
     86 1736
     65 1737
     73 1738
     59 1739
     79 1740
     87 1741
     72 1742
     71 1743
     71 1744
     59 1745
     70 1746
     62 1747
     63 1748
     70 1749
     71 1750
     75 1751
     79 1752
     65 1753
     54 1754
     66 1755
     71 1756
     72 1757
     73 1758
     65 1759
     73 1760
     68 1761
     67 1762
     69 1763
     70 1764
     73 1765
     76 1766
     62 1767
     58 1768
     72 1769
     67 1770
     62 1771
     69 1772
     56 1773
     64 1774
     76 1775
     59 1776
     66 1777
     52 1778
     62 1779
     71 1780
     49 1781
     75 1782
     71 1783
     68 1784
     68 1785
     66 1786
     61 1787
     65 1788
     70 1789
     60 1790
     59 1791
     60 1792
     53 1793
     63 1794
     76 1795
     55 1796
     62 1797
     49 1798
     62 1799
     68 1800
     54 1801
     68 1802
     80 1803
     51 1804
     52 1805
     68 1806
     54 1807
     58 1808
     49 1809
     59 1810
     60 1811
     53 1812
     71 1813
     59 1814
     50 1815
     58 1816
     57 1817
     52 1818
     33 1819
     62 1820
     46 1821
     51 1822
     38 1823
     47 1824
     48 1825
     50 1826
     49 1827
     59 1828
     55 1829
     52 1830
     58 1831
     53 1832
     62 1833
     45 1834
     60 1835
     57 1836
     63 1837
     52 1838
     53 1839
     66 1840
     62 1841
     48 1842
     56 1843
     54 1844
     54 1845
     50 1846
     56 1847
     54 1848
     56 1849
     60 1850
     52 1851
     45 1852
     52 1853
     55 1854
     51 1855
     57 1856
     53 1857
     48 1858
     47 1859
     66 1860
     45 1861
     63 1862
     57 1863
     41 1864
     51 1865
     56 1866
     44 1867
     50 1868
     47 1869
     46 1870
     53 1871
     41 1872
     53 1873
     43 1874
     58 1875
     37 1876
     37 1877
     46 1878
     45 1879
     48 1880
     54 1881
     52 1882
     57 1883
     47 1884
     54 1885
     51 1886
     56 1887
     53 1888
     38 1889
     52 1890
     44 1891
     50 1892
     57 1893
     52 1894
     44 1895
     36 1896
     46 1897
     40 1898
     40 1899
     66 1900
     47 1901
     32 1902
     38 1903
     44 1904
     42 1905
     43 1906
     52 1907
     48 1908
     38 1909
     31 1910
     41 1911
     41 1912
     50 1913
     50 1914
     41 1915
     43 1916
     37 1917
     37 1918
     33 1919
     33 1920
     33 1921
     44 1922
     52 1923
     48 1924
     45 1925
     48 1926
     45 1927
     47 1928
     34 1929
     52 1930
     37 1931
     43 1932
     42 1933
     43 1934
     34 1935
     51 1936
     42 1937
     49 1938
     41 1939
     50 1940
     39 1941
     40 1942
     48 1943
     46 1944
     40 1945
     45 1946
     44 1947
     50 1948
     57 1949
     43 1950
     42 1951
     50 1952
     42 1953
     44 1954
     49 1955
     36 1956
     51 1957
     48 1958
     47 1959
     50 1960
     47 1961
     43 1962
     51 1963
     52 1964
     43 1965
     54 1966
     42 1967
     38 1968
     56 1969
     48 1970
     56 1971
     42 1972
     41 1973
     43 1974
     48 1975
     37 1976
     54 1977
     33 1978
     38 1979
     32 1980
     39 1981
     49 1982
     43 1983
     42 1984
     48 1985
     43 1986
     43 1987
     51 1988
     42 1989
     34 1990
     41 1991
     42 1992
     43 1993
     37 1994
     45 1995
     39 1996
     36 1997
     46 1998
     40 1999
     47 2000
     35 2001
     32 2002
     41 2003
     42 2004
     44 2005
     41 2006
     40 2007
     32 2008
     36 2009
     38 2010
     36 2011
     42 2012
     53 2013
     39 2014
     28 2015
     40 2016
     37 2017
     38 2018
     36 2019
     36 2020
     30 2021
     40 2022
     33 2023
     38 2024
     38 2025
     44 2026
     35 2027
     42 2028
     43 2029
     28 2030
     48 2031
     34 2032
     35 2033
     32 2034
     38 2035
     42 2036
     33 2037
     37 2038
     49 2039
     35 2040
     54 2041
     50 2042
     28 2043
     34 2044
     26 2045
     33 2046
     43 2047
     41 2048
     35 2049
     43 2050
     41 2051
     47 2052
     37 2053
     46 2054
     30 2055
     41 2056
     35 2057
     44 2058
     39 2059
     37 2060
     35 2061
     39 2062
     34 2063
     41 2064
     37 2065
     30 2066
     29 2067
     28 2068
     55 2069
     45 2070
     36 2071
     35 2072
     28 2073
     44 2074
     32 2075
     33 2076
     34 2077
     45 2078
     34 2079
     32 2080
     46 2081
     47 2082
     38 2083
     30 2084
     37 2085
     39 2086
     22 2087
     31 2088
     39 2089
     31 2090
     44 2091
     49 2092
     43 2093
     46 2094
     43 2095
     41 2096
     49 2097
     34 2098
     38 2099
     46 2100
     42 2101
     55 2102
     36 2103
     36 2104
     29 2105
     37 2106
     44 2107
     41 2108
     38 2109
     44 2110
     29 2111
     43 2112
     33 2113
     43 2114
     34 2115
     45 2116
     42 2117
     41 2118
     29 2119
     32 2120
     35 2121
     38 2122
     38 2123
     36 2124
     45 2125
     26 2126
     27 2127
     35 2128
     41 2129
     42 2130
     41 2131
     33 2132
     31 2133
     32 2134
     42 2135
     37 2136
     34 2137
     37 2138
     34 2139
     34 2140
     41 2141
     33 2142
     42 2143
     44 2144
     32 2145
     37 2146
     42 2147
     34 2148
     38 2149
     40 2150
     38 2151
     33 2152
     33 2153
     30 2154
     38 2155
     37 2156
     38 2157
     34 2158
     36 2159
     29 2160
     40 2161
     31 2162
     41 2163
     33 2164
     19 2165
     41 2166
     36 2167
     36 2168
     33 2169
     34 2170
     38 2171
     27 2172
     31 2173
     33 2174
     34 2175
     43 2176
     42 2177
     30 2178
     35 2179
     32 2180
     25 2181
     26 2182
     29 2183
     30 2184
     41 2185
     36 2186
     38 2187
     27 2188
     23 2189
     32 2190
     28 2191
     37 2192
     30 2193
     31 2194
     30 2195
     33 2196
     38 2197
     30 2198
     33 2199
     40 2200
     36 2201
     26 2202
     28 2203
     31 2204
     29 2205
     30 2206
     30 2207
     27 2208
     41 2209
     39 2210
     32 2211
     24 2212
     31 2213
     35 2214
     41 2215
     38 2216
     33 2217
     27 2218
     43 2219
     34 2220
     24 2221
     35 2222
     32 2223
     37 2224
     29 2225
     29 2226
     19 2227
     33 2228
     25 2229
     24 2230
     26 2231
     24 2232
     28 2233
     21 2234
     32 2235
     24 2236
     36 2237
     33 2238
     26 2239
     31 2240
     22 2241
     21 2242
     38 2243
     30 2244
     24 2245
     30 2246
     41 2247
     35 2248
     35 2249
     33 2250
     30 2251
     30 2252
     32 2253
     25 2254
     21 2255
     33 2256
     20 2257
     29 2258
     29 2259
     31 2260
     26 2261
     37 2262
     28 2263
     33 2264
     33 2265
     18 2266
     29 2267
     26 2268
     28 2269
     29 2270
     23 2271
     27 2272
     30 2273
     23 2274
     29 2275
     28 2276
     34 2277
     22 2278
     31 2279
     30 2280
     28 2281
     28 2282
     18 2283
     25 2284
     36 2285
     23 2286
     27 2287
     20 2288
     27 2289
     26 2290
     26 2291
     23 2292
     21 2293
     27 2294
     30 2295
     32 2296
     25 2297
     22 2298
     27 2299
     29 2300
     20 2301
     18 2302
     18 2303
     23 2304
     20 2305
     20 2306
     30 2307
     24 2308
     20 2309
     38 2310
     17 2311
     20 2312
     29 2313
     21 2314
     24 2315
     20 2316
     27 2317
     19 2318
     21 2319
     30 2320
     22 2321
     26 2322
     32 2323
     31 2324
     34 2325
     23 2326
     28 2327
     25 2328
     18 2329
     22 2330
     36 2331
     17 2332
     24 2333
     28 2334
     22 2335
     23 2336
     35 2337
     27 2338
     25 2339
     31 2340
     30 2341
     25 2342
     21 2343
     23 2344
     34 2345
     33 2346
     18 2347
     32 2348
     26 2349
     32 2350
     30 2351
     26 2352
     21 2353
     21 2354
     33 2355
     18 2356
     24 2357
     15 2358
     29 2359
     23 2360
     21 2361
     26 2362
     28 2363
     23 2364
     28 2365
     20 2366
     31 2367
     30 2368
     25 2369
     23 2370
     22 2371
     26 2372
     22 2373
     26 2374
     23 2375
     29 2376
     16 2377
     13 2378
     24 2379
     28 2380
     24 2381
     23 2382
     25 2383
     27 2384
     21 2385
     15 2386
     20 2387
     35 2388
     29 2389
     30 2390
     22 2391
     25 2392
     19 2393
     16 2394
     12 2395
     35 2396
     23 2397
     27 2398
     13 2399
     23 2400
     18 2401
     25 2402
     21 2403
     14 2404
     27 2405
     20 2406
     20 2407
     20 2408
     13 2409
     29 2410
     25 2411
     22 2412
     13 2413
     25 2414
     26 2415
     22 2416
     20 2417
     32 2418
     23 2419
     19 2420
     20 2421
     24 2422
     22 2423
     34 2424
     22 2425
     28 2426
     29 2427
     27 2428
     18 2429
     20 2430
     27 2431
     17 2432
     23 2433
     21 2434
     34 2435
     20 2436
     31 2437
     18 2438
     19 2439
     26 2440
     20 2441
     27 2442
     30 2443
     32 2444
     21 2445
     24 2446
     17 2447
     20 2448
     23 2449
     18 2450
     17 2451
     25 2452
     24 2453
     26 2454
     28 2455
     29 2456
     27 2457
     18 2458
     44 2459
     33 2460
     24 2461
     29 2462
     30 2463
     31 2464
     30 2465
     20 2466
     30 2467
     27 2468
     29 2469
     21 2470
     35 2471
     28 2472
     21 2473
     23 2474
     21 2475
     32 2476
     21 2477
     28 2478
     28 2479
     29 2480
     24 2481
     23 2482
     29 2483
     23 2484
     21 2485
     30 2486
     15 2487
     25 2488
     18 2489
     26 2490
     23 2491
     19 2492
     27 2493
     16 2494
     24 2495
     17 2496
     21 2497
     20 2498
     20 2499
     18 2500
     21 2501
     20 2502
     17 2503
     25 2504
     24 2505
     28 2506
     25 2507
     17 2508
     33 2509
     21 2510
     20 2511
     19 2512
     29 2513
     23 2514
     23 2515
     16 2516
     19 2517
     21 2518
     27 2519
     24 2520
     18 2521
     17 2522
     22 2523
     18 2524
     13 2525
     11 2526
     23 2527
     22 2528
     17 2529
     29 2530
     23 2531
     17 2532
     19 2533
     23 2534
     18 2535
     31 2536
     30 2537
     30 2538
     12 2539
     18 2540
     22 2541
     36 2542
     15 2543
     28 2544
     25 2545
     19 2546
     18 2547
     28 2548
     16 2549
     20 2550
     13 2551
     34 2552
     24 2553
     21 2554
     22 2555
     23 2556
     26 2557
     15 2558
     24 2559
     22 2560
     25 2561
     22 2562
     16 2563
     20 2564
     18 2565
     19 2566
     24 2567
     20 2568
     21 2569
     27 2570
     24 2571
     16 2572
     23 2573
     23 2574
     23 2575
     14 2576
     17 2577
     20 2578
     14 2579
     23 2580
     24 2581
     13 2582
     23 2583
     22 2584
     19 2585
     24 2586
     23 2587
     14 2588
     16 2589
     20 2590
     19 2591
     23 2592
     15 2593
     20 2594
     20 2595
     16 2596
     29 2597
     18 2598
     17 2599
     22 2600
     18 2601
     15 2602
     20 2603
     13 2604
     23 2605
     17 2606
     21 2607
     21 2608
     19 2609
     21 2610
     17 2611
     17 2612
     14 2613
     12 2614
     19 2615
     15 2616
     14 2617
     14 2618
     28 2619
     24 2620
     10 2621
     11 2622
     16 2623
     13 2624
     21 2625
     16 2626
     17 2627
     20 2628
     15 2629
     13 2630
     17 2631
     14 2632
     20 2633
     18 2634
     17 2635
     15 2636
     11 2637
     18 2638
     16 2639
     14 2640
     23 2641
     14 2642
     25 2643
     23 2644
     28 2645
     22 2646
     17 2647
     13 2648
     17 2649
     15 2650
     23 2651
      9 2652
     18 2653
     20 2654
     15 2655
     21 2656
     16 2657
     14 2658
     21 2659
     21 2660
     24 2661
     13 2662
     16 2663
     17 2664
     13 2665
     10 2666
     14 2667
     14 2668
     16 2669
     22 2670
     21 2671
     20 2672
     16 2673
     14 2674
     22 2675
     11 2676
     15 2677
      8 2678
     15 2679
     22 2680
     11 2681
     17 2682
     17 2683
     16 2684
     15 2685
     18 2686
     22 2687
     19 2688
     24 2689
     12 2690
      9 2691
     18 2692
     17 2693
     14 2694
     21 2695
     13 2696
     14 2697
     17 2698
     18 2699
     19 2700
     16 2701
     21 2702
     12 2703
     16 2704
     24 2705
     15 2706
     11 2707
     16 2708
     12 2709
     22 2710
     16 2711
     11 2712
     22 2713
     11 2714
     15 2715
     12 2716
     15 2717
     16 2718
     21 2719
     15 2720
     22 2721
     21 2722
     19 2723
     12 2724
     11 2725
     18 2726
     14 2727
     16 2728
     16 2729
     25 2730
     19 2731
     23 2732
     19 2733
     15 2734
     16 2735
     19 2736
     14 2737
     25 2738
     15 2739
     14 2740
     19 2741
     12 2742
     16 2743
     24 2744
     20 2745
     16 2746
      9 2747
      9 2748
     23 2749
     10 2750
     20 2751
     13 2752
     10 2753
     20 2754
     21 2755
     17 2756
     13 2757
     12 2758
     14 2759
     12 2760
     11 2761
     13 2762
     24 2763
     15 2764
     18 2765
     17 2766
     15 2767
     13 2768
     12 2769
     11 2770
     15 2771
     14 2772
     16 2773
     17 2774
     21 2775
     11 2776
     19 2777
     20 2778
     12 2779
     19 2780
     15 2781
     14 2782
     13 2783
     17 2784
     19 2785
     13 2786
     18 2787
     14 2788
     15 2789
     14 2790
     25 2791
     17 2792
     15 2793
     19 2794
     21 2795
     19 2796
     26 2797
     16 2798
     17 2799
     17 2800
     20 2801
     28 2802
     11 2803
     13 2804
     23 2805
     14 2806
     16 2807
     14 2808
     15 2809
     18 2810
     15 2811
     22 2812
     26 2813
     12 2814
     21 2815
     14 2816
     18 2817
     18 2818
     22 2819
     17 2820
     12 2821
     21 2822
     16 2823
     17 2824
     18 2825
     24 2826
     20 2827
     23 2828
     12 2829
     20 2830
     14 2831
     18 2832
     19 2833
     20 2834
     19 2835
     18 2836
     19 2837
     15 2838
     19 2839
     11 2840
     10 2841
     24 2842
      9 2843
     10 2844
     23 2845
     20 2846
     15 2847
     15 2848
     17 2849
     19 2850
     18 2851
     15 2852
     19 2853
     14 2854
     17 2855
      9 2856
     14 2857
     12 2858
     14 2859
     19 2860
     10 2861
     24 2862
     17 2863
     14 2864
     11 2865
     20 2866
     13 2867
     14 2868
      8 2869
     20 2870
     10 2871
     16 2872
     22 2873
     16 2874
     15 2875
     17 2876
     20 2877
     13 2878
     12 2879
     13 2880
     17 2881
     12 2882
     18 2883
     16 2884
     13 2885
     15 2886
     11 2887
     12 2888
     16 2889
     16 2890
     11 2891
     10 2892
     20 2893
     20 2894
     15 2895
     13 2896
     17 2897
     14 2898
      6 2899
     14 2900
     10 2901
     16 2902
     17 2903
     16 2904
     10 2905
     12 2906
     18 2907
     18 2908
     14 2909
     15 2910
     20 2911
     20 2912
     21 2913
     18 2914
     15 2915
      6 2916
     10 2917
     13 2918
     13 2919
     12 2920
     16 2921
     15 2922
     16 2923
      9 2924
     12 2925
     13 2926
      8 2927
     14 2928
     22 2929
      8 2930
     14 2931
     10 2932
      8 2933
     18 2934
      9 2935
     10 2936
     17 2937
     15 2938
     16 2939
      6 2940
     13 2941
     15 2942
     11 2943
     14 2944
     13 2945
     12 2946
     12 2947
      9 2948
     13 2949
     12 2950
     15 2951
     13 2952
     11 2953
     11 2954
     10 2955
     19 2956
     18 2957
      9 2958
     12 2959
     14 2960
     15 2961
     18 2962
     17 2963
     13 2964
     13 2965
     13 2966
     11 2967
     16 2968
     11 2969
     14 2970
     18 2971
      7 2972
      8 2973
     16 2974
      6 2975
     10 2976
      8 2977
     20 2978
     14 2979
     21 2980
      9 2981
     18 2982
     14 2983
      8 2984
     10 2985
     19 2986
     16 2987
     18 2988
     20 2989
     17 2990
     22 2991
     11 2992
     14 2993
     15 2994
     15 2995
     19 2996
     11 2997
     10 2998
      7 2999
     20 3000
     10 3001
     10 3002
     10 3003
     13 3004
     15 3005
     15 3006
     17 3007
     13 3008
     17 3009
     12 3010
     17 3011
     18 3012
     12 3013
     14 3014
     13 3015
     18 3016
     16 3017
     13 3018
     21 3019
     14 3020
     17 3021
     10 3022
     20 3023
     20 3024
     13 3025
      6 3026
     14 3027
     13 3028
      9 3029
     20 3030
     14 3031
     20 3032
     13 3033
     13 3034
     15 3035
     22 3036
     10 3037
     16 3038
     21 3039
     15 3040
     11 3041
     12 3042
     15 3043
     18 3044
     17 3045
      5 3046
     18 3047
     15 3048
     22 3049
     16 3050
     16 3051
     16 3052
     13 3053
     17 3054
     21 3055
     10 3056
     15 3057
     11 3058
     12 3059
     15 3060
     12 3061
     10 3062
     15 3063
     13 3064
     15 3065
      8 3066
     18 3067
     12 3068
     14 3069
      8 3070
     13 3071
     13 3072
     10 3073
     12 3074
     14 3075
      8 3076
     13 3077
     17 3078
      9 3079
      9 3080
      7 3081
     10 3082
     13 3083
      7 3084
     12 3085
     22 3086
     13 3087
     17 3088
      7 3089
     12 3090
     12 3091
      9 3092
     10 3093
     13 3094
      7 3095
      6 3096
     12 3097
     11 3098
      9 3099
     11 3100
      7 3101
     11 3102
     14 3103
     12 3104
     11 3105
     14 3106
     11 3107
      8 3108
     13 3109
      9 3110
      8 3111
     14 3112
     14 3113
     10 3114
     11 3115
      9 3116
      9 3117
     11 3118
     15 3119
     12 3120
      7 3121
     12 3122
     12 3123
     13 3124
      8 3125
     14 3126
     14 3127
      6 3128
     11 3129
     14 3130
     13 3131
     10 3132
     14 3133
      6 3134
     13 3135
      6 3136
     13 3137
     14 3138
     16 3139
     10 3140
     13 3141
      9 3142
      8 3143
     14 3144
     16 3145
     13 3146
      9 3147
     13 3148
     15 3149
     11 3150
     10 3151
     11 3152
     13 3153
     12 3154
     10 3155
     11 3156
     15 3157
     14 3158
     10 3159
     12 3160
     15 3161
     11 3162
      9 3163
     10 3164
     14 3165
     13 3166
     12 3167
     14 3168
     11 3169
      9 3170
     13 3171
      9 3172
     18 3173
     16 3174
      8 3175
     20 3176
     17 3177
     13 3178
     17 3179
     17 3180
     12 3181
      9 3182
     20 3183
     10 3184
      8 3185
      8 3186
      7 3187
     11 3188
     10 3189
     17 3190
      9 3191
     11 3192
     11 3193
      6 3194
     11 3195
     11 3196
     13 3197
     12 3198
     10 3199
     16 3200
     19 3201
      5 3202
     12 3203
      9 3204
      9 3205
     11 3206
     12 3207
      6 3208
     11 3209
     12 3210
      7 3211
     12 3212
     12 3213
     12 3214
      9 3215
     11 3216
     14 3217
      8 3218
      7 3219
     10 3220
      5 3221
     10 3222
     12 3223
      9 3224
     12 3225
     12 3226
     14 3227
     17 3228
     11 3229
     17 3230
      5 3231
      7 3232
      6 3233
     10 3234
      7 3235
     12 3236
      7 3237
     13 3238
     12 3239
     15 3240
     12 3241
      9 3242
     10 3243
     14 3244
     12 3245
      9 3246
     11 3247
      8 3248
     10 3249
     10 3250
     13 3251
     16 3252
      6 3253
     15 3254
     10 3255
     13 3256
      7 3257
      9 3258
      9 3259
     10 3260
     13 3261
     16 3262
      4 3263
      8 3264
     11 3265
     11 3266
     10 3267
      9 3268
      6 3269
      4 3270
     14 3271
     10 3272
     15 3273
      9 3274
      6 3275
     15 3276
     10 3277
      9 3278
      9 3279
      8 3280
     10 3281
      8 3282
     11 3283
     14 3284
      7 3285
     13 3286
      9 3287
      5 3288
      6 3289
      6 3290
     13 3291
      9 3292
      7 3293
      9 3294
     15 3295
     10 3296
      6 3297
     11 3298
     10 3299
     11 3300
     10 3301
     13 3302
      6 3303
      6 3304
      5 3305
      9 3306
      8 3307
     10 3308
     10 3309
      7 3310
     13 3311
      7 3312
     12 3313
      3 3314
     11 3315
      9 3316
      9 3317
     15 3318
     12 3319
      7 3320
     13 3321
     10 3322
      8 3323
      7 3324
     11 3325
      8 3326
      7 3327
      5 3328
     11 3329
     13 3330
     11 3331
      4 3332
     10 3333
     13 3334
      7 3335
      6 3336
     10 3337
      8 3338
      8 3339
     10 3340
      8 3341
      7 3342
      8 3343
      7 3344
      9 3345
      7 3346
      9 3347
      8 3348
      5 3349
      5 3350
     10 3351
      9 3352
      7 3353
     14 3354
      8 3355
      4 3356
     10 3357
     10 3358
     12 3359
     13 3360
      8 3361
      2 3362
     11 3363
      7 3364
     10 3365
      8 3366
      9 3367
     12 3368
     11 3369
      6 3370
     10 3371
      8 3372
      5 3373
      8 3374
      8 3375
      8 3376
      6 3377
      6 3378
      9 3379
     12 3380
      9 3381
     14 3382
     16 3383
     11 3384
      8 3385
     10 3386
      6 3387
      9 3388
     11 3389
      4 3390
     10 3391
      5 3392
      6 3393
     12 3394
     15 3395
     11 3396
     10 3397
      9 3398
      8 3399
     11 3400
     11 3401
     10 3402
      8 3403
      9 3404
     12 3405
      3 3406
      5 3407
     11 3408
     12 3409
      9 3410
     11 3411
      5 3412
      5 3413
     14 3414
     12 3415
     15 3416
      8 3417
      9 3418
     11 3419
     10 3420
     15 3421
      6 3422
     12 3423
     10 3424
      7 3425
      9 3426
     15 3427
     13 3428
     11 3429
     13 3430
     10 3431
      9 3432
      8 3433
      4 3434
      6 3435
      8 3436
      9 3437
     10 3438
     11 3439
     12 3440
      5 3441
      5 3442
     11 3443
     10 3444
     14 3445
      5 3446
      8 3447
      3 3448
      5 3449
      8 3450
     12 3451
      9 3452
      8 3453
      9 3454
      6 3455
      7 3456
      6 3457
     14 3458
      5 3459
      8 3460
      9 3461
     10 3462
      6 3463
      6 3464
      9 3465
      8 3466
      6 3467
      8 3468
      8 3469
      6 3470
      3 3471
     14 3472
      9 3473
      3 3474
      6 3475
     11 3476
      8 3477
     11 3478
     14 3479
      5 3480
      7 3481
      6 3482
      5 3483
     10 3484
      5 3485
      8 3486
     10 3487
      5 3488
     10 3489
     11 3490
     14 3491
     11 3492
      9 3493
     13 3494
     10 3495
     11 3496
      7 3497
      6 3498
     15 3499
     12 3500
      9 3501
     12 3502
      9 3503
     15 3504
     11 3505
      5 3506
      7 3507
      6 3508
      6 3509
     13 3510
      8 3511
      6 3512
      6 3513
      6 3514
      9 3515
      9 3516
      7 3517
     12 3518
     11 3519
      9 3520
      8 3521
      4 3522
      9 3523
      7 3524
      5 3525
      8 3526
      6 3527
      6 3528
      6 3529
      6 3530
      3 3531
      9 3532
     15 3533
      6 3534
      4 3535
      4 3536
      9 3537
     12 3538
      5 3539
      6 3540
      9 3541
      4 3542
      9 3543
     12 3544
      8 3545
      6 3546
      6 3547
      6 3548
      5 3549
      8 3550
      4 3551
     10 3552
      4 3553
      6 3554
      3 3555
      8 3556
      6 3557
      6 3558
      9 3559
      6 3560
      6 3561
     11 3562
      6 3563
      5 3564
      5 3565
      8 3566
      8 3567
      6 3568
      4 3570
      8 3571
      3 3572
      3 3573
      6 3574
      2 3575
      8 3576
      9 3577
      9 3578
      4 3579
      2 3580
      5 3581
      4 3582
      7 3583
      7 3584
      6 3585
      8 3586
     12 3587
     11 3588
      5 3589
      6 3590
      5 3591
      1 3592
      8 3593
      6 3594
      6 3595
      4 3596
      6 3597
      8 3598
      2 3599
      8 3600
      9 3601
      5 3602
      9 3603
      4 3604
      7 3605
      7 3606
      5 3607
      7 3608
      5 3609
      6 3610
      8 3611
      5 3612
      6 3613
     10 3614
      7 3615
      7 3616
      9 3617
      3 3618
      6 3619
      2 3620
     10 3621
      9 3622
      6 3623
      7 3624
      2 3625
      9 3626
      8 3627
      8 3628
      7 3629
      7 3630
      3 3631
      8 3632
      5 3633
      6 3634
      4 3635
      8 3636
      8 3637
      8 3638
     11 3639
      3 3640
      5 3641
      7 3642
      3 3643
      8 3644
      5 3645
      2 3646
      4 3647
      5 3648
      5 3649
      4 3650
      9 3651
      5 3652
      2 3653
     10 3654
      4 3655
      6 3656
      8 3657
      6 3658
      4 3659
     11 3660
      8 3661
      6 3662
      8 3663
      5 3664
      7 3665
      4 3666
      6 3667
      8 3668
      7 3669
      5 3670
      2 3671
      5 3672
      4 3673
      1 3674
      8 3675
      7 3676
      2 3677
      6 3678
      6 3679
      9 3680
      7 3681
      5 3682
      5 3683
      9 3684
      6 3685
      5 3686
      5 3687
      5 3688
      3 3689
      4 3690
      5 3691
      6 3692
      7 3693
      4 3694
      5 3695
      9 3696
      3 3697
      5 3698
      6 3699
      6 3700
      6 3701
      6 3702
      6 3703
      6 3704
      9 3705
      8 3706
      4 3707
      4 3708
      4 3709
      3 3710
      5 3711
      5 3712
      5 3713
      6 3714
      3 3715
      4 3716
      4 3717
      7 3718
      5 3719
      7 3720
      6 3721
      5 3722
      1 3723
      6 3724
      3 3725
      7 3726
      3 3728
      9 3729
      3 3730
      3 3731
      5 3732
      5 3733
     10 3734
      4 3735
      7 3736
      1 3737
      4 3738
      8 3739
      4 3740
      5 3741
      4 3742
      4 3743
      7 3744
      4 3745
      3 3746
      4 3747
      7 3748
      6 3749
      3 3750
      8 3751
      4 3752
      4 3753
     10 3754
      6 3755
      2 3756
      8 3757
      5 3758
      4 3759
      8 3760
      5 3761
      6 3762
      4 3763
      3 3764
      4 3765
      4 3766
      9 3767
      7 3768
     10 3769
      9 3770
      3 3771
      4 3772
      7 3773
      1 3774
     10 3775
      2 3776
      4 3777
      4 3778
      9 3779
      4 3780
      5 3781
      8 3782
      5 3783
      7 3784
      7 3785
      5 3786
      5 3787
      2 3788
      3 3789
      9 3790
      2 3791
      3 3792
      4 3793
      6 3794
      3 3795
      7 3796
      3 3797
      5 3798
      4 3799
      7 3800
      4 3801
      2 3802
      4 3803
      5 3804
      3 3805
      3 3806
      3 3807
      5 3808
      4 3809
      4 3810
      5 3811
      5 3812
      2 3813
      7 3814
      3 3815
      7 3816
      7 3817
      9 3818
      6 3819
      2 3820
      6 3821
      5 3822
      6 3823
      7 3824
      4 3825
      3 3826
      6 3827
      3 3828
      3 3829
      7 3830
      2 3831
      1 3832
      2 3833
      2 3834
      7 3835
      6 3836
      4 3837
      3 3838
      6 3839
      7 3840
      6 3841
      4 3842
      4 3843
      7 3844
      6 3845
      5 3846
      4 3847
      4 3848
      3 3849
      5 3850
      3 3851
      1 3852
      4 3853
      2 3854
      7 3855
      6 3856
      8 3857
      1 3858
      4 3859
      5 3860
      4 3861
      3 3862
      5 3863
      2 3864
      2 3865
      4 3866
      4 3867
      4 3868
      3 3869
      2 3870
      4 3871
      2 3872
      4 3873
      1 3874
      3 3875
      5 3876
      6 3877
      1 3878
      3 3879
      7 3880
      2 3881
      4 3882
      9 3883
      5 3884
      6 3885
      5 3886
      6 3887
      5 3888
      6 3889
      4 3890
      5 3891
      3 3892
      6 3893
      4 3894
      1 3895
      8 3896
      8 3897
      2 3898
      2 3899
      3 3900
      3 3901
      2 3902
      3 3903
      3 3904
      3 3905
      1 3907
      4 3908
      4 3909
      2 3910
      4 3911
      3 3912
      4 3913
      5 3914
      2 3915
      5 3916
      3 3917
      7 3918
      3 3919
      5 3920
      2 3921
      5 3922
      3 3923
      5 3924
      2 3925
      2 3926
      3 3927
      3 3928
      3 3929
      3 3930
      1 3931
      3 3932
      4 3933
      4 3934
      1 3935
      6 3936
      2 3937
      4 3938
      6 3939
      2 3940
      2 3941
      3 3942
      4 3944
      5 3945
      5 3946
      3 3947
      8 3948
      3 3950
      4 3951
      4 3952
      2 3953
      2 3954
      3 3955
      5 3956
      4 3957
      5 3958
     11 3959
      3 3960
      4 3961
      1 3962
      4 3963
      4 3964
      2 3965
      5 3966
      2 3967
      3 3968
      6 3969
      4 3970
      3 3971
      2 3972
      5 3973
      3 3974
      3 3975
      6 3976
      3 3977
      2 3978
      6 3979
      3 3980
      3 3981
      4 3982
      5 3983
      3 3984
      3 3985
      3 3986
      5 3987
      2 3988
      6 3989
      8 3990
      6 3991
      3 3992
      5 3993
      3 3994
      2 3995
      1 3996
      5 3997
      6 3998
      4 3999
      5 4000
      1 4001
      3 4002
      9 4003
      4 4004
      6 4006
      3 4007
      1 4008
      4 4009
      2 4010
      5 4011
      6 4012
      4 4013
      3 4014
      7 4015
      3 4016
      6 4017
      5 4018
      2 4019
      3 4020
      3 4021
      7 4022
      4 4023
      5 4024
      7 4025
      4 4026
      2 4027
      9 4028
      4 4029
      2 4030
      7 4031
      7 4032
      4 4033
      5 4034
      9 4035
      6 4036
      1 4037
      5 4038
      5 4039
      4 4040
      5 4041
      3 4042
      2 4043
      5 4044
      3 4045
      4 4046
      4 4047
      3 4048
      4 4049
      3 4050
      4 4051
      5 4052
      2 4053
      4 4054
      4 4055
      1 4056
      3 4057
      3 4058
      7 4059
      1 4060
      3 4061
      5 4062
      4 4063
      4 4064
      7 4065
      3 4066
      1 4067
      4 4068
      1 4069
      4 4070
      1 4071
      2 4072
      6 4073
      2 4074
      3 4075
      1 4076
      2 4077
      2 4078
      5 4079
      4 4080
      3 4081
      4 4082
      2 4083
      4 4084
      3 4085
      7 4086
      1 4087
      3 4088
      2 4089
      5 4090
      4 4091
     11 4092
      4 4094
      3 4095
      3 4096
      1 4097
      2 4098
      3 4099
      1 4100
      2 4101
      2 4102
      5 4103
      4 4104
      4 4105
      4 4106
      3 4107
      6 4108
      3 4109
      1 4110
      1 4111
      1 4112
      2 4113
      9 4114
      5 4115
      3 4116
      4 4118
      5 4119
      5 4120
      4 4121
      6 4122
      4 4123
      1 4124
      4 4125
      1 4126
      2 4127
      3 4128
      4 4129
      7 4130
      2 4131
      3 4132
      4 4133
      4 4134
      1 4135
      4 4136
      5 4137
      5 4138
      6 4139
      2 4140
      4 4141
      2 4142
      3 4143
      1 4144
      1 4145
      3 4146
      5 4147
      4 4148
      5 4149
      5 4150
      4 4151
      2 4152
      2 4153
      1 4154
      5 4155
      5 4156
      1 4157
      3 4158
      4 4159
      6 4160
      6 4161
      4 4162
      4 4163
      3 4164
      2 4165
      3 4166
      5 4167
      4 4168
      6 4169
      4 4170
      2 4171
      2 4172
      4 4173
      5 4174
      5 4175
      5 4176
      3 4177
      3 4178
      5 4179
      2 4180
      5 4181
      3 4182
      3 4183
      5 4184
      2 4185
      4 4186
      4 4187
      5 4188
      4 4189
      2 4190
      2 4191
      3 4192
      8 4193
      3 4194
      7 4195
      2 4196
      2 4197
      4 4198
      2 4199
      6 4200
      5 4201
      7 4202
      6 4203
      4 4204
      4 4205
      5 4206
      4 4207
      7 4208
      7 4209
      2 4210
      4 4211
      3 4212
      8 4213
      5 4214
      6 4215
      3 4216
      7 4217
      3 4218
      5 4219
      4 4221
      4 4222
      3 4223
      1 4224
      4 4225
      5 4226
      2 4227
      8 4228
      4 4229
      2 4230
      3 4231
      6 4233
      6 4234
      4 4235
      3 4236
      3 4237
      4 4238
      5 4239
      5 4240
      4 4241
      5 4242
      6 4243
      1 4245
      4 4246
      3 4247
      1 4248
      4 4249
      2 4250
      7 4251
      5 4252
      6 4253
      5 4254
      4 4255
      2 4256
      6 4257
      1 4259
      3 4260
      4 4261
      1 4262
      3 4263
      6 4264
      5 4265
      2 4266
      2 4267
      3 4268
      3 4269
      2 4270
      4 4271
      4 4272
      4 4273
      5 4274
      2 4275
      3 4276
      5 4277
      5 4278
      2 4279
      4 4280
      3 4281
      3 4282
      3 4283
      3 4284
      1 4285
      4 4286
      2 4287
      4 4288
      7 4289
      1 4290
      1 4291
      5 4292
      3 4293
      5 4294
      6 4295
      4 4296
      2 4297
      2 4298
      1 4299
      4 4300
      2 4301
      3 4302
      4 4303
      3 4304
      3 4305
      3 4306
      1 4307
      4 4308
      3 4309
      3 4310
      8 4311
      2 4312
      3 4313
      3 4314
      3 4316
      3 4317
      5 4318
      1 4319
      5 4320
      4 4321
      6 4322
      5 4323
      3 4324
      1 4325
      3 4326
      5 4327
      2 4328
      5 4329
      3 4330
      2 4331
      5 4332
      3 4333
      6 4334
      3 4335
      4 4336
      8 4337
      5 4338
      2 4339
      6 4340
      4 4341
      3 4342
      2 4343
      3 4344
      3 4345
      4 4346
      3 4347
      3 4348
      6 4349
      1 4350
      3 4351
      7 4353
      2 4354
      1 4355
      1 4356
      3 4357
      1 4358
      2 4359
      2 4360
      1 4361
      4 4362
      3 4363
      2 4365
      3 4366
      3 4367
      5 4368
      4 4370
      3 4371
      3 4372
      2 4374
      3 4375
      4 4376
      1 4377
      4 4378
      1 4379
      2 4380
      1 4382
      5 4383
      5 4384
      1 4385
      7 4386
      5 4388
      1 4389
      4 4390
      1 4391
      4 4392
      4 4393
      2 4394
      3 4395
      1 4396
      3 4397
      1 4399
      2 4400
      4 4401
      1 4402
      4 4404
      1 4405
      2 4406
      4 4407
      2 4408
      6 4409
      3 4410
      1 4411
      4 4412
      2 4413
      1 4414
      1 4415
      3 4416
      1 4418
      2 4419
      3 4420
      2 4421
      2 4422
      2 4423
      4 4424
      3 4425
      4 4426
      2 4427
      3 4428
      3 4429
      4 4431
      1 4432
      2 4433
      4 4435
      4 4436
      1 4437
      4 4438
      1 4439
      8 4440
      4 4441
      3 4442
      3 4443
      1 4444
      2 4445
      1 4446
      1 4447
      6 4449
      1 4450
      5 4451
      2 4452
      2 4453
      1 4454
      1 4455
      3 4456
      5 4457
      1 4458
      2 4459
      2 4460
      6 4461
      3 4462
      3 4463
      3 4464
      1 4465
      3 4467
      1 4468
      3 4470
      4 4471
      1 4472
      2 4473
      2 4474
      1 4475
      1 4477
      1 4478
      4 4479
      6 4480
      3 4481
      3 4482
      2 4483
      3 4484
      1 4485
      1 4486
      2 4487
      4 4488
      4 4489
      1 4490
      3 4492
      3 4493
      3 4494
      3 4495
      1 4496
      3 4498
      2 4499
      1 4500
      2 4501
      6 4502
      2 4504
      3 4506
      2 4507
      1 4508
      3 4509
      1 4510
      4 4511
      2 4512
      3 4513
      4 4514
      2 4515
      2 4516
      1 4517
      2 4518
      2 4520
      1 4522
      1 4523
      2 4524
      1 4525
      3 4526
      2 4529
      1 4530
      3 4531
      2 4532
      2 4533
      5 4534
      1 4535
      2 4536
      3 4537
      2 4538
      3 4539
      4 4540
      1 4541
      3 4542
      3 4543
      1 4544
      3 4546
      2 4548
      2 4550
      3 4552
      4 4556
      4 4557
      3 4558
      5 4559
      2 4560
      1 4561
      4 4562
      6 4563
      4 4564
      1 4565
      1 4566
      4 4567
      7 4568
      7 4569
      7 4570
      4 4571
      3 4572
      1 4573
      4 4574
      5 4575
      2 4576
      2 4577
      6 4578
      5 4579
      1 4580
      3 4581
      4 4582
      2 4583
      2 4584
      1 4585
      4 4586
      4 4587
      4 4588
      2 4589
      3 4590
      4 4593
      3 4594
      2 4595
      6 4596
      3 4597
      2 4598
      4 4599
      1 4600
      2 4601
      3 4602
      4 4603
      1 4604
      2 4605
      1 4606
      1 4607
      2 4608
      4 4609
      2 4610
      2 4611
      3 4612
      3 4613
      1 4614
      3 4615
      2 4616
      3 4617
      1 4618
      3 4619
      1 4621
      3 4622
      3 4623
      3 4624
      3 4626
      4 4627
      3 4629
      2 4630
      2 4631
      2 4632
      1 4633
      5 4635
      3 4636
      2 4639
      2 4640
      2 4641
      3 4642
      3 4643
      1 4644
      4 4645
      2 4647
      4 4648
      2 4649
      3 4650
      2 4651
      1 4652
      1 4654
      3 4655
      2 4656
      1 4657
      3 4658
      1 4661
      1 4664
      3 4665
      1 4666
      3 4667
      3 4670
      2 4671
      2 4672
      3 4673
      2 4674
      1 4675
      3 4676
      2 4678
      1 4681
      1 4683
      4 4684
      1 4685
      2 4686
      2 4687
      1 4688
      3 4689
      1 4694
      4 4695
      1 4698
      2 4699
      1 4700
      1 4701
      2 4702
      3 4703
      2 4705
      2 4707
      1 4709
      1 4710
      1 4711
      2 4712
      1 4714
      1 4718
      2 4719
      1 4720
      1 4721
      3 4722
      1 4723
      2 4724
      2 4725
      4 4726
      2 4727
      1 4728
      2 4729
      2 4730
      1 4731
      1 4733
      1 4735
      2 4736
      1 4738
      1 4739
      1 4740
      2 4742
      4 4744
      2 4748
      2 4749
      3 4750
      1 4752
      2 4753
      2 4754
      1 4755
      2 4756
      3 4757
      2 4758
      1 4759
      3 4760
      1 4761
      1 4764
      1 4765
      2 4767
      1 4768
      1 4771
      4 4772
      2 4773
      1 4774
      2 4775
      1 4777
      2 4778
      1 4779
      1 4780
      1 4781
      1 4783
      2 4784
      2 4785
      1 4786
      1 4787
      2 4788
      1 4789
      3 4790
      1 4791
      1 4792
      2 4793
      1 4794
      2 4795
      2 4797
      2 4798
      1 4802
      1 4803
      1 4804
      1 4805
      2 4806
      2 4808
      4 4812
      1 4813
      2 4815
      1 4816
      3 4817
      1 4818
      2 4819
      2 4820
      1 4822
      1 4823
      2 4825
      1 4827
      1 4828
      1 4829
      1 4831
      1 4834
      4 4835
      1 4838
      1 4839
      1 4840
      1 4841
      1 4844
      2 4845
      1 4846
      1 4848
      1 4849
      1 4850
      1 4851
      1 4852
      1 4853
      1 4854
      1 4855
      2 4857
      1 4858
      2 4861
      3 4862
      2 4863
      1 4864
      2 4865
      1 4867
      1 4868
      2 4869
      1 4870
      2 4871
      1 4872
      1 4873
      3 4874
      3 4878
      2 4880
      1 4881
      2 4883
      3 4889
      2 4890
      1 4892
      2 4893
      1 4895
      3 4896
      5 4898
      2 4899
      2 4901
      1 4903
      2 4904
      4 4905
      1 4907
      2 4908
      1 4909
      1 4910
      1 4911
      1 4912
      2 4913
      1 4914
      3 4915
      3 4916
      2 4917
      1 4918
      1 4919
      2 4920
      4 4921
      2 4922
      1 4923
      1 4924
      1 4925
      2 4927
      1 4928
      1 4929
      2 4931
      2 4933
      3 4934
      2 4936
      2 4937
      1 4939
      4 4940
      2 4942
      1 4943
      3 4944
      3 4945
      1 4946
      3 4947
      1 4948
      1 4949
      3 4950
      3 4952
      2 4954
      2 4956
      2 4957
      1 4958
      3 4960
      3 4961
      1 4962
      1 4966
      1 4968
      3 4969
      2 4970
      2 4972
      1 4973
      2 4976
      1 4977
      3 4983
      3 4984
      1 4987
      2 4991
      1 4992
      1 4994
      3 4995
      1 4996
      1 4998
      1 4999
      2 5001
      1 5002
      1 5003
      1 5004
      2 5005
      2 5006
      1 5007
      1 5008
      1 5010
      1 5011
      1 5012
      1 5014
      3 5015
      1 5017
      1 5018
      5 5019
      1 5020
      1 5022
      2 5024
      2 5025
      2 5026
      4 5027
      1 5028
      1 5031
      1 5032
      1 5034
      1 5038
      2 5040
      1 5041
      2 5042
      1 5045
      2 5046
      1 5047
      2 5048
      2 5049
      1 5050
      2 5055
      1 5056
      2 5058
      1 5064
      1 5065
      2 5066
      1 5067
      1 5068
      1 5069
      1 5070
      1 5071
      1 5072
      1 5074
      2 5075
      1 5077
      1 5078
      2 5079
      1 5081
      2 5082
      2 5086
      1 5087
      1 5088
      1 5089
      1 5092
      1 5093
      2 5097
      1 5099
      3 5100
      2 5101
      1 5105
      2 5109
      1 5110
      1 5111
      2 5112
      1 5113
      3 5114
      2 5115
      1 5118
      1 5123
      1 5124
      1 5126
      3 5127
      1 5128
      1 5129
      2 5130
      1 5132
      1 5134
      1 5137
      2 5139
      1 5140
      1 5141
      4 5142
      1 5143
      1 5144
      1 5147
      1 5148
      1 5149
      1 5150
      1 5152
      1 5153
      1 5154
      1 5155
      3 5156
      2 5157
      1 5159
      1 5163
      2 5164
      1 5165
      1 5167
      3 5168
      1 5169
      1 5170
      1 5171
      2 5174
      2 5175
      2 5177
      1 5179
      1 5180
      1 5181
      2 5188
      1 5189
      1 5192
      1 5193
      1 5194
      2 5195
      1 5199
      3 5200
      1 5206
      1 5208
      1 5210
      1 5211
      2 5213
      1 5214
      1 5215
      1 5216
      2 5217
      1 5219
      1 5220
      1 5222
      1 5223
      1 5225
      1 5226
      2 5227
      1 5228
      1 5229
      1 5230
      1 5233
      1 5234
      1 5235
      3 5236
      1 5237
      1 5238
      1 5242
      1 5243
      1 5244
      1 5245
      1 5246
      1 5249
      1 5251
      1 5253
      1 5256
      1 5258
      2 5261
      1 5263
      1 5264
      1 5266
      1 5267
      1 5269
      1 5271
      1 5273
      1 5275
      1 5276
      1 5277
      4 5278
      2 5280
      1 5284
      1 5290
      1 5292
      2 5293
      1 5296
      1 5297
      1 5300
      1 5305
      1 5307
      1 5308
      3 5313
      1 5314
      1 5316
      1 5317
      1 5320
      2 5321
      1 5322
      1 5324
      2 5325
      1 5326
      1 5327
      2 5328
      2 5329
      1 5330
      1 5331
      1 5333
      1 5334
      1 5336
      2 5337
      2 5339
      1 5342
      1 5343
      1 5347
      3 5348
      4 5350
      1 5351
      1 5352
      3 5353
      1 5354
      2 5355
      1 5357
      1 5358
      3 5361
      1 5362
      1 5363
      1 5365
      1 5366
      1 5367
      1 5368
      1 5369
      1 5371
      2 5372
      1 5373
      2 5374
      1 5375
      1 5376
      1 5380
      2 5382
      1 5385
      1 5386
      2 5387
      4 5388
      2 5389
      1 5392
      1 5393
      2 5394
      2 5395
      2 5399
      3 5400
      2 5402
      1 5405
      1 5406
      2 5416
      1 5420
      2 5423
      1 5424
      1 5425
      2 5427
      1 5428
      1 5431
      3 5434
      2 5435
      1 5439
      1 5441
      1 5447
      1 5448
      2 5449
      1 5450
      1 5453
      1 5454
      1 5455
      1 5460
      1 5462
      1 5464
      1 5466
      1 5467
      2 5470
      1 5471
      1 5472
      1 5475
      1 5481
      1 5482
      1 5484
      1 5487
      1 5491
      1 5495
      2 5497
      1 5498
      1 5499
      2 5500
      2 5501
      1 5503
      1 5505
      1 5508
      2 5510
      1 5511
      2 5512
      1 5513
      1 5520
      1 5522
      4 5523
      1 5527
      1 5529
      1 5531
      1 5532
      1 5535
      2 5537
      1 5539
      1 5540
      1 5541
      1 5542
      3 5543
      2 5544
      1 5545
      2 5546
      1 5548
      1 5549
      2 5550
      2 5551
      1 5554
      2 5555
      1 5556
      1 5557
      1 5559
      2 5560
      1 5561
      1 5562
      1 5563
      2 5564
      1 5566
      2 5567
      1 5568
      2 5569
      3 5570
      1 5572
      1 5574
      2 5575
      1 5576
      1 5577
      1 5581
      1 5582
      1 5584
      1 5585
      3 5587
      1 5588
      1 5593
      1 5596
      1 5597
      1 5598
      2 5602
      1 5603
      1 5605
      1 5606
      2 5608
      3 5610
      1 5612
      1 5614
      1 5620
      4 5621
      2 5622
      1 5623
      1 5624
      2 5625
      1 5626
      2 5628
      2 5632
      3 5633
      1 5635
      1 5636
      1 5639
      2 5640
      2 5641
      1 5642
      1 5643
      2 5644
      1 5645
      3 5647
      3 5648
      2 5649
      2 5650
      1 5651
      1 5652
      2 5653
      1 5654
      1 5655
      1 5656
      2 5660
      1 5662
      2 5664
      1 5666
      1 5667
      1 5668
      1 5670
      1 5671
      2 5672
      1 5673
      2 5674
      4 5676
      1 5677
      2 5678
      3 5679
      1 5680
      1 5682
      1 5684
      1 5685
      1 5686
      1 5687
      2 5689
      1 5690
      1 5692
      2 5693
      1 5695
      1 5696
      2 5697
      1 5699
      1 5701
      1 5704
      1 5706
      1 5708
      1 5709
      2 5711
      1 5712
      1 5714
      2 5715
      2 5716
      1 5717
      2 5719
      1 5720
      1 5721
      2 5723
      1 5724
      2 5725
      1 5726
      1 5727
      1 5729
      2 5734
      1 5737
      1 5738
      1 5740
      1 5745
      1 5748
      1 5754
      1 5756
      1 5757
      2 5759
      1 5760
      2 5762
      2 5763
      2 5764
      1 5765
      1 5767
      1 5768
      1 5770
      2 5773
      1 5774
      1 5777
      2 5778
      1 5779
      2 5780
      2 5781
      2 5782
      1 5784
      1 5785
      2 5786
      1 5789
      1 5791
      1 5796
      3 5797
      1 5802
      2 5804
      1 5806
      1 5808
      1 5810
      1 5812
      1 5816
      1 5817
      1 5818
      1 5819
      1 5820
      1 5830
      3 5836
      1 5838
      1 5840
      1 5841
      1 5844
      1 5845
      2 5847
      1 5848
      1 5849
      2 5850
      1 5852
      1 5857
      1 5859
      1 5864
      1 5866
      2 5867
      1 5870
      1 5874
      1 5876
      1 5877
      1 5878
      3 5880
      1 5882
      4 5887
      1 5888
      3 5889
      1 5890
      1 5891
      1 5892
      2 5893
      1 5894
      1 5896
      3 5897
      1 5898
      1 5900
      1 5901
      1 5905
      1 5906
      1 5907
      1 5908
      3 5910
      2 5912
      1 5914
      1 5918
      1 5920
      1 5922
      1 5934
      2 5939
      1 5940
      1 5944
      1 5946
      1 5948
      1 5951
      1 5952
      2 5956
      1 5957
      1 5960
      1 5970
      1 5971
      1 5972
      2 5973
      1 5974
      1 5976
      1 5979
      1 5980
      1 5982
      1 5983
      1 5985
      2 5987
      1 5992
      1 5993
      1 5995
      1 5998
      1 5999
      1 6002
      1 6003
      1 6008
      1 6012
      2 6015
      1 6016
      1 6018
      1 6024
      1 6027
      1 6028
      1 6031
      1 6036
      1 6038
      2 6039
      2 6042
      1 6043
      1 6049
      1 6050
      1 6051
      1 6053
      1 6055
      1 6056
      1 6065
      1 6066
      2 6070
      2 6071
      2 6074
      1 6080
      1 6082
      3 6089
      1 6091
      1 6095
      1 6097
      1 6101
      1 6103
      1 6104
      1 6105
      1 6110
      1 6113
      1 6116
      1 6118
      1 6119
      1 6120
      1 6123
      2 6124
      1 6134
      2 6136
      1 6139
      2 6140
      2 6141
      2 6142
      2 6144
      2 6146
      1 6149
      1 6151
      1 6152
      1 6154
      2 6157
      2 6159
      2 6162
      2 6164
      2 6165
      1 6166
      1 6167
      3 6168
      3 6169
      1 6175
      1 6181
      1 6186
      1 6188
      1 6192
      1 6193
      1 6194
      1 6198
      1 6200
      1 6202
      1 6204
      2 6205
      1 6207
      1 6208
      2 6214
      1 6215
      1 6217
      1 6219
      2 6221
      1 6222
      1 6225
      1 6227
      1 6228
      1 6234
      1 6235
      1 6237
      1 6240
      1 6242
      1 6243
      1 6246
      1 6248
      2 6250
      2 6253
      1 6255
      1 6259
      1 6260
      2 6263
      1 6264
      1 6266
      1 6267
      1 6268
      1 6269
      1 6270
      1 6274
      1 6277
      1 6278
      2 6283
      1 6285
      1 6286
      1 6287
      1 6292
      1 6297
      2 6301
      3 6302
      1 6304
      2 6305
      1 6306
      2 6309
      1 6310
      2 6311
      1 6312
      2 6314
      1 6315
      1 6316
      1 6317
      1 6323
      4 6324
      2 6325
      2 6328
      1 6329
      1 6331
      2 6332
      1 6335
      1 6336
      2 6337
      1 6338
      2 6340
      1 6341
      1 6344
      1 6346
      1 6347
      2 6349
      1 6351
      3 6355
      1 6357
      1 6361
      1 6364
      1 6365
      1 6367
      3 6371
      2 6385
      1 6388
      2 6389
      1 6391
      2 6392
      2 6394
      1 6397
      1 6403
      1 6405
      1 6407
      1 6410
      2 6413
      1 6415
      2 6416
      1 6417
      1 6421
      2 6422
      1 6423
      1 6424
      1 6426
      1 6431
      1 6433
      1 6434
      1 6438
      1 6439
      1 6440
      1 6445
      1 6450
      1 6453
      1 6454
      1 6456
      1 6459
      2 6460
      1 6461
      1 6464
      1 6466
      1 6468
      1 6469
      1 6471
      1 6473
      1 6475
      1 6479
      1 6480
      1 6482
      2 6484
      2 6487
      1 6490
      1 6492
      1 6495
      1 6500
      1 6502
      1 6503
      1 6506
      1 6510
      1 6514
      1 6519
      1 6527
      1 6528
      1 6529
      1 6531
      1 6532
      1 6533
      1 6537
      1 6538
      1 6541
      1 6544
      1 6545
      1 6549
      1 6552
      1 6554
      1 6556
      1 6558
      1 6559
      1 6560
      1 6562
      1 6563
      1 6569
      1 6571
      1 6577
      1 6579
      1 6580
      1 6582
      2 6585
      1 6587
      1 6590
      1 6591
      1 6594
      1 6600
      1 6605
      1 6606
      1 6608
      1 6610
      2 6613
      1 6624
      1 6631
      1 6634
      1 6635
      1 6639
      1 6640
      1 6652
      1 6659
      1 6662
      1 6664
      1 6666
      1 6673
      1 6676
      1 6690
      1 6694
      2 6716
      2 6718
      1 6719
      2 6720
      1 6724
      1 6726
      1 6737
      2 6743
      1 6744
      1 6746
      1 6754
      1 6756
      1 6762
      1 6763
      1 6766
      1 6770
      1 6772
      1 6776
      1 6777
      1 6780
      1 6784
      1 6787
      1 6789
      1 6793
      1 6796
      1 6799
      1 6800
      1 6801
      1 6806
      1 6807
      1 6808
      1 6815
      1 6821
      1 6824
      1 6828
      1 6832
      1 6838
      1 6842
      1 6843
      1 6847
      1 6850
      2 6855
      1 6858
      1 6862
      2 6863
      1 6874
      1 6877
      1 6882
      1 6887
      1 6895
      2 6897
      1 6902
      1 6906
      1 6908
      1 6912
      1 6914
      1 6917
      1 6918
      1 6924
      1 6926
      1 6930
      2 6933
      1 6937
      1 6943
      1 6948
      1 6957
      1 6963
      2 6975
      1 6977
      2 6987
      1 6997
      1 6998
      1 7006
      1 7008
      1 7012
      1 7020
      1 7021
      1 7033
      1 7035
      2 7046
      1 7052
      1 7076
      1 7080
      1 7081
      1 7085
      1 7102
      2 7105
      1 7110
      1 7126
      1 7135
      2 7137
      1 7144
      1 7146
      2 7150
      1 7160
      1 7164
      1 7166
      1 7181
      1 7185
      1 7189
      1 7191
      1 7201
      1 7205
      1 7213
      1 7216
      1 7223
      1 7226
      1 7228
      1 7236
      1 7239
      1 7244
      1 7255
      1 7258
      1 7259
      1 7260
      1 7269
      2 7270
      1 7274
      1 7280
      1 7284
      1 7290
      1 7291
      1 7302
      1 7308
      1 7319
      1 7321
      1 7322
      1 7324
      1 7325
      1 7326
      1 7327
      1 7339
      1 7340
      2 7342
      1 7348
      1 7349
      1 7366
      2 7370
      1 7379
      1 7380
      1 7382
      1 7384
      1 7386
      1 7399
      1 7402
      1 7407
      1 7408
      1 7411
      1 7416
      1 7417
      1 7419
      2 7422
      3 7424
      1 7427
      1 7429
      1 7430
      1 7433
      1 7436
      1 7437
      1 7438
      1 7439
      1 7441
      2 7442
      1 7446
      3 7450
      1 7452
      1 7453
      1 7454
      1 7455
      1 7456
      1 7459
      1 7461
      1 7465
      1 7467
      1 7468
      2 7469
      1 7472
      1 7473
      2 7475
      2 7482
      1 7483
      1 7485
      1 7488
      1 7492
      1 7494
      2 7496
      1 7499
      1 7500
      1 7501
      2 7504
      1 7506
      1 7511
      3 7513
      1 7514
      2 7515
      1 7518
      2 7520
      1 7522
      2 7524
      1 7525
      1 7526
      1 7527
      1 7530
      2 7532
      1 7535
      2 7536
      2 7538
      3 7540
      2 7541
      1 7544
      1 7547
      1 7548
      2 7552
      1 7556
      1 7558
      1 7562
      1 7563
      1 7564
      1 7565
      1 7566
      1 7567
      1 7578
      1 7580
      1 7582
      1 7588
      1 7596
      1 7601
      1 7602
      1 7604
      1 7605
      1 7607
      1 7613
      2 7614
      1 7616
      1 7622
      1 7625
      1 7626
      1 7629
      1 7632
      1 7633
      1 7635
      1 7638
      1 7639
      1 7644
      1 7651
      2 7652
      1 7654
      1 7656
      1 7661
      1 7663
      1 7668
      1 7669
      2 7674
      1 7676
      1 7681
      1 7683
      1 7690
      1 7691
      1 7697
      1 7699
      1 7706
      1 7710
      1 7717
      1 7724
      1 7729
      1 7730
      1 7731
      2 7736
      1 7741
      1 7750
      1 7751
      1 7754
      1 7759
      1 7760
      1 7771
      1 7776
      1 7780
      1 7781
      1 7783
      1 7791
      1 7792
      2 7794
      1 7800
      1 7802
      2 7804
      1 7809
      1 7810
      1 7814
      1 7816
      1 7818
      1 7822
      1 7825
      1 7826
      1 7831
      1 7834
      1 7838
      1 7842
      1 7850
      1 7856
      1 7858
      1 7859
      1 7860
      1 7861
      1 7865
      2 7867
      1 7868
      1 7875
      1 7886
      1 7888
      1 7889
      1 7890
      1 7891
      2 7894
      1 7895
      1 7897
      5 7898
      1 7899
      1 7903
      1 7905
      4 7906
      1 7907
      2 7909
      1 7910
      4 7911
      1 7912
      1 7913
      3 7914
      2 7915
      1 7916
      1 7917
      1 7918
      5 7919
      3 7920
      2 7924
      3 7925
      1 7928
      3 7929
      5 7930
      5 7931
      2 7933
      1 7934
      3 7935
      5 7936
      3 7937
      7 7938
      6 7939
      5 7940
      1 7941
      3 7942
      4 7943
      3 7944
      4 7945
      2 7946
      2 7947
      1 7948
      3 7949
      2 7950
      2 7951
      3 7952
      1 7953
      2 7954
      2 7956
      3 7957
      2 7958
      2 7959
      1 7960
      3 7961
      1 7964
      1 7965
      1 7968
      1 7971
      1 7972
      1 7973
      1 7977
      1 7988
      1 7995
