 217997 0
82437709 1
178502723 2
292316487 3
388662512 4
435424414 5
420876163 6
357052779 7
270182489 8
184573460 9
115160330 10
66390561 11
35789989 12
18339144 13
9122927 14
4555648 15
2396625 16
1392091 17
 910449 18
 667781 19
 528150 20
 438002 21
 371645 22
 324237 23
 286101 24
 254756 25
 229015 26
 208523 27
 189976 28
 174125 29
 157331 30
 144416 31
 132703 32
 120564 33
 108872 34
  98366 35
  89592 36
  81926 37
  76310 38
  70669 39
  64676 40
  60629 41
  55250 42
  51215 43
  48146 44
  44688 45
  42554 46
  39799 47
  37673 48
  36253 49
  34573 50
  33391 51
  32153 52
  30235 53
  29727 54
  28084 55
  27352 56
  26217 57
  25162 58
  24546 59
  23713 60
  23304 61
  22774 62
  21750 63
  21059 64
  20464 65
  19767 66
  19632 67
  18941 68
  18207 69
  17822 70
  17516 71
  16939 72
  16414 73
  16395 74
  15750 75
  15429 76
  14892 77
  14796 78
  14354 79
  14531 80
  13960 81
  13803 82
  13379 83
  13393 84
  12968 85
  12542 86
  12296 87
  12252 88
  11975 89
  11881 90
  11248 91
  11293 92
  10588 93
  10601 94
  10291 95
  10180 96
  10098 97
   9948 98
   9572 99
   9515 100
   9364 101
   9132 102
   8942 103
   9006 104
   8733 105
   8569 106
   8274 107
   8204 108
   8150 109
   8239 110
   7867 111
   7725 112
   7661 113
   7382 114
   7393 115
   7392 116
   7440 117
   7062 118
   7070 119
   6948 120
   6837 121
   6773 122
   6709 123
   6518 124
   6518 125
   6342 126
   6342 127
   6486 128
   6306 129
   6318 130
   6158 131
   6045 132
   6008 133
   5762 134
   5896 135
   5834 136
   5580 137
   5418 138
   5637 139
   5525 140
   5559 141
   5310 142
   5268 143
   5299 144
   5187 145
   4973 146
   4978 147
   5064 148
   4835 149
   4919 150
   4760 151
   4716 152
   4732 153
   4679 154
   4668 155
   4535 156
   4556 157
   4638 158
   4532 159
   4642 160
   4307 161
   4452 162
   4437 163
   4365 164
   4212 165
   4413 166
   4256 167
   4216 168
   4120 169
   4002 170
   4107 171
   4036 172
   3975 173
   3900 174
   3688 175
   3714 176
   3663 177
   3770 178
   3590 179
   3617 180
   3488 181
   3521 182
   3304 183
   3347 184
   3290 185
   3384 186
   3299 187
   3379 188
   3257 189
   3140 190
   3107 191
   3191 192
   3180 193
   3262 194
   3108 195
   3084 196
   3138 197
   2942 198
   2974 199
   3100 200
   3054 201
   3118 202
   3098 203
   3020 204
   2855 205
   3010 206
   2942 207
   2935 208
   2881 209
   2693 210
   2833 211
   2810 212
   2723 213
   2766 214
   2715 215
   2702 216
   2713 217
   2683 218
   2722 219
   2636 220
   2706 221
   2586 222
   2489 223
   2532 224
   2469 225
   2502 226
   2531 227
   2503 228
   2406 229
   2540 230
   2545 231
   2485 232
   2568 233
   2543 234
   2524 235
   2518 236
   2623 237
   2651 238
   2622 239
   2569 240
   2576 241
   2562 242
   2562 243
   2420 244
   2517 245
   2427 246
   2390 247
   2487 248
   2399 249
   2449 250
   2485 251
   2526 252
   2401 253
   2497 254
   2525 255
   2652 256
   2574 257
   2608 258
   2597 259
   2636 260
   2617 261
   2634 262
   2643 263
   2727 264
   2682 265
   2798 266
   2649 267
   2728 268
   2569 269
   2752 270
   2719 271
   2783 272
   2810 273
   2824 274
   2756 275
   2793 276
   2924 277
   2871 278
   2918 279
   2811 280
   2715 281
   2872 282
   2885 283
   2974 284
   2936 285
   2917 286
   2834 287
   2868 288
   2810 289
   2935 290
   2882 291
   2833 292
   2910 293
   2748 294
   2902 295
   2753 296
   2875 297
   2814 298
   2788 299
   2820 300
   2727 301
   2729 302
   2625 303
   2585 304
   2554 305
   2560 306
   2501 307
   2435 308
   2454 309
   2476 310
   2442 311
   2394 312
   2517 313
   2441 314
   2368 315
   2448 316
   2274 317
   2318 318
   2412 319
   2322 320
   2230 321
   2213 322
   2140 323
   2160 324
   2133 325
   2113 326
   2196 327
   2013 328
   2025 329
   2032 330
   1939 331
   2043 332
   1953 333
   1978 334
   1855 335
   1846 336
   1875 337
   1859 338
   1795 339
   1731 340
   1681 341
   1705 342
   1735 343
   1655 344
   1594 345
   1640 346
   1483 347
   1607 348
   1548 349
   1513 350
   1518 351
   1556 352
   1445 353
   1477 354
   1487 355
   1445 356
   1482 357
   1450 358
   1420 359
   1415 360
   1357 361
   1389 362
   1320 363
   1306 364
   1325 365
   1251 366
   1299 367
   1316 368
   1365 369
   1304 370
   1236 371
   1209 372
   1254 373
   1256 374
   1254 375
   1222 376
   1189 377
   1147 378
   1065 379
   1077 380
   1121 381
   1107 382
   1147 383
   1148 384
   1066 385
   1089 386
   1085 387
   1047 388
   1039 389
   1087 390
   1097 391
    950 392
    994 393
   1053 394
    979 395
    962 396
    945 397
   1017 398
    917 399
    967 400
    963 401
    972 402
    894 403
    903 404
    936 405
    964 406
    960 407
    947 408
    883 409
    947 410
    927 411
    898 412
    933 413
    930 414
    881 415
    879 416
    872 417
    889 418
    911 419
    870 420
    879 421
    829 422
    782 423
    826 424
    807 425
    826 426
    799 427
    819 428
    753 429
    793 430
    827 431
    780 432
    762 433
    795 434
    768 435
    844 436
    807 437
    848 438
    802 439
    811 440
    791 441
    821 442
    815 443
    816 444
    811 445
    741 446
    740 447
    782 448
    820 449
    757 450
    751 451
    769 452
    784 453
    734 454
    769 455
    686 456
    791 457
    721 458
    738 459
    764 460
    730 461
    701 462
    679 463
    683 464
    752 465
    719 466
    709 467
    656 468
    683 469
    675 470
    672 471
    662 472
    720 473
    682 474
    670 475
    658 476
    662 477
    607 478
    599 479
    639 480
    636 481
    686 482
    631 483
    627 484
    609 485
    634 486
    597 487
    625 488
    633 489
    585 490
    546 491
    568 492
    580 493
    589 494
    597 495
    589 496
    523 497
    575 498
    565 499
    534 500
    553 501
    554 502
    529 503
    557 504
    531 505
    515 506
    533 507
    574 508
    540 509
    541 510
    527 511
    545 512
    561 513
    517 514
    547 515
    552 516
    521 517
    559 518
    555 519
    531 520
    541 521
    541 522
    496 523
    553 524
    528 525
    530 526
    513 527
    574 528
    540 529
    526 530
    479 531
    537 532
    520 533
    558 534
    509 535
    542 536
    478 537
    535 538
    467 539
    518 540
    488 541
    515 542
    470 543
    496 544
    508 545
    504 546
    488 547
    473 548
    450 549
    479 550
    522 551
    498 552
    468 553
    456 554
    500 555
    447 556
    448 557
    500 558
    487 559
    455 560
    491 561
    436 562
    471 563
    445 564
    430 565
    502 566
    469 567
    488 568
    464 569
    484 570
    442 571
    430 572
    475 573
    458 574
    460 575
    459 576
    418 577
    391 578
    440 579
    410 580
    408 581
    448 582
    421 583
    439 584
    417 585
    398 586
    432 587
    427 588
    395 589
    404 590
    405 591
    413 592
    440 593
    396 594
    399 595
    474 596
    431 597
    389 598
    373 599
    397 600
    400 601
    401 602
    429 603
    427 604
    493 605
    406 606
    414 607
    431 608
    443 609
    420 610
    422 611
    400 612
    462 613
    417 614
    424 615
    392 616
    413 617
    378 618
    404 619
    382 620
    388 621
    363 622
    392 623
    415 624
    371 625
    405 626
    378 627
    388 628
    325 629
    373 630
    324 631
    307 632
    387 633
    386 634
    343 635
    349 636
    355 637
    346 638
    309 639
    337 640
    365 641
    332 642
    314 643
    366 644
    338 645
    324 646
    324 647
    353 648
    318 649
    322 650
    310 651
    328 652
    329 653
    327 654
    288 655
    341 656
    309 657
    344 658
    335 659
    310 660
    337 661
    349 662
    298 663
    339 664
    331 665
    337 666
    341 667
    322 668
    302 669
    341 670
    328 671
    312 672
    339 673
    332 674
    303 675
    316 676
    319 677
    339 678
    312 679
    301 680
    342 681
    307 682
    314 683
    316 684
    297 685
    327 686
    324 687
    328 688
    331 689
    321 690
    326 691
    376 692
    365 693
    323 694
    342 695
    334 696
    329 697
    319 698
    307 699
    332 700
    307 701
    274 702
    304 703
    251 704
    290 705
    305 706
    275 707
    282 708
    276 709
    272 710
    311 711
    299 712
    305 713
    286 714
    280 715
    286 716
    266 717
    288 718
    296 719
    320 720
    283 721
    282 722
    271 723
    312 724
    308 725
    275 726
    282 727
    283 728
    280 729
    266 730
    294 731
    258 732
    290 733
    261 734
    268 735
    257 736
    254 737
    301 738
    245 739
    260 740
    300 741
    292 742
    304 743
    279 744
    271 745
    261 746
    264 747
    267 748
    259 749
    262 750
    229 751
    284 752
    242 753
    291 754
    257 755
    237 756
    280 757
    230 758
    242 759
    273 760
    235 761
    254 762
    219 763
    246 764
    239 765
    252 766
    224 767
    257 768
    272 769
    256 770
    239 771
    255 772
    230 773
    267 774
    261 775
    239 776
    272 777
    233 778
    272 779
    247 780
    270 781
    243 782
    246 783
    270 784
    244 785
    239 786
    241 787
    251 788
    248 789
    264 790
    263 791
    284 792
    229 793
    259 794
    251 795
    269 796
    232 797
    248 798
    256 799
    246 800
    265 801
    242 802
    278 803
    254 804
    234 805
    248 806
    212 807
    251 808
    224 809
    233 810
    259 811
    200 812
    222 813
    215 814
    239 815
    236 816
    236 817
    225 818
    235 819
    231 820
    222 821
    238 822
    263 823
    226 824
    221 825
    249 826
    208 827
    237 828
    218 829
    222 830
    245 831
    240 832
    189 833
    245 834
    224 835
    227 836
    192 837
    228 838
    244 839
    226 840
    226 841
    223 842
    216 843
    201 844
    210 845
    212 846
    227 847
    238 848
    233 849
    212 850
    199 851
    221 852
    233 853
    197 854
    200 855
    218 856
    211 857
    218 858
    235 859
    210 860
    216 861
    213 862
    204 863
    229 864
    205 865
    229 866
    211 867
    224 868
    230 869
    223 870
    239 871
    228 872
    208 873
    202 874
    215 875
    214 876
    194 877
    199 878
    177 879
    189 880
    190 881
    200 882
    217 883
    179 884
    220 885
    214 886
    208 887
    205 888
    222 889
    204 890
    231 891
    222 892
    236 893
    208 894
    227 895
    227 896
    211 897
    197 898
    238 899
    204 900
    232 901
    247 902
    225 903
    202 904
    249 905
    212 906
    216 907
    234 908
    221 909
    201 910
    208 911
    212 912
    207 913
    216 914
    230 915
    228 916
    231 917
    196 918
    182 919
    212 920
    203 921
    213 922
    182 923
    197 924
    194 925
    203 926
    197 927
    214 928
    219 929
    189 930
    230 931
    191 932
    185 933
    169 934
    172 935
    210 936
    187 937
    214 938
    170 939
    178 940
    203 941
    185 942
    185 943
    194 944
    180 945
    186 946
    208 947
    218 948
    213 949
    203 950
    177 951
    199 952
    200 953
    194 954
    172 955
    185 956
    194 957
    212 958
    208 959
    182 960
    180 961
    198 962
    185 963
    204 964
    202 965
    236 966
    195 967
    200 968
    188 969
    184 970
    188 971
    211 972
    198 973
    175 974
    184 975
    202 976
    197 977
    199 978
    191 979
    204 980
    175 981
    192 982
    198 983
    178 984
    205 985
    199 986
    189 987
    185 988
    181 989
    165 990
    217 991
    209 992
    199 993
    204 994
    234 995
    206 996
    198 997
    208 998
    185 999
    196 1000
    190 1001
    203 1002
    190 1003
    177 1004
    180 1005
    186 1006
    183 1007
    190 1008
    191 1009
    183 1010
    192 1011
    168 1012
    198 1013
    192 1014
    195 1015
    186 1016
    179 1017
    177 1018
    175 1019
    184 1020
    177 1021
    197 1022
    198 1023
    170 1024
    184 1025
    183 1026
    190 1027
    183 1028
    190 1029
    173 1030
    184 1031
    180 1032
    195 1033
    177 1034
    153 1035
    178 1036
    174 1037
    169 1038
    168 1039
    168 1040
    204 1041
    166 1042
    178 1043
    162 1044
    165 1045
    157 1046
    157 1047
    178 1048
    178 1049
    174 1050
    188 1051
    152 1052
    148 1053
    164 1054
    163 1055
    162 1056
    159 1057
    165 1058
    177 1059
    160 1060
    190 1061
    175 1062
    170 1063
    162 1064
    191 1065
    143 1066
    173 1067
    162 1068
    162 1069
    176 1070
    153 1071
    191 1072
    180 1073
    154 1074
    159 1075
    166 1076
    176 1077
    160 1078
    161 1079
    156 1080
    153 1081
    164 1082
    156 1083
    184 1084
    151 1085
    166 1086
    164 1087
    150 1088
    170 1089
    146 1090
    151 1091
    148 1092
    167 1093
    160 1094
    149 1095
    160 1096
    146 1097
    141 1098
    155 1099
    151 1100
    144 1101
    170 1102
    135 1103
    124 1104
    151 1105
    160 1106
    171 1107
    155 1108
    157 1109
    160 1110
    156 1111
    155 1112
    163 1113
    169 1114
    154 1115
    151 1116
    153 1117
    157 1118
    186 1119
    174 1120
    165 1121
    170 1122
    130 1123
    170 1124
    154 1125
    167 1126
    171 1127
    170 1128
    167 1129
    152 1130
    179 1131
    186 1132
    132 1133
    155 1134
    176 1135
    155 1136
    136 1137
    164 1138
    152 1139
    165 1140
    163 1141
    138 1142
    168 1143
    150 1144
    157 1145
    162 1146
    180 1147
    169 1148
    165 1149
    158 1150
    141 1151
    168 1152
    156 1153
    143 1154
    159 1155
    144 1156
    150 1157
    134 1158
    160 1159
    150 1160
    167 1161
    190 1162
    160 1163
    163 1164
    168 1165
    172 1166
    169 1167
    162 1168
    148 1169
    151 1170
    167 1171
    173 1172
    138 1173
    159 1174
    158 1175
    143 1176
    165 1177
    139 1178
    132 1179
    160 1180
    177 1181
    146 1182
    134 1183
    161 1184
    150 1185
    145 1186
    162 1187
    168 1188
    160 1189
    177 1190
    166 1191
    173 1192
    154 1193
    182 1194
    141 1195
    162 1196
    174 1197
    152 1198
    147 1199
    143 1200
    156 1201
    146 1202
    137 1203
    140 1204
    147 1205
    148 1206
    163 1207
    155 1208
    158 1209
    163 1210
    174 1211
    151 1212
    144 1213
    191 1214
    145 1215
    160 1216
    134 1217
    178 1218
    154 1219
    142 1220
    138 1221
    173 1222
    163 1223
    137 1224
    163 1225
    138 1226
    171 1227
    158 1228
    153 1229
    160 1230
    147 1231
    175 1232
    180 1233
    164 1234
    149 1235
    190 1236
    154 1237
    140 1238
    140 1239
    178 1240
    162 1241
    181 1242
    141 1243
    168 1244
    142 1245
    167 1246
    157 1247
    155 1248
    157 1249
    165 1250
    166 1251
    152 1252
    156 1253
    140 1254
    174 1255
    128 1256
    131 1257
    162 1258
    156 1259
    153 1260
    152 1261
    130 1262
    147 1263
    131 1264
    147 1265
    144 1266
    142 1267
    130 1268
    149 1269
    137 1270
    131 1271
    144 1272
    121 1273
    134 1274
    137 1275
    135 1276
    132 1277
    141 1278
    158 1279
    153 1280
    148 1281
    154 1282
    155 1283
    146 1284
    150 1285
    131 1286
    139 1287
    148 1288
    152 1289
    125 1290
    151 1291
    139 1292
    142 1293
    149 1294
    142 1295
    134 1296
    131 1297
    141 1298
    112 1299
    155 1300
    175 1301
    138 1302
    137 1303
    154 1304
    150 1305
    151 1306
    151 1307
    153 1308
    146 1309
    168 1310
    149 1311
    151 1312
    163 1313
    150 1314
    140 1315
    150 1316
    135 1317
    153 1318
    161 1319
    162 1320
    135 1321
    123 1322
    119 1323
    144 1324
    149 1325
    140 1326
    177 1327
    128 1328
    142 1329
    155 1330
    155 1331
    133 1332
    160 1333
    166 1334
    135 1335
    174 1336
    148 1337
    149 1338
    132 1339
    147 1340
    147 1341
    147 1342
    148 1343
    160 1344
    154 1345
    149 1346
    165 1347
    147 1348
    176 1349
    164 1350
    170 1351
    148 1352
    138 1353
    159 1354
    146 1355
    175 1356
    145 1357
    150 1358
    136 1359
    150 1360
    158 1361
    154 1362
    170 1363
    147 1364
    148 1365
    131 1366
    149 1367
    147 1368
    151 1369
    154 1370
    131 1371
    133 1372
    156 1373
    142 1374
    166 1375
    126 1376
    138 1377
    142 1378
    139 1379
    132 1380
    128 1381
    158 1382
    114 1383
    127 1384
    142 1385
    128 1386
    145 1387
    133 1388
    119 1389
    136 1390
    132 1391
    142 1392
    123 1393
    137 1394
    126 1395
    118 1396
    126 1397
    137 1398
    128 1399
    145 1400
    148 1401
    138 1402
    125 1403
    111 1404
    123 1405
    124 1406
    126 1407
    123 1408
    138 1409
    141 1410
    116 1411
    128 1412
    131 1413
    116 1414
    130 1415
    112 1416
    140 1417
    136 1418
    140 1419
    127 1420
    135 1421
    117 1422
    145 1423
    125 1424
    132 1425
    117 1426
    137 1427
    114 1428
    133 1429
    117 1430
    128 1431
    125 1432
    121 1433
    123 1434
    123 1435
    122 1436
    102 1437
    128 1438
    114 1439
    110 1440
    118 1441
    103 1442
    112 1443
    119 1444
    131 1445
    130 1446
    134 1447
    132 1448
    133 1449
    128 1450
    118 1451
    110 1452
    140 1453
    131 1454
    130 1455
    133 1456
    118 1457
    134 1458
    111 1459
    123 1460
    131 1461
    132 1462
    124 1463
    130 1464
    119 1465
    131 1466
    154 1467
    133 1468
     93 1469
    124 1470
    119 1471
    101 1472
    106 1473
    118 1474
    108 1475
    106 1476
    107 1477
    110 1478
    127 1479
    117 1480
    112 1481
    121 1482
    116 1483
    124 1484
    107 1485
     98 1486
    109 1487
    118 1488
    121 1489
    121 1490
    121 1491
    107 1492
    109 1493
    112 1494
    107 1495
    105 1496
    111 1497
    103 1498
    106 1499
    113 1500
    121 1501
    110 1502
    103 1503
    105 1504
    112 1505
    121 1506
     96 1507
    120 1508
    118 1509
    119 1510
    106 1511
     93 1512
    108 1513
     97 1514
     90 1515
    101 1516
     88 1517
     91 1518
     95 1519
    114 1520
    103 1521
    122 1522
    108 1523
    102 1524
    100 1525
    112 1526
     84 1527
     88 1528
     94 1529
    100 1530
     99 1531
     98 1532
     94 1533
    103 1534
    108 1535
    109 1536
    110 1537
     94 1538
    104 1539
     91 1540
     78 1541
    101 1542
     75 1543
     96 1544
     85 1545
     81 1546
     82 1547
     98 1548
     90 1549
     84 1550
     93 1551
     94 1552
     80 1553
     94 1554
     83 1555
     71 1556
     92 1557
     91 1558
     91 1559
     82 1560
     86 1561
    104 1562
     84 1563
     83 1564
     82 1565
     99 1566
     94 1567
    100 1568
     73 1569
     96 1570
     72 1571
     75 1572
    108 1573
     78 1574
     93 1575
    104 1576
    104 1577
     73 1578
     99 1579
     67 1580
    101 1581
     87 1582
     93 1583
     88 1584
     91 1585
     75 1586
     74 1587
     96 1588
     77 1589
     82 1590
     67 1591
     83 1592
     82 1593
     86 1594
     92 1595
     72 1596
     69 1597
     90 1598
     83 1599
     84 1600
     67 1601
     81 1602
     82 1603
     86 1604
     78 1605
     86 1606
     98 1607
     80 1608
     87 1609
     82 1610
     83 1611
     94 1612
     80 1613
     64 1614
     76 1615
     63 1616
     93 1617
     87 1618
     78 1619
     70 1620
     75 1621
     97 1622
     88 1623
     60 1624
     60 1625
     82 1626
     69 1627
     62 1628
     82 1629
     66 1630
     94 1631
     77 1632
     86 1633
     75 1634
     72 1635
     60 1636
     72 1637
     78 1638
     84 1639
     92 1640
     80 1641
     63 1642
     73 1643
     66 1644
     48 1645
     91 1646
     70 1647
     82 1648
     88 1649
     69 1650
     75 1651
     66 1652
     68 1653
     67 1654
     79 1655
     75 1656
     62 1657
     60 1658
     78 1659
     79 1660
     84 1661
     78 1662
     72 1663
     68 1664
     75 1665
     84 1666
     70 1667
     82 1668
     78 1669
     59 1670
     79 1671
     71 1672
     76 1673
     87 1674
     61 1675
     61 1676
     85 1677
     70 1678
     64 1679
     63 1680
     59 1681
     71 1682
     70 1683
     72 1684
     83 1685
     54 1686
     70 1687
     59 1688
     71 1689
     59 1690
     62 1691
     57 1692
     59 1693
     66 1694
     67 1695
     78 1696
     69 1697
     64 1698
     67 1699
     73 1700
     67 1701
     50 1702
     60 1703
     64 1704
     63 1705
     65 1706
     65 1707
     52 1708
     54 1709
     71 1710
     69 1711
     67 1712
     54 1713
     62 1714
     57 1715
     48 1716
     75 1717
     60 1718
     60 1719
     62 1720
     65 1721
     59 1722
     71 1723
     53 1724
     57 1725
     54 1726
     62 1727
     76 1728
     58 1729
     58 1730
     77 1731
     79 1732
     52 1733
     63 1734
     55 1735
     54 1736
     58 1737
     54 1738
     63 1739
     63 1740
     63 1741
     57 1742
     61 1743
     61 1744
     68 1745
     52 1746
     64 1747
     67 1748
     77 1749
     65 1750
     60 1751
     80 1752
     64 1753
     74 1754
     54 1755
     61 1756
     46 1757
     67 1758
     51 1759
     65 1760
     73 1761
     53 1762
     52 1763
     56 1764
     49 1765
     58 1766
     47 1767
     72 1768
     53 1769
     54 1770
     59 1771
     66 1772
     66 1773
     56 1774
     67 1775
     50 1776
     52 1777
     65 1778
     67 1779
     67 1780
     65 1781
     68 1782
     53 1783
     62 1784
     57 1785
     65 1786
     56 1787
     64 1788
     61 1789
     53 1790
     50 1791
     60 1792
     53 1793
     63 1794
     49 1795
     60 1796
     49 1797
     60 1798
     63 1799
     53 1800
     49 1801
     52 1802
     49 1803
     58 1804
     60 1805
     52 1806
     55 1807
     50 1808
     48 1809
     42 1810
     54 1811
     44 1812
     59 1813
     52 1814
     39 1815
     45 1816
     66 1817
     52 1818
     59 1819
     45 1820
     47 1821
     48 1822
     49 1823
     40 1824
     46 1825
     51 1826
     46 1827
     47 1828
     45 1829
     42 1830
     49 1831
     47 1832
     43 1833
     52 1834
     38 1835
     47 1836
     42 1837
     54 1838
     63 1839
     57 1840
     50 1841
     39 1842
     50 1843
     51 1844
     56 1845
     45 1846
     45 1847
     35 1848
     40 1849
     60 1850
     47 1851
     54 1852
     44 1853
     50 1854
     56 1855
     42 1856
     71 1857
     41 1858
     49 1859
     50 1860
     51 1861
     56 1862
     49 1863
     51 1864
     45 1865
     45 1866
     46 1867
     41 1868
     48 1869
     48 1870
     60 1871
     51 1872
     43 1873
     42 1874
     34 1875
     34 1876
     49 1877
     43 1878
     40 1879
     50 1880
     52 1881
     47 1882
     44 1883
     48 1884
     47 1885
     45 1886
     41 1887
     47 1888
     37 1889
     43 1890
     52 1891
     39 1892
     37 1893
     56 1894
     49 1895
     54 1896
     47 1897
     50 1898
     38 1899
     47 1900
     40 1901
     43 1902
     35 1903
     50 1904
     43 1905
     37 1906
     51 1907
     58 1908
     41 1909
     48 1910
     44 1911
     39 1912
     37 1913
     46 1914
     53 1915
     38 1916
     54 1917
     44 1918
     53 1919
     50 1920
     52 1921
     45 1922
     42 1923
     31 1924
     51 1925
     50 1926
     51 1927
     36 1928
     30 1929
     46 1930
     46 1931
     47 1932
     40 1933
     46 1934
     34 1935
     59 1936
     42 1937
     40 1938
     33 1939
     49 1940
     38 1941
     46 1942
     38 1943
     36 1944
     46 1945
     54 1946
     41 1947
     34 1948
     48 1949
     36 1950
     39 1951
     42 1952
     39 1953
     46 1954
     43 1955
     32 1956
     40 1957
     46 1958
     45 1959
     41 1960
     56 1961
     36 1962
     30 1963
     43 1964
     44 1965
     42 1966
     35 1967
     48 1968
     52 1969
     54 1970
     54 1971
     32 1972
     44 1973
     37 1974
     31 1975
     43 1976
     45 1977
     37 1978
     43 1979
     36 1980
     44 1981
     39 1982
     35 1983
     43 1984
     49 1985
     42 1986
     45 1987
     39 1988
     50 1989
     41 1990
     41 1991
     42 1992
     42 1993
     38 1994
     45 1995
     50 1996
     46 1997
     47 1998
     43 1999
     47 2000
     41 2001
     61 2002
     48 2003
     52 2004
     48 2005
     35 2006
     54 2007
     55 2008
     56 2009
     27 2010
     46 2011
     48 2012
     51 2013
     32 2014
     49 2015
     43 2016
     44 2017
     31 2018
     30 2019
     36 2020
     50 2021
     37 2022
     42 2023
     48 2024
     42 2025
     37 2026
     43 2027
     43 2028
     40 2029
     45 2030
     35 2031
     35 2032
     33 2033
     42 2034
     49 2035
     37 2036
     46 2037
     47 2038
     39 2039
     42 2040
     41 2041
     46 2042
     42 2043
     46 2044
     34 2045
     50 2046
     49 2047
     47 2048
     47 2049
     41 2050
     56 2051
     49 2052
     55 2053
     50 2054
     37 2055
     39 2056
     35 2057
     40 2058
     49 2059
     43 2060
     47 2061
     32 2062
     47 2063
     47 2064
     40 2065
     45 2066
     55 2067
     48 2068
     28 2069
     53 2070
     40 2071
     41 2072
     42 2073
     49 2074
     40 2075
     41 2076
     47 2077
     45 2078
     38 2079
     50 2080
     47 2081
     43 2082
     55 2083
     37 2084
     49 2085
     44 2086
     43 2087
     30 2088
     39 2089
     47 2090
     35 2091
     47 2092
     34 2093
     47 2094
     37 2095
     49 2096
     43 2097
     44 2098
     29 2099
     34 2100
     33 2101
     44 2102
     42 2103
     52 2104
     39 2105
     37 2106
     47 2107
     38 2108
     32 2109
     31 2110
     32 2111
     35 2112
     33 2113
     37 2114
     37 2115
     29 2116
     38 2117
     31 2118
     37 2119
     49 2120
     42 2121
     36 2122
     29 2123
     38 2124
     41 2125
     42 2126
     43 2127
     27 2128
     31 2129
     28 2130
     36 2131
     42 2132
     32 2133
     34 2134
     48 2135
     33 2136
     40 2137
     29 2138
     36 2139
     43 2140
     37 2141
     33 2142
     32 2143
     38 2144
     34 2145
     29 2146
     36 2147
     46 2148
     38 2149
     30 2150
     35 2151
     28 2152
     43 2153
     33 2154
     45 2155
     37 2156
     24 2157
     30 2158
     44 2159
     34 2160
     47 2161
     47 2162
     45 2163
     39 2164
     47 2165
     51 2166
     47 2167
     40 2168
     44 2169
     45 2170
     48 2171
     50 2172
     45 2173
     36 2174
     44 2175
     48 2176
     47 2177
     35 2178
     39 2179
     45 2180
     45 2181
     47 2182
     46 2183
     43 2184
     41 2185
     28 2186
     46 2187
     42 2188
     36 2189
     51 2190
     45 2191
     44 2192
     39 2193
     36 2194
     40 2195
     34 2196
     41 2197
     33 2198
     41 2199
     45 2200
     31 2201
     40 2202
     35 2203
     43 2204
     34 2205
     42 2206
     49 2207
     41 2208
     32 2209
     41 2210
     47 2211
     45 2212
     39 2213
     40 2214
     37 2215
     37 2216
     35 2217
     26 2218
     42 2219
     29 2220
     36 2221
     41 2222
     33 2223
     31 2224
     48 2225
     27 2226
     33 2227
     42 2228
     38 2229
     34 2230
     35 2231
     38 2232
     41 2233
     40 2234
     36 2235
     27 2236
     39 2237
     41 2238
     33 2239
     34 2240
     42 2241
     39 2242
     35 2243
     44 2244
     27 2245
     28 2246
     28 2247
     27 2248
     32 2249
     27 2250
     32 2251
     38 2252
     41 2253
     40 2254
     28 2255
     39 2256
     28 2257
     35 2258
     25 2259
     30 2260
     45 2261
     37 2262
     47 2263
     35 2264
     28 2265
     42 2266
     40 2267
     46 2268
     28 2269
     30 2270
     32 2271
     37 2272
     30 2273
     33 2274
     32 2275
     35 2276
     26 2277
     42 2278
     36 2279
     35 2280
     37 2281
     33 2282
     35 2283
     44 2284
     27 2285
     41 2286
     26 2287
     27 2288
     28 2289
     35 2290
     35 2291
     43 2292
     37 2293
     35 2294
     38 2295
     28 2296
     34 2297
     36 2298
     37 2299
     44 2300
     34 2301
     38 2302
     27 2303
     39 2304
     33 2305
     30 2306
     32 2307
     26 2308
     31 2309
     41 2310
     33 2311
     36 2312
     40 2313
     43 2314
     30 2315
     33 2316
     42 2317
     28 2318
     32 2319
     50 2320
     35 2321
     37 2322
     35 2323
     33 2324
     34 2325
     38 2326
     40 2327
     30 2328
     32 2329
     40 2330
     39 2331
     36 2332
     36 2333
     31 2334
     38 2335
     46 2336
     40 2337
     33 2338
     47 2339
     44 2340
     36 2341
     26 2342
     35 2343
     32 2344
     37 2345
     45 2346
     36 2347
     37 2348
     36 2349
     37 2350
     38 2351
     36 2352
     40 2353
     37 2354
     43 2355
     37 2356
     28 2357
     30 2358
     28 2359
     40 2360
     49 2361
     26 2362
     29 2363
     32 2364
     33 2365
     47 2366
     37 2367
     26 2368
     31 2369
     36 2370
     36 2371
     40 2372
     32 2373
     29 2374
     33 2375
     34 2376
     41 2377
     37 2378
     46 2379
     34 2380
     24 2381
     35 2382
     41 2383
     32 2384
     31 2385
     46 2386
     51 2387
     30 2388
     42 2389
     39 2390
     47 2391
     40 2392
     39 2393
     35 2394
     44 2395
     31 2396
     30 2397
     34 2398
     37 2399
     42 2400
     28 2401
     41 2402
     44 2403
     35 2404
     39 2405
     35 2406
     42 2407
     38 2408
     38 2409
     35 2410
     33 2411
     34 2412
     29 2413
     43 2414
     38 2415
     44 2416
     40 2417
     37 2418
     31 2419
     48 2420
     39 2421
     32 2422
     46 2423
     31 2424
     47 2425
     43 2426
     48 2427
     49 2428
     29 2429
     31 2430
     33 2431
     46 2432
     38 2433
     44 2434
     45 2435
     51 2436
     40 2437
     41 2438
     25 2439
     47 2440
     43 2441
     42 2442
     39 2443
     40 2444
     44 2445
     28 2446
     43 2447
     49 2448
     44 2449
     46 2450
     44 2451
     47 2452
     33 2453
     37 2454
     34 2455
     32 2456
     42 2457
     38 2458
     39 2459
     42 2460
     39 2461
     36 2462
     41 2463
     31 2464
     43 2465
     38 2466
     45 2467
     39 2468
     39 2469
     51 2470
     35 2471
     36 2472
     42 2473
     43 2474
     36 2475
     43 2476
     35 2477
     36 2478
     28 2479
     36 2480
     38 2481
     36 2482
     37 2483
     41 2484
     40 2485
     32 2486
     46 2487
     41 2488
     51 2489
     44 2490
     41 2491
     35 2492
     35 2493
     35 2494
     34 2495
     35 2496
     42 2497
     39 2498
     45 2499
     51 2500
     41 2501
     39 2502
     30 2503
     38 2504
     42 2505
     52 2506
     52 2507
     40 2508
     46 2509
     44 2510
     42 2511
     29 2512
     51 2513
     51 2514
     48 2515
     39 2516
     43 2517
     44 2518
     35 2519
     47 2520
     32 2521
     33 2522
     39 2523
     41 2524
     35 2525
     32 2526
     44 2527
     45 2528
     33 2529
     42 2530
     32 2531
     41 2532
     39 2533
     56 2534
     41 2535
     41 2536
     53 2537
     41 2538
     45 2539
     50 2540
     48 2541
     39 2542
     43 2543
     25 2544
     45 2545
     47 2546
     37 2547
     44 2548
     47 2549
     37 2550
     45 2551
     53 2552
     43 2553
     41 2554
     40 2555
     33 2556
     33 2557
     30 2558
     48 2559
     42 2560
     44 2561
     55 2562
     48 2563
     51 2564
     42 2565
     41 2566
     34 2567
     49 2568
     60 2569
     50 2570
     29 2571
     51 2572
     28 2573
     35 2574
     44 2575
     58 2576
     40 2577
     54 2578
     50 2579
     55 2580
     65 2581
     44 2582
     48 2583
     40 2584
     41 2585
     36 2586
     49 2587
     52 2588
     52 2589
     43 2590
     58 2591
     31 2592
     56 2593
     53 2594
     35 2595
     52 2596
     42 2597
     58 2598
     50 2599
     55 2600
     46 2601
     52 2602
     50 2603
     43 2604
     48 2605
     50 2606
     56 2607
     60 2608
     50 2609
     49 2610
     50 2611
     46 2612
     47 2613
     42 2614
     41 2615
     34 2616
     45 2617
     48 2618
     53 2619
     44 2620
     50 2621
     39 2622
     57 2623
     38 2624
     39 2625
     52 2626
     44 2627
     45 2628
     44 2629
     38 2630
     44 2631
     47 2632
     57 2633
     64 2634
     43 2635
     42 2636
     38 2637
     36 2638
     43 2639
     45 2640
     53 2641
     43 2642
     51 2643
     54 2644
     48 2645
     48 2646
     48 2647
     43 2648
     51 2649
     52 2650
     51 2651
     50 2652
     48 2653
     57 2654
     41 2655
     45 2656
     47 2657
     50 2658
     47 2659
     48 2660
     52 2661
     48 2662
     49 2663
     54 2664
     58 2665
     57 2666
     52 2667
     56 2668
     51 2669
     63 2670
     55 2671
     52 2672
     57 2673
     39 2674
     64 2675
     48 2676
     58 2677
     60 2678
     68 2679
     51 2680
     49 2681
     48 2682
     61 2683
     57 2684
     58 2685
     45 2686
     57 2687
     69 2688
     60 2689
     53 2690
     60 2691
     60 2692
     46 2693
     53 2694
     55 2695
     46 2696
     60 2697
     44 2698
     53 2699
     59 2700
     59 2701
     54 2702
     46 2703
     51 2704
     53 2705
     40 2706
     60 2707
     54 2708
     45 2709
     58 2710
     52 2711
     63 2712
     54 2713
     52 2714
     57 2715
     46 2716
     61 2717
     56 2718
     55 2719
     59 2720
     47 2721
     51 2722
     55 2723
     52 2724
     57 2725
     58 2726
     41 2727
     41 2728
     51 2729
     49 2730
     52 2731
     52 2732
     54 2733
     52 2734
     49 2735
     42 2736
     43 2737
     51 2738
     50 2739
     48 2740
     52 2741
     46 2742
     42 2743
     34 2744
     38 2745
     32 2746
     34 2747
     45 2748
     48 2749
     52 2750
     43 2751
     44 2752
     33 2753
     50 2754
     46 2755
     56 2756
     41 2757
     45 2758
     54 2759
     43 2760
     42 2761
     46 2762
     52 2763
     50 2764
     49 2765
     61 2766
     47 2767
     47 2768
     51 2769
     40 2770
     41 2771
     41 2772
     51 2773
     47 2774
     49 2775
     35 2776
     47 2777
     47 2778
     38 2779
     49 2780
     41 2781
     57 2782
     37 2783
     54 2784
     52 2785
     36 2786
     31 2787
     40 2788
     46 2789
     46 2790
     40 2791
     45 2792
     36 2793
     40 2794
     45 2795
     41 2796
     43 2797
     37 2798
     42 2799
     40 2800
     51 2801
     38 2802
     36 2803
     40 2804
     45 2805
     30 2806
     45 2807
     48 2808
     48 2809
     44 2810
     35 2811
     44 2812
     38 2813
     43 2814
     39 2815
     50 2816
     41 2817
     39 2818
     38 2819
     44 2820
     35 2821
     38 2822
     51 2823
     29 2824
     44 2825
     45 2826
     51 2827
     46 2828
     42 2829
     52 2830
     43 2831
     42 2832
     42 2833
     53 2834
     44 2835
     44 2836
     40 2837
     52 2838
     52 2839
     56 2840
     38 2841
     42 2842
     46 2843
     42 2844
     40 2845
     44 2846
     51 2847
     38 2848
     47 2849
     36 2850
     44 2851
     45 2852
     38 2853
     46 2854
     52 2855
     48 2856
     48 2857
     32 2858
     32 2859
     48 2860
     43 2861
     46 2862
     38 2863
     49 2864
     47 2865
     42 2866
     26 2867
     35 2868
     32 2869
     41 2870
     39 2871
     25 2872
     31 2873
     32 2874
     42 2875
     25 2876
     39 2877
     32 2878
     23 2879
     29 2880
     32 2881
     28 2882
     37 2883
     29 2884
     32 2885
     29 2886
     29 2887
     24 2888
     38 2889
     37 2890
     31 2891
     39 2892
     20 2893
     27 2894
     23 2895
     39 2896
     25 2897
     37 2898
     19 2899
     26 2900
     30 2901
     30 2902
     33 2903
     21 2904
     31 2905
     24 2906
     26 2907
     24 2908
     44 2909
     24 2910
     37 2911
     19 2912
     25 2913
     41 2914
     24 2915
     26 2916
     28 2917
     35 2918
     31 2919
     26 2920
     40 2921
     45 2922
     31 2923
     26 2924
     31 2925
     25 2926
     34 2927
     37 2928
     37 2929
     29 2930
     32 2931
     24 2932
     24 2933
     27 2934
     32 2935
     24 2936
     31 2937
     23 2938
     35 2939
     27 2940
     29 2941
     24 2942
     31 2943
     26 2944
     27 2945
     32 2946
     19 2947
     32 2948
     30 2949
     20 2950
     35 2951
     28 2952
     37 2953
     34 2954
     35 2955
     24 2956
     35 2957
     40 2958
     30 2959
     29 2960
     25 2961
     32 2962
     29 2963
     31 2964
     28 2965
     33 2966
     30 2967
     41 2968
     28 2969
     28 2970
     35 2971
     25 2972
     35 2973
     28 2974
     33 2975
     17 2976
     29 2977
     26 2978
     25 2979
     16 2980
     21 2981
     15 2982
     33 2983
     30 2984
     26 2985
     16 2986
     35 2987
     32 2988
     32 2989
     18 2990
     27 2991
     24 2992
     17 2993
     18 2994
     25 2995
     16 2996
     23 2997
     23 2998
     18 2999
     22 3000
     24 3001
     16 3002
     24 3003
     25 3004
     26 3005
     32 3006
     21 3007
     19 3008
     34 3009
     18 3010
     32 3011
     14 3012
     20 3013
     25 3014
     21 3015
     29 3016
     18 3017
     23 3018
     17 3019
     22 3020
     24 3021
     23 3022
     14 3023
     29 3024
     20 3025
     26 3026
     17 3027
     17 3028
     19 3029
     19 3030
     17 3031
     18 3032
     17 3033
     17 3034
     24 3035
     21 3036
     16 3037
     22 3038
     18 3039
     11 3040
     17 3041
     26 3042
     17 3043
     23 3044
     13 3045
     21 3046
     21 3047
     15 3048
     21 3049
     16 3050
     22 3051
     20 3052
     35 3053
     20 3054
     23 3055
     14 3056
     26 3057
     21 3058
     18 3059
     20 3060
     11 3061
     20 3062
     19 3063
     21 3064
     17 3065
     18 3066
     16 3067
     10 3068
     18 3069
     13 3070
     26 3071
     16 3072
     11 3073
     15 3074
      6 3075
      8 3076
     20 3077
     14 3078
     14 3079
     11 3080
     13 3081
     19 3082
     17 3083
     14 3084
     20 3085
     15 3086
     21 3087
     15 3088
     16 3089
     13 3090
     15 3091
      7 3092
     13 3093
     19 3094
     16 3095
     12 3096
     10 3097
     15 3098
     17 3099
     18 3100
     10 3101
     10 3102
     10 3103
     12 3104
     17 3105
     10 3106
     21 3107
     16 3108
     14 3109
     17 3110
     15 3111
     13 3112
     14 3113
     13 3114
     19 3115
     19 3116
     15 3117
      6 3118
     17 3119
     18 3120
     11 3121
     11 3122
     10 3123
     18 3124
     17 3125
     12 3126
     15 3127
     14 3128
     17 3129
     18 3130
     11 3131
     11 3132
     10 3133
     15 3134
      7 3135
     14 3136
     14 3137
     14 3138
     12 3139
     14 3140
     13 3141
     12 3142
     19 3143
      6 3144
     15 3145
      9 3146
      5 3147
      6 3148
      5 3149
     14 3150
     10 3151
     13 3152
      9 3153
     18 3154
     15 3155
     10 3156
     14 3157
     14 3158
      8 3159
      9 3160
     11 3161
     13 3162
     15 3163
      8 3164
     13 3165
     16 3166
     13 3167
     11 3168
     19 3169
     14 3170
     12 3171
     16 3172
     15 3173
     13 3174
     12 3175
     12 3176
      7 3177
     19 3178
     15 3179
     14 3180
     20 3181
     10 3182
     12 3183
      9 3184
      9 3185
      7 3186
     19 3187
     13 3188
     11 3189
      9 3190
     12 3191
      7 3192
      8 3193
     10 3194
      9 3195
      4 3196
     13 3197
     15 3198
      9 3199
     11 3200
     14 3201
      9 3202
      7 3203
     10 3204
     11 3205
     14 3206
      8 3207
     10 3208
     13 3209
      1 3210
     10 3211
      8 3212
     11 3213
     11 3214
      8 3215
     12 3216
     14 3217
     10 3218
     11 3219
     11 3220
     15 3221
      5 3222
      7 3223
      7 3224
      4 3225
      7 3226
     10 3227
     11 3228
      8 3229
     14 3230
      4 3231
      9 3232
     10 3233
      8 3234
     14 3235
      8 3236
      5 3237
      9 3238
      8 3239
      6 3240
     10 3241
      9 3242
     10 3243
      8 3244
     10 3245
     10 3246
      8 3247
      4 3248
     11 3249
      8 3250
     11 3251
      8 3252
      8 3253
     12 3254
      5 3255
      4 3256
     11 3257
      9 3258
     12 3259
      5 3260
     11 3261
     13 3262
      8 3263
      7 3264
      4 3265
     11 3266
      7 3267
     10 3268
      9 3269
     13 3270
     16 3271
      6 3272
      5 3273
     13 3274
     11 3275
      6 3276
     12 3277
      8 3278
      6 3279
      6 3280
     14 3281
     11 3282
      7 3283
      9 3284
     15 3285
      8 3286
      9 3287
     11 3288
     10 3289
      9 3290
      4 3291
      8 3292
     11 3293
     13 3294
     10 3295
      8 3296
     12 3297
     13 3298
      8 3299
      9 3300
     12 3301
     11 3302
      6 3303
      6 3304
     12 3305
      6 3306
     11 3307
     13 3308
      8 3309
      8 3310
      7 3311
      4 3312
      9 3313
      9 3314
      9 3315
     11 3316
      7 3317
     10 3318
      6 3319
      3 3320
     10 3321
     10 3322
      7 3323
      6 3324
      4 3325
      6 3326
      9 3327
      3 3328
      8 3329
     10 3330
      6 3331
      6 3332
     13 3333
     11 3334
      8 3335
      7 3336
      5 3337
     13 3338
      6 3339
      7 3340
      6 3341
      8 3342
      7 3343
      9 3344
      6 3345
     12 3346
     10 3347
     14 3348
     12 3349
      6 3350
      6 3351
      7 3352
     12 3353
      5 3354
      6 3355
     11 3356
     10 3357
      4 3358
     13 3359
      8 3360
     10 3361
     10 3362
     10 3363
      8 3364
      4 3365
      4 3366
      6 3367
     14 3368
     14 3369
     12 3370
      8 3371
      6 3372
      7 3373
     12 3374
     10 3375
      5 3376
     12 3377
      6 3378
      9 3379
      5 3380
      7 3381
      5 3382
      7 3383
      8 3384
      6 3385
      9 3386
      4 3387
      8 3388
     13 3389
      6 3390
     10 3391
      5 3392
      6 3393
      7 3394
      4 3395
      7 3396
      8 3397
     13 3398
      6 3399
      9 3400
      3 3401
      7 3402
      7 3403
      8 3404
     13 3405
      7 3406
      5 3407
      6 3408
      7 3409
      6 3410
     12 3411
      6 3412
      7 3413
      9 3414
      8 3415
      6 3416
     10 3417
      4 3418
     10 3419
      8 3420
     12 3421
     12 3422
      6 3423
     12 3424
     11 3425
     11 3426
     11 3427
      6 3428
      9 3429
      9 3430
     10 3431
     10 3432
      9 3433
     11 3434
      9 3435
      7 3436
      3 3437
     13 3438
      7 3439
      7 3440
     13 3441
      8 3442
      8 3443
      9 3444
      5 3445
      8 3446
     13 3447
      8 3448
     12 3449
      8 3450
     12 3451
      7 3452
      9 3453
     11 3454
      4 3455
     12 3456
      8 3457
      5 3458
      6 3459
      4 3460
     10 3461
      8 3462
      9 3463
      9 3464
      7 3465
      9 3466
      9 3467
     15 3468
     12 3469
      8 3470
      2 3471
      5 3472
     10 3473
      3 3474
      9 3475
      5 3476
     11 3477
     11 3478
      8 3479
      7 3480
      5 3481
      6 3482
      7 3483
     10 3484
      8 3485
      7 3486
     11 3487
      6 3488
      8 3489
     10 3490
      7 3491
     11 3492
      8 3493
      7 3494
      6 3495
     10 3496
      9 3497
      5 3498
      6 3499
      7 3500
      4 3501
      7 3502
     10 3503
      6 3504
      7 3505
      4 3506
      6 3507
     11 3508
      6 3509
      6 3510
     11 3511
     11 3512
      8 3513
      4 3514
     11 3515
      5 3516
      6 3517
      7 3518
      8 3519
      2 3520
      4 3521
      6 3522
      5 3523
      8 3524
      9 3525
      3 3526
      5 3527
     10 3528
      4 3529
     13 3530
     11 3531
      5 3532
      6 3533
     11 3534
      4 3535
      7 3536
      5 3537
      3 3538
      9 3539
      3 3540
      7 3541
      4 3542
      5 3543
      6 3544
      9 3545
      7 3546
     12 3547
      4 3548
      7 3549
      9 3550
      4 3551
      4 3552
      7 3553
      6 3554
      2 3555
      8 3556
      3 3557
      2 3558
      6 3559
      2 3560
      9 3561
      7 3562
      7 3563
      5 3564
      4 3565
      7 3566
     11 3567
      4 3568
      6 3569
      7 3570
      8 3571
      7 3572
      8 3573
      1 3574
     13 3575
      9 3576
     10 3577
      9 3578
      9 3579
      6 3580
      7 3581
      9 3582
      7 3583
      6 3584
      4 3585
     11 3586
      4 3587
      6 3588
      7 3589
      4 3590
      9 3591
      8 3592
      5 3593
      7 3594
      6 3595
     10 3596
      5 3597
     13 3598
      7 3599
      5 3600
      8 3601
      9 3602
      4 3603
     13 3604
      9 3605
      6 3606
      5 3607
      5 3608
      4 3609
      8 3610
      7 3611
      9 3612
      6 3613
      6 3614
      6 3615
      6 3616
      5 3617
      8 3618
      8 3619
      9 3620
      4 3621
      6 3622
     10 3623
     10 3624
      4 3625
     10 3626
      3 3627
     10 3628
      9 3629
     10 3630
      8 3631
      8 3632
      7 3633
     10 3634
      8 3635
      7 3636
      6 3637
      8 3638
      2 3639
      8 3640
      6 3641
      5 3642
     10 3643
      5 3644
      5 3645
     10 3646
      8 3647
      7 3648
      9 3649
      6 3650
      7 3651
     10 3652
     10 3653
      4 3654
     11 3655
      9 3656
      5 3657
      5 3658
      8 3659
      9 3660
      4 3661
      7 3662
      7 3663
      5 3664
      5 3665
     10 3666
      9 3667
     12 3668
      9 3669
     10 3670
      9 3671
      4 3672
      2 3673
     10 3674
      7 3675
      9 3676
      8 3677
      7 3678
      8 3679
     10 3680
     12 3681
      6 3682
      5 3683
     12 3684
      6 3685
     11 3686
     10 3687
     10 3688
      4 3689
      4 3690
     10 3691
      9 3692
      7 3693
      5 3694
      7 3695
      4 3696
      9 3697
      6 3698
      7 3699
      6 3700
      6 3701
      5 3702
      5 3703
      4 3704
      8 3705
     13 3706
      8 3707
      9 3708
      8 3709
     11 3710
      9 3711
     10 3712
      7 3713
     11 3714
     11 3715
      8 3716
      6 3717
      9 3718
      8 3719
      4 3720
      8 3721
      6 3722
      8 3723
      4 3724
     11 3725
      7 3726
      7 3727
      4 3728
     10 3729
      4 3730
      6 3731
     11 3732
      4 3733
      7 3734
      3 3735
      7 3736
      4 3737
      6 3738
      6 3739
      7 3740
     10 3741
      6 3742
      8 3743
      7 3744
     12 3745
      5 3746
      7 3747
     10 3748
     13 3749
      6 3750
      2 3751
      5 3752
      7 3753
      6 3754
      7 3755
      9 3756
      9 3757
      8 3758
     10 3759
      4 3760
      7 3761
      8 3762
      3 3763
      4 3764
      6 3765
      8 3766
      7 3767
      5 3768
      5 3769
      7 3770
      6 3771
      6 3772
      6 3773
      6 3774
      8 3775
      7 3776
      6 3777
      8 3778
      5 3779
     12 3781
     10 3782
      7 3783
      3 3784
      6 3785
      5 3786
     16 3787
      2 3788
     10 3789
      9 3790
      7 3791
      6 3792
      2 3793
      2 3794
     10 3795
      7 3796
      6 3797
      1 3798
     14 3799
     11 3800
      4 3801
     10 3802
      9 3803
      9 3804
      8 3805
      6 3806
      9 3807
      9 3808
      5 3809
      5 3810
      4 3811
      4 3812
      3 3813
      7 3814
      6 3815
      4 3816
      8 3817
      3 3818
      7 3819
      5 3820
     11 3821
      6 3822
      8 3823
      8 3824
     14 3825
      8 3826
     10 3827
      9 3828
      6 3829
      7 3830
     10 3831
      8 3832
      3 3833
     14 3834
      4 3835
      6 3836
      7 3837
      5 3838
     13 3839
      6 3840
      9 3841
      6 3842
      4 3843
      4 3844
     11 3845
      7 3846
      8 3847
     11 3848
      9 3849
      7 3850
      2 3851
     13 3852
      9 3853
     14 3854
      7 3855
      7 3856
     10 3857
      5 3858
      5 3859
      9 3860
     10 3861
      5 3862
      9 3863
      7 3864
     10 3865
      5 3866
     10 3867
      5 3868
     15 3869
      3 3870
      9 3871
      9 3872
      5 3873
      6 3874
      3 3875
      5 3876
     11 3877
      5 3878
      4 3879
      4 3880
      8 3881
      5 3882
      6 3883
      6 3884
      1 3885
      5 3886
      7 3887
      5 3888
      4 3889
     13 3890
      8 3891
      6 3892
      8 3893
      6 3894
      8 3895
      4 3896
      5 3897
      3 3898
      7 3899
      9 3900
      4 3901
      2 3902
      7 3903
      5 3904
      9 3905
      6 3906
      7 3907
      6 3908
      3 3909
      7 3910
      6 3911
      2 3912
      9 3913
      6 3914
      7 3915
      7 3916
      8 3917
     13 3918
      4 3919
      7 3920
      3 3921
      5 3922
      8 3923
      4 3924
      4 3925
      6 3926
      2 3927
     11 3929
      4 3930
      3 3931
      5 3932
      9 3933
      5 3934
      6 3936
      4 3937
      6 3938
      2 3939
      4 3940
      6 3941
      6 3942
      2 3943
     10 3944
      7 3945
      4 3946
      6 3947
      4 3948
      5 3949
      6 3950
      7 3951
      6 3952
      3 3953
      8 3954
      3 3955
      5 3956
      8 3957
      3 3958
      7 3959
      9 3960
      5 3961
      5 3962
      5 3963
     10 3964
      3 3965
      8 3966
      7 3967
      1 3968
      4 3969
      7 3970
      9 3971
      7 3972
      9 3973
      6 3974
      2 3975
     12 3976
      5 3977
      8 3978
      1 3979
      5 3980
      8 3981
      4 3982
      6 3983
      8 3984
      4 3985
     11 3986
      3 3987
      2 3988
      9 3989
      5 3990
      3 3991
      4 3992
      6 3993
      7 3994
      8 3995
      4 3996
      4 3997
      9 3998
      2 3999
      8 4000
      6 4001
     10 4002
      4 4003
     10 4004
      5 4005
      9 4006
      7 4007
      8 4008
      6 4009
      4 4010
      9 4011
      6 4012
      8 4013
      6 4014
      8 4015
      5 4016
      5 4017
      5 4018
      5 4019
      6 4020
      6 4021
      6 4022
      3 4023
      2 4024
      6 4025
      4 4026
      5 4027
      5 4028
      3 4029
      8 4031
      6 4032
      7 4033
      6 4034
     12 4035
      8 4036
      7 4037
      6 4038
      3 4039
      7 4040
      6 4041
      1 4042
      5 4043
      7 4044
      6 4045
      3 4046
      5 4047
      8 4048
      4 4049
      7 4050
      6 4051
      3 4052
      3 4053
      6 4054
      2 4055
      8 4056
      3 4057
      6 4058
      6 4059
      8 4060
      5 4061
      7 4062
      9 4063
      6 4064
      4 4065
      3 4066
      3 4067
      5 4068
      5 4069
      1 4070
      7 4071
     10 4072
      6 4073
      3 4074
      2 4075
      5 4076
      4 4077
      3 4078
      5 4079
      2 4080
      4 4081
      6 4082
      3 4083
      5 4084
      3 4085
     12 4086
      5 4087
      3 4088
      5 4089
      5 4090
      3 4091
      4 4092
      3 4093
      1 4094
      4 4095
      9 4096
      4 4097
      6 4098
      7 4099
      4 4100
      1 4101
      3 4102
      9 4103
      4 4104
      6 4105
      3 4106
      6 4107
      5 4108
      9 4109
      3 4110
      6 4111
      2 4112
      3 4113
      2 4115
      4 4116
      4 4117
      6 4118
      6 4119
      6 4120
      3 4121
      4 4122
      1 4123
      8 4124
      6 4125
      5 4126
      9 4127
      6 4128
      3 4129
      2 4130
      2 4131
      8 4132
      6 4133
      5 4134
      8 4135
      6 4136
      4 4137
      7 4138
      4 4139
      5 4140
      3 4141
      6 4142
      5 4143
      4 4144
      3 4145
      1 4146
      7 4147
      2 4148
      4 4149
      3 4150
      6 4151
      6 4152
      8 4153
      6 4154
      6 4155
      4 4156
      4 4157
      6 4158
      2 4159
      2 4160
      6 4161
     11 4162
     10 4163
      3 4164
      5 4165
     13 4166
      1 4167
      6 4168
      3 4169
      3 4170
      4 4171
      2 4172
      5 4173
      5 4174
      7 4175
      8 4176
      8 4177
      3 4178
      3 4179
      7 4180
      6 4181
      7 4182
      5 4183
      5 4184
      4 4185
      5 4186
      9 4187
      9 4188
      9 4189
      4 4190
      5 4191
      2 4192
      3 4193
      3 4194
      8 4195
      3 4196
      2 4197
      4 4198
      8 4200
      4 4201
      4 4202
      5 4203
      5 4204
      3 4205
      3 4206
      9 4207
      5 4208
      3 4209
      5 4210
      6 4211
      2 4212
      3 4213
      6 4214
      7 4215
      8 4216
      4 4218
      2 4219
      4 4220
      4 4221
      4 4222
      4 4223
      7 4224
      5 4225
      7 4226
      2 4227
      3 4228
      5 4229
      4 4230
      5 4231
      5 4232
      1 4233
      4 4234
      8 4235
      2 4236
      5 4237
      8 4238
      1 4239
      4 4240
      3 4241
      3 4242
      1 4243
      4 4244
      3 4245
      3 4247
      1 4248
      1 4249
      4 4250
      2 4251
      2 4252
      5 4253
      7 4254
      2 4255
      2 4256
      4 4257
      6 4258
      7 4260
      5 4261
      2 4262
      4 4263
      3 4264
      3 4265
      6 4266
      2 4267
      4 4268
      5 4269
      1 4270
      4 4271
      1 4272
      3 4273
      4 4274
      3 4275
      2 4277
      2 4278
      2 4279
      2 4280
      2 4281
      4 4282
      4 4283
      1 4284
      7 4285
      1 4286
      1 4287
      2 4288
      4 4289
      2 4290
      7 4291
      2 4292
      1 4293
      2 4294
      3 4295
      3 4296
      1 4297
      4 4298
      1 4299
      2 4300
      4 4301
      3 4302
      2 4304
      5 4305
      2 4306
      2 4307
      1 4308
      1 4309
      1 4310
      4 4311
      2 4312
      5 4313
      5 4314
      2 4315
      3 4316
      5 4318
      3 4319
      4 4320
      1 4321
      3 4322
      4 4323
      6 4324
      4 4325
      1 4326
      3 4327
      2 4328
      4 4329
      2 4330
      3 4331
      3 4333
      4 4334
      2 4335
      3 4336
      3 4337
      5 4339
      4 4340
      6 4341
      4 4342
      2 4343
      2 4344
      2 4345
      5 4346
      2 4347
      3 4348
      3 4349
      3 4350
      3 4351
      5 4352
      2 4353
      2 4354
      4 4355
      4 4356
      3 4357
      2 4358
      3 4359
      2 4360
      4 4361
      2 4362
      3 4363
      4 4364
      3 4365
      1 4366
      6 4367
      3 4369
      1 4370
      4 4371
      4 4372
      4 4373
      5 4374
      2 4375
      2 4376
      4 4377
      1 4378
      4 4379
      2 4380
      2 4382
      2 4383
      1 4384
      4 4385
      3 4386
      3 4387
      2 4388
      1 4389
      2 4390
      9 4391
      6 4392
      2 4393
      3 4394
      3 4396
      4 4397
      4 4398
      6 4399
      3 4400
      4 4401
      6 4402
      3 4403
      2 4404
      4 4405
      3 4406
      4 4407
      5 4408
      2 4409
      3 4410
      7 4411
      3 4412
      2 4413
     11 4414
      5 4415
      4 4416
      3 4417
      1 4418
      5 4419
      5 4420
      3 4421
      3 4422
      2 4423
      1 4424
      6 4425
      4 4426
      6 4427
      4 4428
      4 4429
      1 4430
      4 4431
      4 4432
      3 4433
      2 4434
      2 4435
      2 4436
      3 4437
      3 4438
      1 4439
      3 4440
      4 4441
      5 4442
      2 4443
      5 4444
      4 4445
      5 4446
      3 4447
      3 4448
      3 4449
      1 4450
      2 4451
      2 4452
      6 4453
      3 4454
      3 4455
      3 4456
      2 4457
      4 4458
      4 4459
      3 4460
      5 4461
      2 4462
      2 4463
      4 4464
      3 4465
      5 4466
      4 4467
      3 4468
      5 4469
      3 4470
      4 4471
      2 4472
      4 4473
      6 4474
      4 4475
      7 4476
      3 4477
      6 4478
      3 4479
      7 4480
      4 4481
      3 4482
      8 4484
      5 4485
      1 4486
      2 4487
      4 4488
      4 4489
      2 4490
      4 4491
      4 4492
      3 4494
      3 4495
      1 4496
      3 4497
      3 4498
      1 4499
      3 4501
      2 4502
      4 4503
      1 4504
      5 4505
      1 4506
      2 4507
      3 4508
      2 4509
      3 4510
      1 4511
      4 4512
      4 4513
      4 4514
      3 4515
      5 4516
      1 4517
      3 4518
      2 4519
      1 4520
      2 4521
      6 4522
      3 4523
      5 4524
      2 4525
      2 4526
      3 4527
      2 4528
      6 4529
     10 4530
      4 4531
      4 4532
      4 4533
      8 4534
      4 4535
      3 4536
      3 4537
      2 4538
      4 4539
      1 4540
      4 4541
      1 4542
      6 4543
      2 4544
      5 4545
      3 4546
     10 4547
      1 4548
      3 4549
      4 4550
      2 4551
      4 4552
      1 4553
      6 4554
      2 4555
      4 4556
      2 4557
      4 4558
      4 4559
      1 4560
      2 4561
      2 4562
      4 4563
      4 4564
      3 4565
      1 4566
      2 4567
      3 4568
      5 4569
      2 4570
      7 4571
      2 4572
      3 4573
      7 4574
      6 4575
      5 4576
      1 4577
      8 4578
      3 4579
      2 4580
      3 4581
      1 4582
      5 4583
      1 4584
      4 4585
      4 4586
      6 4587
      3 4588
      1 4589
      2 4590
      6 4591
      5 4592
      1 4593
      3 4594
      4 4595
      4 4596
      4 4597
      4 4598
      5 4599
      4 4600
      5 4601
      4 4602
      4 4603
      1 4604
      2 4605
      6 4606
      1 4607
      3 4608
      3 4609
      5 4610
      1 4611
      2 4612
      5 4613
      2 4614
      1 4615
      3 4616
      5 4617
      1 4618
      4 4619
      3 4620
      4 4621
      2 4622
      4 4623
      1 4624
      6 4626
      4 4627
      4 4628
      4 4629
      1 4630
      5 4631
      3 4632
      4 4633
      4 4634
      6 4635
      1 4637
      2 4638
      2 4639
      1 4640
      3 4641
      6 4642
      4 4643
      3 4644
      6 4645
      4 4646
      2 4647
      4 4648
      3 4649
      1 4650
      3 4651
      3 4652
      4 4653
      4 4654
      4 4655
      6 4656
      3 4657
      8 4658
      4 4659
      3 4660
      5 4661
      7 4662
      2 4663
      1 4664
      1 4665
      3 4666
      1 4667
      5 4669
      4 4670
      1 4671
      2 4673
      3 4674
      5 4675
      1 4676
      4 4677
      1 4678
      3 4680
      1 4681
      6 4682
      6 4684
      2 4685
      2 4686
      2 4687
      4 4688
      2 4689
      3 4690
      1 4691
      3 4692
      2 4693
      3 4695
      3 4696
      1 4698
      2 4699
      2 4700
      1 4701
      2 4702
      1 4703
      2 4704
      4 4705
      2 4706
      1 4707
      4 4708
      1 4709
      2 4710
      1 4711
      1 4712
      4 4713
      1 4714
      4 4715
      2 4716
      1 4717
      3 4718
      2 4719
      8 4720
      2 4721
      2 4722
      2 4723
      6 4724
      1 4725
      4 4726
      2 4727
      6 4728
      4 4729
      3 4731
      1 4732
      1 4733
      2 4734
      2 4735
      1 4736
      1 4737
      1 4738
      1 4739
      1 4740
      1 4741
      3 4742
      1 4743
      3 4744
      4 4746
      5 4747
      4 4748
      2 4749
      3 4750
      2 4751
      3 4752
      4 4753
      3 4754
      1 4756
      1 4757
      2 4758
      1 4759
      1 4760
      3 4762
      1 4763
      3 4764
      1 4765
      2 4766
      1 4768
      1 4769
      1 4770
      1 4771
      2 4772
      1 4774
      1 4775
      1 4776
      2 4777
      3 4779
      1 4780
      2 4781
      1 4782
      1 4783
      2 4784
      2 4785
      3 4786
      2 4787
      4 4788
      3 4789
      1 4790
      2 4791
      1 4792
      2 4793
      3 4794
      1 4795
      2 4796
      1 4799
      1 4800
      1 4802
      1 4803
      4 4804
      3 4805
      1 4806
      4 4807
      1 4808
      2 4810
      1 4811
      4 4812
      3 4814
      1 4815
      1 4816
      1 4819
      2 4821
      2 4822
      3 4823
      3 4824
      6 4825
      1 4827
      1 4828
      1 4829
      3 4830
      4 4831
      2 4834
      3 4835
      2 4836
      2 4837
      1 4838
      1 4839
      2 4842
      3 4843
      2 4844
      1 4845
      3 4846
      1 4847
      4 4848
      1 4850
      4 4851
      2 4854
      1 4856
      2 4857
      2 4858
      2 4860
      2 4861
      4 4862
      4 4864
      1 4865
      3 4866
      2 4868
      2 4869
      3 4870
      2 4871
      1 4872
      3 4873
      1 4874
      1 4875
      1 4876
      1 4878
      1 4879
      2 4880
      2 4883
      2 4884
      3 4885
      3 4886
      1 4887
      1 4888
      1 4889
      1 4891
      2 4892
      1 4893
      2 4894
      1 4895
      1 4898
      2 4899
      4 4900
      2 4904
      1 4905
      2 4906
      1 4907
      2 4908
      2 4909
      4 4912
      1 4914
      5 4915
      3 4917
      1 4919
      2 4920
      2 4921
      3 4922
      1 4924
      4 4925
      3 4927
      4 4928
      1 4929
      2 4931
      2 4932
      1 4933
      1 4934
      1 4935
      2 4936
      1 4937
      2 4938
      1 4939
      1 4940
      1 4941
      3 4943
      3 4944
      1 4945
      3 4947
      2 4948
      1 4949
      3 4950
      2 4952
      2 4954
      1 4956
      2 4957
      4 4958
      3 4959
      1 4960
      3 4961
      1 4962
      1 4966
      1 4967
      2 4968
      3 4972
      1 4973
      1 4974
      2 4975
      1 4977
      1 4978
      1 4979
      1 4980
      1 4981
      2 4982
      2 4983
      3 4984
      5 4986
      1 4987
      1 4988
      3 4990
      3 4991
      3 4992
      4 4993
      3 4994
      1 4995
      2 4996
      3 4998
      1 5000
      2 5001
      1 5006
      2 5007
      1 5008
      2 5009
      3 5010
      1 5011
      4 5012
      2 5013
      2 5014
      2 5015
      1 5016
      1 5017
      3 5018
      1 5019
      1 5021
      1 5022
      3 5024
      3 5026
      2 5027
      1 5029
      1 5030
      2 5032
      2 5033
      2 5034
      2 5035
      2 5036
      1 5037
      1 5038
      1 5039
      3 5041
      2 5042
      1 5043
      1 5045
      1 5047
      2 5049
      1 5050
      2 5051
      1 5053
      1 5055
      2 5057
      1 5059
      2 5060
      4 5063
      3 5066
      2 5068
      1 5069
      1 5070
      1 5071
      3 5072
      2 5073
      2 5074
      2 5075
      1 5076
      1 5077
      1 5081
      5 5082
      1 5083
      3 5086
      1 5087
      2 5090
      2 5091
      1 5092
      1 5093
      1 5095
      2 5096
      2 5097
      2 5098
      2 5101
      1 5102
      2 5103
      2 5104
      1 5105
      1 5106
      4 5107
      1 5108
      1 5110
      1 5111
      1 5112
      1 5113
      1 5115
      1 5118
      1 5119
      4 5123
      1 5125
      2 5126
      3 5127
      2 5128
      1 5129
      1 5130
      1 5131
      1 5132
      1 5133
      1 5134
      1 5137
      1 5138
      1 5139
      1 5140
      1 5141
      1 5142
      1 5144
      1 5145
      4 5147
      1 5152
      2 5154
      2 5156
      1 5159
      3 5161
      1 5164
      1 5165
      3 5166
      2 5167
      3 5169
      1 5170
      1 5172
      2 5173
      1 5175
      1 5179
      4 5181
      1 5182
      3 5183
      1 5184
      2 5185
      2 5186
      1 5187
      2 5188
      1 5189
      1 5191
      1 5194
      2 5199
      3 5200
      1 5201
      1 5202
      2 5204
      2 5205
      1 5206
      2 5207
      2 5208
      3 5210
      3 5212
      1 5214
      1 5215
      2 5216
      1 5217
      2 5219
      1 5221
      2 5222
      4 5224
      1 5225
      2 5226
      1 5227
      2 5228
      4 5229
      2 5231
      1 5232
      1 5233
      3 5234
      2 5237
      1 5238
      2 5239
      1 5240
      1 5241
      1 5243
      3 5245
      3 5247
      2 5248
      1 5249
      3 5253
      1 5255
      1 5257
      2 5260
      2 5261
      1 5262
      1 5264
      2 5265
      3 5266
      1 5269
      1 5270
      2 5272
      3 5273
      1 5274
      1 5275
      2 5276
      1 5278
      2 5280
      1 5281
      1 5282
      1 5283
      2 5284
      1 5285
      1 5287
      1 5291
      1 5293
      1 5294
      1 5295
      1 5297
      1 5298
      2 5299
      1 5301
      2 5303
      2 5306
      1 5308
      2 5309
      2 5310
      1 5311
      2 5314
      3 5316
      1 5317
      1 5319
      2 5320
      2 5321
      2 5322
      1 5323
      1 5324
      2 5325
      1 5326
      1 5327
      1 5328
      3 5329
      1 5331
      1 5333
      1 5334
      1 5335
      1 5337
      2 5338
      1 5341
      2 5342
      1 5343
      2 5345
      2 5346
      2 5347
      1 5351
      1 5354
      3 5355
      3 5356
      1 5359
      1 5360
      1 5361
      1 5362
      1 5364
      1 5365
      2 5366
      1 5367
      1 5369
      1 5372
      1 5376
      1 5377
      3 5378
      1 5385
      2 5387
      3 5388
      2 5389
      4 5391
      2 5392
      2 5394
      1 5395
      1 5396
      1 5397
      3 5399
      1 5401
      1 5402
      1 5403
      1 5404
      1 5405
      1 5406
      1 5408
      1 5410
      1 5411
      1 5412
      2 5413
      2 5414
      1 5415
      1 5417
      2 5418
      2 5419
      1 5420
      2 5424
      2 5426
      2 5429
      1 5431
      1 5432
      1 5433
      1 5434
      4 5435
      1 5439
      3 5442
      2 5444
      1 5445
      2 5447
      1 5448
      1 5449
      1 5450
      2 5451
      1 5453
      1 5454
      2 5455
      1 5456
      1 5459
      2 5460
      1 5463
      2 5465
      1 5466
      1 5468
      1 5472
      1 5473
      1 5474
      1 5475
      2 5478
      2 5479
      1 5481
      1 5483
      1 5484
      1 5485
      1 5487
      1 5490
      1 5492
      1 5493
      1 5494
      1 5495
      2 5496
      1 5497
      2 5498
      2 5501
      1 5502
      3 5503
      1 5504
      2 5505
      3 5506
      1 5507
      1 5508
      1 5510
      1 5511
      2 5513
      1 5514
      1 5515
      1 5516
      1 5517
      1 5520
      2 5522
      2 5524
      1 5525
      1 5526
      2 5528
      1 5531
      1 5532
      2 5535
      1 5539
      1 5540
      1 5541
      2 5542
      2 5545
      2 5546
      1 5547
      1 5549
      1 5550
      2 5551
      2 5553
      1 5554
      3 5555
      3 5556
      2 5557
      1 5559
      1 5560
      1 5562
      1 5564
      3 5566
      3 5567
      1 5568
      1 5569
      1 5570
      1 5571
      1 5573
      3 5574
      4 5575
      1 5576
      1 5577
      4 5578
      1 5579
      1 5580
      1 5581
      1 5582
      1 5583
      1 5584
      1 5586
      1 5587
      2 5588
      2 5590
      1 5591
      1 5593
      2 5594
      2 5595
      2 5596
      5 5597
      1 5598
      2 5600
      3 5601
      1 5602
      1 5603
      3 5605
      1 5606
      1 5607
      2 5608
      1 5609
      2 5610
      3 5612
      2 5613
      2 5615
      1 5616
      3 5619
      2 5620
      1 5621
      2 5622
      1 5626
      1 5629
      1 5630
      3 5632
      1 5633
      3 5634
      1 5635
      3 5636
      1 5637
      1 5638
      1 5639
      2 5641
      3 5642
      1 5643
      3 5644
      2 5645
      1 5646
      2 5647
      1 5649
      3 5651
      3 5652
      1 5654
      1 5655
      1 5656
      3 5658
      1 5659
      1 5660
      2 5661
      1 5662
      1 5664
      1 5665
      1 5667
      1 5669
      3 5670
      3 5672
      2 5673
      1 5675
      1 5677
      2 5679
      2 5681
      2 5682
      2 5684
      1 5685
      3 5687
      4 5688
      1 5689
      3 5690
      4 5692
      2 5693
      2 5694
      1 5695
      2 5699
      1 5700
      3 5701
      1 5702
      2 5705
      2 5706
      2 5707
      2 5708
      1 5709
      2 5710
      1 5711
      1 5713
      1 5716
      1 5719
      2 5721
      1 5724
      3 5725
      2 5726
      2 5729
      1 5730
      3 5732
      1 5733
      1 5736
      1 5737
      1 5739
      1 5740
      1 5741
      1 5742
      1 5746
      1 5748
      2 5751
      1 5753
      2 5754
      1 5757
      1 5758
      1 5760
      2 5761
      1 5763
      1 5765
      2 5766
      1 5767
      1 5768
      1 5770
      1 5771
      1 5772
      1 5773
      1 5777
      3 5778
      2 5779
      1 5781
      1 5784
      1 5787
      3 5790
      2 5792
      2 5793
      1 5796
      2 5797
      2 5799
      3 5801
      1 5802
      3 5804
      1 5805
      1 5806
      4 5814
      2 5815
      1 5816
      1 5818
      1 5819
      2 5821
      1 5822
      2 5827
      1 5828
      1 5829
      2 5831
      1 5834
      3 5836
      1 5838
      2 5840
      1 5842
      1 5844
      1 5845
      1 5846
      1 5847
      1 5849
      1 5851
      2 5852
      3 5853
      2 5855
      1 5856
      2 5857
      1 5858
      1 5860
      1 5861
      1 5862
      1 5863
      2 5864
      1 5865
      1 5866
      1 5867
      1 5868
      1 5869
      1 5870
      2 5872
      2 5873
      1 5876
      1 5877
      1 5879
      2 5880
      1 5884
      1 5885
      1 5886
      1 5887
      1 5888
      1 5892
      1 5896
      1 5897
      1 5898
      1 5899
      1 5903
      1 5905
      2 5907
      1 5910
      1 5911
      1 5912
      3 5913
      1 5916
      1 5918
      1 5920
      1 5922
      1 5923
      2 5924
      1 5926
      1 5928
      2 5930
      2 5935
      2 5936
      3 5943
      1 5944
      1 5950
      1 5951
      1 5953
      1 5956
      1 5960
      2 5963
      1 5966
      2 5967
      2 5970
      1 5974
      2 5976
      1 5977
      1 5980
      3 5981
      1 5988
      1 5989
      1 5990
      2 5995
      1 5998
      1 5999
      1 6002
      2 6003
      1 6011
      1 6012
      1 6014
      1 6015
      1 6017
      1 6021
      1 6026
      1 6027
      1 6028
      2 6029
      1 6031
      2 6033
      1 6037
      2 6038
      1 6041
      1 6042
      1 6045
      1 6046
      1 6047
      1 6049
      1 6055
      2 6058
      1 6061
      1 6062
      1 6063
      1 6066
      1 6071
      1 6072
      1 6076
      1 6078
      1 6081
      1 6084
      1 6086
      2 6087
      1 6089
      1 6091
      1 6093
      1 6102
      2 6103
      1 6105
      1 6107
      1 6108
      1 6109
      1 6110
      2 6114
      1 6118
      1 6121
      1 6125
      1 6128
      1 6129
      1 6131
      1 6132
      1 6133
      1 6136
      1 6137
      1 6138
      1 6140
      1 6141
      1 6143
      1 6145
      1 6147
      1 6150
      1 6152
      1 6157
      2 6158
      3 6162
      1 6165
      2 6170
      2 6171
      1 6172
      2 6174
      1 6175
      1 6177
      1 6179
      1 6182
      1 6185
      1 6190
      1 6191
      1 6193
      2 6194
      1 6195
      2 6196
      2 6197
      1 6198
      1 6199
      2 6200
      1 6207
      2 6209
      1 6210
      2 6211
      2 6212
      3 6213
      1 6214
      2 6215
      1 6217
      1 6218
      1 6220
      2 6221
      5 6222
      3 6224
      4 6226
      1 6227
      3 6228
      1 6229
      1 6230
      1 6233
      1 6235
      1 6237
      1 6240
      2 6241
      1 6244
      2 6245
      1 6246
      1 6248
      2 6249
      1 6250
      1 6252
      1 6256
      1 6257
      1 6259
      1 6262
      1 6266
      2 6267
      1 6270
      1 6273
      1 6274
      1 6276
      3 6279
      1 6282
      1 6283
      1 6284
      1 6286
      1 6289
      1 6290
      1 6291
      1 6292
      1 6294
      1 6295
      2 6297
      2 6299
      1 6300
      1 6303
      1 6307
      1 6308
      1 6309
      1 6310
      1 6312
      1 6313
      2 6316
      1 6317
      1 6318
      1 6320
      1 6322
      1 6323
      1 6324
      1 6325
      1 6326
      1 6327
      1 6328
      1 6329
      2 6330
      1 6331
      1 6334
      1 6337
      1 6339
      1 6340
      1 6341
      1 6344
      2 6345
      2 6347
      1 6348
      2 6349
      1 6350
      1 6354
      1 6355
      3 6361
      1 6364
      1 6366
      1 6367
      1 6374
      1 6375
      1 6376
      2 6378
      1 6379
      2 6380
      1 6382
      1 6384
      1 6385
      1 6386
      1 6388
      1 6389
      1 6396
      1 6397
      1 6399
      1 6400
      1 6404
      1 6408
      2 6410
      1 6412
      2 6417
      1 6424
      2 6427
      1 6430
      2 6432
      2 6434
      1 6437
      1 6438
      1 6439
      3 6440
      1 6442
      2 6443
      1 6445
      2 6452
      2 6453
      1 6454
      1 6458
      1 6460
      1 6462
      1 6463
      1 6464
      3 6465
      2 6470
      2 6473
      2 6474
      1 6475
      1 6476
      2 6477
      1 6479
      3 6480
      2 6482
      2 6483
      1 6485
      1 6488
      1 6489
      1 6490
      1 6491
      2 6492
      2 6493
      1 6494
      1 6495
      1 6496
      2 6498
      2 6499
      1 6500
      1 6501
      2 6504
      1 6505
      1 6506
      1 6507
      2 6509
      1 6510
      2 6512
      1 6513
      2 6514
      3 6516
      1 6517
      3 6520
      1 6527
      2 6529
      1 6532
      1 6534
      1 6536
      2 6537
      1 6540
      1 6541
      1 6542
      3 6543
      1 6549
      1 6551
      1 6554
      2 6555
      1 6556
      2 6560
      2 6567
      1 6568
      1 6570
      2 6571
      1 6573
      1 6574
      1 6575
      2 6580
      1 6585
      1 6588
      1 6605
      1 6607
      1 6613
      1 6631
      2 6637
      1 6660
      1 6669
      1 6670
      1 6672
      1 6677
      1 6699
      1 6706
      1 6709
      1 6718
      1 6719
      1 6720
      2 6721
      1 6724
      1 6729
      1 6741
      1 6742
      1 6746
      1 6757
      1 6759
      1 6769
      1 6771
      1 6772
      1 6781
      1 6783
      1 6788
      1 6799
      1 6800
      1 6811
      2 6812
      1 6818
      2 6823
      1 6825
      2 6826
      1 6833
      1 6834
      2 6838
      1 6839
      1 6841
      1 6843
      1 6846
      2 6847
      2 6851
      1 6861
      1 6862
      1 6864
      1 6870
      1 6874
      1 6875
      1 6876
      1 6877
      1 6886
      1 6887
      1 6888
      1 6889
      1 6900
      3 6914
      1 6922
      1 6934
      1 6959
      1 7013
      1 7034
      1 7099
      1 7167
      1 7175
      1 7253
      1 7298
      1 7325
      1 7406
      1 7459
      1 7490
      1 7534
      1 7598
      1 7603
      1 7660
      1 7714
      1 7731
      1 7752
      1 7784
      1 7801
      1 7808
      1 7825
      1 7850
      1 7868
      1 7879
      1 7881
      1 7897
      1 7913
      1 7929
      1 7931
      1 7943
      1 7949
      1 7953
      3 7954
      1 7956
      1 7957
      1 7958
      2 7960
      2 7963
      2 7965
      1 7968
      1 7970
      2 7971
      1 7972
      2 7976
      2 7982
      1 7985
      2 7988
      1 7989
      1 7991
      1 7993
      1 7995
      1 7998
