 207266 0
117206778 1
226582590 2
339887527 3
419052995 4
438631950 5
398979066 6
321043425 7
231716743 8
152016180 9
91640561 10
51332676 11
27069953 12
13691769 13
6811502 14
3459037 15
1880735 16
1151601 17
 780565 18
 590225 19
 473946 20
 396260 21
 339948 22
 298738 23
 262642 24
 238026 25
 213697 26
 192489 27
 175075 28
 159004 29
 143301 30
 131756 31
 119794 32
 110096 33
  99214 34
  90039 35
  83221 36
  75447 37
  69994 38
  64660 39
  59722 40
  55575 41
  52201 42
  48722 43
  45267 44
  43055 45
  40478 46
  38740 47
  36765 48
  35530 49
  34409 50
  32750 51
  31413 52
  30181 53
  29147 54
  28148 55
  27047 56
  26444 57
  25679 58
  24388 59
  23807 60
  23354 61
  22726 62
  22450 63
  21788 64
  21100 65
  20479 66
  20432 67
  19893 68
  19289 69
  19033 70
  18751 71
  18344 72
  17719 73
  17245 74
  17181 75
  16820 76
  16743 77
  16550 78
  16304 79
  16437 80
  16062 81
  15934 82
  15816 83
  15553 84
  15150 85
  14952 86
  14921 87
  14481 88
  14025 89
  14020 90
  13564 91
  13430 92
  13019 93
  13142 94
  12772 95
  12923 96
  12655 97
  12288 98
  12062 99
  12013 100
  11835 101
  11715 102
  11238 103
  10880 104
  10940 105
  10692 106
  10394 107
  10210 108
  10120 109
   9936 110
   9711 111
   9717 112
   9427 113
   9215 114
   8946 115
   8892 116
   8741 117
   8628 118
   8503 119
   8495 120
   8175 121
   8114 122
   8165 123
   7882 124
   7573 125
   7450 126
   7197 127
   7079 128
   6811 129
   6764 130
   6649 131
   6515 132
   6252 133
   6276 134
   6245 135
   5951 136
   6017 137
   5809 138
   5714 139
   5729 140
   5588 141
   5669 142
   5472 143
   5412 144
   5301 145
   5193 146
   5281 147
   5243 148
   5134 149
   5082 150
   4989 151
   4992 152
   5006 153
   4863 154
   4621 155
   4725 156
   4615 157
   4506 158
   4475 159
   4459 160
   4451 161
   4189 162
   4200 163
   4117 164
   4068 165
   4113 166
   3964 167
   3976 168
   4106 169
   4048 170
   4029 171
   3909 172
   3835 173
   3769 174
   3716 175
   3788 176
   3534 177
   3546 178
   3612 179
   3500 180
   3500 181
   3533 182
   3413 183
   3359 184
   3423 185
   3401 186
   3486 187
   3266 188
   3266 189
   3329 190
   3327 191
   3265 192
   3230 193
   3174 194
   3246 195
   2984 196
   3064 197
   3083 198
   3003 199
   2942 200
   2992 201
   2989 202
   3001 203
   3009 204
   2987 205
   2877 206
   2985 207
   2882 208
   2852 209
   2897 210
   2828 211
   2909 212
   2790 213
   2717 214
   2818 215
   2892 216
   2747 217
   2716 218
   2578 219
   2681 220
   2638 221
   2517 222
   2523 223
   2467 224
   2402 225
   2322 226
   2245 227
   2205 228
   2327 229
   2254 230
   2208 231
   2233 232
   2271 233
   2208 234
   2327 235
   2210 236
   2135 237
   2103 238
   2071 239
   1984 240
   2012 241
   2095 242
   2051 243
   1873 244
   1990 245
   1917 246
   1939 247
   2016 248
   1926 249
   1883 250
   1979 251
   1920 252
   2005 253
   1950 254
   2020 255
   1894 256
   1985 257
   1875 258
   1917 259
   1832 260
   1801 261
   1876 262
   1781 263
   1802 264
   1860 265
   1749 266
   1770 267
   1714 268
   1700 269
   1696 270
   1575 271
   1714 272
   1667 273
   1771 274
   1803 275
   1612 276
   1766 277
   1624 278
   1696 279
   1699 280
   1670 281
   1623 282
   1701 283
   1748 284
   1653 285
   1675 286
   1635 287
   1555 288
   1604 289
   1583 290
   1581 291
   1558 292
   1562 293
   1595 294
   1638 295
   1551 296
   1622 297
   1494 298
   1553 299
   1553 300
   1585 301
   1600 302
   1548 303
   1512 304
   1470 305
   1566 306
   1427 307
   1395 308
   1550 309
   1436 310
   1503 311
   1522 312
   1511 313
   1422 314
   1471 315
   1481 316
   1486 317
   1385 318
   1406 319
   1433 320
   1402 321
   1480 322
   1443 323
   1416 324
   1437 325
   1413 326
   1364 327
   1354 328
   1422 329
   1390 330
   1360 331
   1262 332
   1370 333
   1339 334
   1275 335
   1275 336
   1292 337
   1332 338
   1332 339
   1274 340
   1264 341
   1267 342
   1313 343
   1240 344
   1253 345
   1224 346
   1133 347
   1177 348
   1164 349
   1175 350
   1199 351
   1143 352
   1131 353
   1191 354
   1092 355
   1175 356
   1182 357
   1157 358
   1141 359
   1210 360
   1181 361
   1160 362
   1166 363
   1124 364
   1112 365
   1162 366
   1134 367
   1092 368
   1094 369
   1126 370
   1057 371
   1133 372
   1071 373
   1065 374
   1062 375
   1098 376
   1057 377
   1116 378
   1021 379
   1040 380
   1032 381
   1022 382
   1048 383
   1048 384
   1011 385
   1017 386
    977 387
   1040 388
    982 389
   1006 390
    950 391
    993 392
    979 393
    998 394
    978 395
    936 396
    949 397
    944 398
    892 399
    926 400
    934 401
    918 402
    958 403
    888 404
    940 405
    943 406
    905 407
    936 408
    896 409
    941 410
    926 411
    879 412
    926 413
    877 414
    877 415
    983 416
    863 417
    892 418
    836 419
    875 420
    783 421
    850 422
    794 423
    827 424
    806 425
    771 426
    813 427
    882 428
    826 429
    841 430
    789 431
    787 432
    777 433
    753 434
    736 435
    816 436
    790 437
    798 438
    761 439
    830 440
    758 441
    769 442
    786 443
    753 444
    739 445
    748 446
    757 447
    696 448
    766 449
    715 450
    681 451
    683 452
    747 453
    688 454
    711 455
    663 456
    687 457
    657 458
    709 459
    680 460
    691 461
    680 462
    690 463
    677 464
    661 465
    686 466
    683 467
    662 468
    609 469
    624 470
    617 471
    636 472
    638 473
    661 474
    639 475
    610 476
    593 477
    624 478
    581 479
    638 480
    640 481
    597 482
    641 483
    640 484
    643 485
    578 486
    643 487
    622 488
    602 489
    583 490
    564 491
    551 492
    558 493
    562 494
    590 495
    606 496
    614 497
    520 498
    568 499
    596 500
    591 501
    604 502
    579 503
    544 504
    622 505
    584 506
    575 507
    559 508
    515 509
    558 510
    538 511
    550 512
    593 513
    556 514
    479 515
    537 516
    548 517
    562 518
    603 519
    546 520
    567 521
    497 522
    530 523
    542 524
    555 525
    580 526
    522 527
    537 528
    539 529
    499 530
    544 531
    505 532
    527 533
    501 534
    511 535
    511 536
    496 537
    502 538
    512 539
    500 540
    496 541
    478 542
    496 543
    464 544
    529 545
    520 546
    526 547
    501 548
    490 549
    461 550
    507 551
    479 552
    477 553
    480 554
    464 555
    495 556
    487 557
    492 558
    451 559
    511 560
    495 561
    525 562
    506 563
    469 564
    477 565
    461 566
    472 567
    491 568
    478 569
    470 570
    453 571
    456 572
    416 573
    452 574
    481 575
    437 576
    486 577
    453 578
    428 579
    434 580
    450 581
    428 582
    448 583
    461 584
    483 585
    468 586
    444 587
    434 588
    490 589
    467 590
    446 591
    445 592
    463 593
    470 594
    445 595
    431 596
    419 597
    444 598
    429 599
    453 600
    410 601
    451 602
    411 603
    386 604
    425 605
    415 606
    393 607
    407 608
    424 609
    374 610
    429 611
    455 612
    422 613
    420 614
    407 615
    387 616
    384 617
    402 618
    399 619
    432 620
    378 621
    397 622
    393 623
    409 624
    356 625
    410 626
    392 627
    415 628
    378 629
    406 630
    380 631
    388 632
    404 633
    365 634
    402 635
    370 636
    383 637
    364 638
    361 639
    411 640
    386 641
    363 642
    425 643
    351 644
    392 645
    390 646
    369 647
    404 648
    385 649
    389 650
    399 651
    364 652
    386 653
    369 654
    356 655
    367 656
    371 657
    371 658
    358 659
    356 660
    363 661
    408 662
    376 663
    358 664
    360 665
    354 666
    368 667
    342 668
    354 669
    386 670
    354 671
    356 672
    361 673
    388 674
    377 675
    324 676
    391 677
    357 678
    350 679
    364 680
    358 681
    369 682
    337 683
    364 684
    348 685
    362 686
    333 687
    317 688
    373 689
    350 690
    315 691
    338 692
    339 693
    302 694
    330 695
    321 696
    334 697
    345 698
    348 699
    295 700
    274 701
    320 702
    320 703
    340 704
    346 705
    320 706
    320 707
    313 708
    335 709
    341 710
    298 711
    340 712
    297 713
    306 714
    320 715
    336 716
    286 717
    312 718
    321 719
    334 720
    325 721
    287 722
    340 723
    313 724
    284 725
    294 726
    272 727
    314 728
    306 729
    281 730
    288 731
    294 732
    313 733
    306 734
    309 735
    293 736
    276 737
    273 738
    274 739
    278 740
    296 741
    325 742
    329 743
    255 744
    268 745
    272 746
    287 747
    298 748
    284 749
    280 750
    300 751
    269 752
    301 753
    290 754
    299 755
    229 756
    302 757
    297 758
    313 759
    295 760
    294 761
    288 762
    300 763
    275 764
    279 765
    307 766
    279 767
    299 768
    287 769
    269 770
    293 771
    266 772
    272 773
    301 774
    286 775
    301 776
    275 777
    251 778
    279 779
    301 780
    295 781
    259 782
    273 783
    293 784
    290 785
    287 786
    292 787
    272 788
    266 789
    258 790
    259 791
    290 792
    269 793
    282 794
    276 795
    304 796
    265 797
    263 798
    298 799
    311 800
    291 801
    273 802
    310 803
    276 804
    265 805
    273 806
    303 807
    289 808
    269 809
    282 810
    281 811
    303 812
    239 813
    289 814
    292 815
    296 816
    274 817
    286 818
    304 819
    274 820
    258 821
    281 822
    305 823
    303 824
    325 825
    284 826
    285 827
    271 828
    289 829
    308 830
    299 831
    267 832
    284 833
    306 834
    304 835
    294 836
    296 837
    289 838
    284 839
    278 840
    282 841
    254 842
    285 843
    264 844
    263 845
    249 846
    283 847
    258 848
    279 849
    261 850
    278 851
    272 852
    261 853
    241 854
    258 855
    258 856
    245 857
    249 858
    228 859
    252 860
    260 861
    294 862
    249 863
    243 864
    257 865
    258 866
    262 867
    263 868
    286 869
    276 870
    279 871
    242 872
    255 873
    249 874
    244 875
    228 876
    279 877
    267 878
    258 879
    275 880
    234 881
    235 882
    264 883
    235 884
    247 885
    241 886
    251 887
    254 888
    245 889
    254 890
    234 891
    234 892
    245 893
    255 894
    201 895
    265 896
    228 897
    228 898
    247 899
    229 900
    233 901
    238 902
    235 903
    237 904
    207 905
    229 906
    219 907
    256 908
    242 909
    222 910
    218 911
    222 912
    206 913
    204 914
    210 915
    209 916
    257 917
    236 918
    221 919
    215 920
    252 921
    241 922
    225 923
    241 924
    212 925
    217 926
    223 927
    236 928
    209 929
    217 930
    232 931
    188 932
    218 933
    190 934
    214 935
    209 936
    222 937
    229 938
    204 939
    212 940
    190 941
    214 942
    217 943
    245 944
    184 945
    194 946
    236 947
    211 948
    219 949
    212 950
    206 951
    224 952
    207 953
    239 954
    218 955
    224 956
    217 957
    207 958
    221 959
    219 960
    215 961
    208 962
    219 963
    216 964
    210 965
    228 966
    218 967
    240 968
    203 969
    221 970
    226 971
    221 972
    211 973
    208 974
    184 975
    223 976
    200 977
    213 978
    219 979
    208 980
    219 981
    220 982
    233 983
    224 984
    203 985
    223 986
    246 987
    218 988
    202 989
    182 990
    201 991
    206 992
    222 993
    206 994
    210 995
    206 996
    213 997
    216 998
    219 999
    204 1000
    187 1001
    231 1002
    196 1003
    181 1004
    215 1005
    186 1006
    193 1007
    197 1008
    187 1009
    210 1010
    223 1011
    224 1012
    198 1013
    218 1014
    202 1015
    223 1016
    184 1017
    202 1018
    195 1019
    208 1020
    193 1021
    213 1022
    216 1023
    221 1024
    209 1025
    196 1026
    189 1027
    202 1028
    187 1029
    184 1030
    195 1031
    195 1032
    197 1033
    201 1034
    204 1035
    184 1036
    239 1037
    178 1038
    188 1039
    205 1040
    210 1041
    192 1042
    190 1043
    196 1044
    205 1045
    195 1046
    210 1047
    205 1048
    190 1049
    219 1050
    210 1051
    187 1052
    191 1053
    177 1054
    200 1055
    229 1056
    185 1057
    234 1058
    182 1059
    186 1060
    195 1061
    206 1062
    202 1063
    209 1064
    199 1065
    209 1066
    194 1067
    191 1068
    213 1069
    200 1070
    191 1071
    199 1072
    199 1073
    170 1074
    193 1075
    199 1076
    187 1077
    205 1078
    190 1079
    180 1080
    180 1081
    168 1082
    171 1083
    150 1084
    208 1085
    178 1086
    169 1087
    201 1088
    175 1089
    194 1090
    187 1091
    174 1092
    188 1093
    182 1094
    174 1095
    166 1096
    171 1097
    184 1098
    180 1099
    176 1100
    176 1101
    185 1102
    163 1103
    207 1104
    168 1105
    207 1106
    174 1107
    188 1108
    172 1109
    170 1110
    174 1111
    164 1112
    173 1113
    178 1114
    191 1115
    207 1116
    173 1117
    193 1118
    158 1119
    162 1120
    172 1121
    171 1122
    186 1123
    158 1124
    210 1125
    179 1126
    156 1127
    165 1128
    168 1129
    171 1130
    172 1131
    171 1132
    159 1133
    176 1134
    144 1135
    179 1136
    182 1137
    156 1138
    165 1139
    192 1140
    208 1141
    149 1142
    146 1143
    175 1144
    149 1145
    160 1146
    171 1147
    181 1148
    162 1149
    188 1150
    143 1151
    146 1152
    159 1153
    153 1154
    168 1155
    179 1156
    155 1157
    167 1158
    169 1159
    187 1160
    164 1161
    183 1162
    178 1163
    167 1164
    167 1165
    157 1166
    190 1167
    177 1168
    158 1169
    196 1170
    161 1171
    170 1172
    153 1173
    185 1174
    195 1175
    170 1176
    164 1177
    189 1178
    190 1179
    160 1180
    181 1181
    163 1182
    147 1183
    165 1184
    161 1185
    155 1186
    182 1187
    167 1188
    160 1189
    182 1190
    183 1191
    163 1192
    132 1193
    160 1194
    162 1195
    175 1196
    162 1197
    134 1198
    156 1199
    166 1200
    165 1201
    172 1202
    175 1203
    162 1204
    175 1205
    193 1206
    157 1207
    154 1208
    149 1209
    155 1210
    143 1211
    139 1212
    134 1213
    157 1214
    194 1215
    170 1216
    153 1217
    169 1218
    161 1219
    149 1220
    143 1221
    158 1222
    178 1223
    152 1224
    140 1225
    143 1226
    153 1227
    157 1228
    136 1229
    126 1230
    132 1231
    138 1232
    157 1233
    159 1234
    172 1235
    142 1236
    138 1237
    142 1238
    146 1239
    114 1240
    151 1241
    135 1242
    125 1243
    127 1244
    111 1245
    144 1246
    153 1247
    127 1248
    140 1249
    159 1250
    166 1251
    127 1252
    131 1253
    143 1254
    162 1255
    157 1256
    137 1257
    156 1258
    133 1259
    151 1260
    156 1261
    143 1262
    147 1263
    131 1264
    146 1265
    134 1266
    156 1267
    165 1268
    134 1269
    126 1270
    138 1271
    107 1272
    142 1273
    108 1274
    144 1275
    131 1276
    121 1277
    147 1278
    100 1279
    122 1280
    137 1281
    132 1282
    140 1283
    116 1284
    138 1285
    138 1286
    111 1287
    137 1288
    133 1289
    139 1290
    132 1291
    126 1292
    127 1293
    128 1294
    158 1295
    127 1296
    102 1297
    134 1298
    132 1299
    123 1300
    121 1301
    123 1302
    139 1303
    129 1304
    121 1305
    131 1306
    119 1307
    132 1308
    125 1309
    131 1310
    140 1311
    113 1312
    137 1313
    140 1314
    134 1315
    112 1316
    125 1317
    120 1318
    133 1319
    108 1320
    133 1321
    118 1322
    105 1323
    127 1324
    127 1325
    139 1326
    109 1327
    132 1328
    113 1329
    122 1330
    128 1331
    138 1332
    130 1333
    114 1334
    140 1335
    128 1336
    139 1337
    119 1338
    101 1339
    121 1340
    135 1341
    124 1342
    137 1343
    113 1344
    121 1345
    127 1346
    116 1347
    114 1348
    106 1349
    128 1350
    153 1351
    114 1352
    130 1353
    109 1354
    100 1355
    120 1356
    133 1357
    131 1358
    116 1359
    147 1360
    112 1361
    123 1362
    122 1363
    116 1364
    107 1365
    110 1366
    145 1367
    112 1368
     97 1369
    130 1370
    109 1371
    120 1372
    117 1373
    121 1374
    109 1375
    115 1376
    112 1377
    118 1378
    140 1379
    112 1380
    144 1381
    121 1382
    107 1383
    136 1384
    101 1385
    123 1386
    124 1387
    121 1388
    127 1389
    128 1390
    138 1391
    143 1392
    125 1393
    110 1394
    106 1395
    127 1396
    104 1397
    112 1398
    132 1399
    129 1400
    117 1401
    106 1402
    102 1403
    120 1404
    143 1405
    122 1406
    137 1407
    110 1408
    113 1409
    115 1410
    118 1411
    101 1412
    120 1413
    143 1414
    107 1415
    127 1416
    136 1417
    112 1418
    121 1419
    104 1420
    101 1421
    119 1422
    117 1423
    111 1424
    115 1425
    103 1426
    117 1427
    114 1428
    102 1429
    109 1430
    105 1431
     94 1432
    112 1433
    127 1434
    107 1435
    104 1436
    101 1437
    115 1438
    112 1439
    122 1440
    131 1441
    104 1442
    101 1443
    130 1444
    120 1445
    119 1446
    141 1447
    130 1448
    100 1449
    122 1450
    121 1451
    121 1452
    115 1453
     99 1454
    112 1455
    128 1456
    108 1457
    123 1458
    110 1459
    109 1460
    140 1461
    115 1462
    122 1463
     98 1464
    144 1465
    112 1466
    122 1467
    106 1468
    126 1469
    114 1470
    116 1471
    137 1472
    117 1473
    120 1474
    107 1475
    129 1476
    114 1477
    116 1478
    103 1479
    103 1480
    120 1481
    127 1482
    111 1483
    122 1484
    109 1485
    119 1486
    109 1487
    118 1488
     99 1489
     96 1490
    112 1491
    120 1492
    121 1493
    108 1494
    118 1495
    105 1496
    109 1497
    116 1498
     96 1499
    116 1500
    112 1501
     99 1502
    118 1503
    101 1504
    106 1505
    102 1506
    117 1507
    106 1508
    109 1509
     93 1510
    103 1511
    104 1512
    103 1513
     98 1514
    103 1515
    118 1516
    100 1517
    108 1518
    103 1519
    110 1520
     99 1521
     96 1522
    104 1523
     92 1524
     93 1525
    111 1526
    103 1527
    104 1528
    111 1529
    104 1530
    113 1531
    112 1532
     87 1533
     88 1534
    109 1535
    105 1536
     93 1537
    103 1538
    109 1539
    115 1540
    109 1541
    138 1542
    105 1543
     89 1544
     95 1545
    100 1546
     87 1547
     97 1548
     95 1549
    102 1550
    100 1551
    114 1552
    107 1553
    121 1554
    104 1555
    103 1556
    105 1557
     96 1558
    113 1559
     81 1560
    101 1561
     98 1562
    102 1563
    105 1564
    115 1565
    108 1566
    102 1567
    120 1568
     87 1569
    117 1570
     96 1571
    115 1572
    111 1573
     94 1574
    110 1575
    116 1576
    108 1577
    112 1578
    117 1579
    106 1580
     94 1581
     98 1582
     95 1583
     99 1584
    113 1585
    111 1586
    102 1587
    113 1588
    102 1589
    109 1590
    127 1591
     89 1592
    128 1593
     83 1594
    110 1595
     99 1596
    111 1597
    124 1598
    107 1599
    110 1600
    100 1601
    109 1602
    124 1603
    102 1604
    105 1605
    113 1606
    116 1607
    100 1608
    115 1609
     98 1610
    109 1611
    101 1612
    100 1613
    120 1614
     86 1615
    107 1616
    110 1617
     98 1618
     97 1619
     97 1620
     94 1621
     92 1622
    106 1623
    127 1624
    121 1625
    108 1626
    109 1627
    112 1628
    118 1629
    105 1630
    108 1631
    122 1632
    124 1633
     99 1634
    101 1635
    101 1636
     97 1637
    108 1638
     90 1639
     95 1640
    109 1641
    120 1642
    128 1643
     98 1644
    110 1645
    120 1646
    112 1647
     91 1648
    105 1649
    110 1650
    114 1651
     90 1652
    114 1653
     94 1654
     94 1655
    104 1656
    106 1657
    101 1658
    105 1659
    105 1660
    114 1661
    104 1662
     83 1663
    100 1664
    114 1665
    104 1666
    119 1667
    108 1668
    106 1669
    111 1670
    107 1671
     98 1672
     92 1673
    113 1674
     97 1675
     92 1676
    120 1677
    102 1678
    110 1679
    106 1680
    111 1681
     98 1682
    104 1683
     89 1684
    100 1685
     90 1686
    102 1687
     91 1688
    110 1689
    115 1690
    118 1691
     90 1692
     86 1693
     93 1694
     77 1695
    102 1696
     97 1697
     97 1698
    104 1699
    100 1700
     96 1701
    103 1702
     87 1703
    118 1704
    126 1705
    115 1706
     98 1707
     98 1708
     90 1709
    102 1710
    115 1711
    110 1712
     95 1713
     92 1714
     93 1715
    103 1716
     81 1717
    100 1718
    103 1719
    103 1720
    106 1721
     94 1722
     96 1723
    102 1724
    111 1725
     85 1726
    110 1727
     86 1728
    100 1729
     98 1730
    105 1731
     96 1732
    108 1733
    101 1734
     93 1735
    119 1736
    110 1737
     99 1738
    121 1739
    113 1740
    104 1741
    107 1742
    101 1743
    120 1744
     99 1745
    102 1746
    105 1747
     86 1748
     93 1749
    108 1750
    108 1751
    100 1752
    130 1753
    131 1754
    117 1755
    113 1756
    105 1757
    107 1758
     93 1759
    102 1760
    108 1761
    111 1762
    121 1763
     93 1764
    105 1765
    101 1766
     85 1767
    100 1768
     96 1769
     95 1770
    106 1771
    112 1772
     77 1773
     84 1774
    100 1775
    131 1776
     81 1777
    107 1778
     97 1779
    105 1780
     94 1781
    120 1782
    109 1783
     98 1784
     89 1785
     97 1786
     87 1787
    112 1788
     83 1789
     90 1790
     87 1791
    118 1792
     85 1793
    107 1794
    102 1795
    116 1796
    104 1797
    104 1798
    105 1799
     83 1800
    103 1801
     99 1802
     89 1803
     96 1804
     94 1805
     90 1806
    109 1807
     94 1808
     91 1809
    108 1810
    101 1811
     83 1812
     90 1813
     93 1814
    103 1815
    106 1816
     96 1817
     88 1818
     81 1819
     80 1820
     93 1821
    102 1822
    100 1823
     75 1824
     93 1825
    105 1826
     91 1827
    113 1828
     83 1829
     82 1830
    105 1831
     85 1832
     77 1833
    100 1834
     79 1835
     73 1836
     98 1837
     79 1838
     90 1839
     96 1840
     81 1841
     74 1842
     93 1843
     77 1844
     79 1845
     81 1846
     71 1847
     77 1848
     76 1849
     70 1850
     77 1851
     77 1852
    104 1853
     99 1854
     95 1855
     85 1856
    101 1857
     74 1858
     69 1859
     71 1860
     79 1861
     82 1862
     89 1863
     86 1864
     89 1865
     78 1866
     73 1867
     85 1868
     77 1869
     88 1870
     81 1871
     86 1872
     73 1873
     74 1874
     74 1875
     78 1876
     57 1877
     88 1878
     78 1879
     76 1880
     81 1881
     79 1882
     78 1883
     85 1884
     91 1885
     80 1886
     71 1887
     78 1888
     85 1889
     89 1890
     77 1891
     86 1892
     66 1893
     79 1894
     60 1895
     98 1896
     55 1897
     71 1898
     70 1899
     67 1900
     85 1901
     80 1902
     94 1903
     93 1904
     95 1905
     76 1906
     65 1907
     83 1908
     76 1909
     81 1910
     67 1911
    100 1912
     82 1913
     89 1914
     88 1915
     94 1916
     79 1917
     88 1918
     89 1919
     73 1920
     64 1921
     78 1922
     86 1923
     69 1924
     75 1925
     92 1926
     68 1927
     71 1928
     78 1929
     75 1930
     82 1931
     71 1932
     75 1933
     74 1934
     86 1935
     88 1936
     71 1937
     67 1938
     83 1939
     79 1940
     68 1941
     73 1942
     71 1943
     74 1944
     75 1945
     73 1946
     71 1947
     71 1948
     82 1949
     80 1950
     60 1951
     70 1952
     79 1953
     64 1954
     59 1955
     55 1956
     64 1957
     70 1958
     76 1959
     78 1960
     83 1961
     73 1962
     69 1963
     83 1964
     69 1965
     72 1966
     78 1967
     69 1968
     59 1969
     91 1970
     82 1971
     83 1972
     90 1973
     89 1974
     71 1975
     69 1976
     88 1977
     67 1978
     72 1979
     77 1980
     69 1981
     72 1982
     69 1983
     79 1984
     76 1985
     76 1986
     75 1987
     78 1988
     68 1989
     82 1990
     76 1991
     85 1992
     74 1993
     69 1994
     87 1995
     77 1996
     80 1997
     65 1998
     74 1999
     58 2000
     63 2001
     51 2002
     69 2003
     57 2004
     55 2005
     64 2006
     70 2007
     65 2008
     57 2009
     57 2010
     61 2011
     63 2012
     71 2013
     52 2014
     62 2015
     60 2016
     65 2017
     68 2018
     68 2019
     62 2020
     76 2021
     80 2022
     81 2023
     64 2024
     66 2025
     65 2026
     71 2027
     83 2028
     65 2029
     74 2030
     78 2031
     72 2032
     74 2033
     77 2034
     60 2035
     49 2036
     65 2037
     74 2038
     67 2039
     76 2040
     70 2041
     90 2042
     61 2043
     71 2044
     72 2045
     58 2046
     64 2047
     65 2048
     67 2049
     73 2050
     60 2051
     67 2052
     56 2053
     57 2054
     72 2055
     74 2056
     68 2057
     64 2058
     61 2059
     52 2060
     67 2061
     58 2062
     75 2063
     63 2064
     54 2065
     58 2066
     42 2067
     57 2068
     53 2069
     69 2070
     69 2071
     78 2072
     63 2073
     67 2074
     66 2075
     59 2076
     48 2077
     65 2078
     79 2079
     64 2080
     62 2081
     73 2082
     62 2083
     57 2084
     62 2085
     65 2086
     76 2087
     59 2088
     63 2089
     57 2090
     49 2091
     62 2092
     49 2093
     58 2094
     55 2095
     63 2096
     60 2097
     50 2098
     54 2099
     40 2100
     51 2101
     56 2102
     55 2103
     64 2104
     50 2105
     56 2106
     53 2107
     50 2108
     47 2109
     54 2110
     59 2111
     47 2112
     50 2113
     54 2114
     53 2115
     43 2116
     48 2117
     60 2118
     63 2119
     54 2120
     59 2121
     53 2122
     52 2123
     57 2124
     49 2125
     47 2126
     59 2127
     49 2128
     50 2129
     55 2130
     42 2131
     57 2132
     51 2133
     57 2134
     52 2135
     47 2136
     49 2137
     57 2138
     51 2139
     65 2140
     52 2141
     47 2142
     40 2143
     59 2144
     56 2145
     52 2146
     51 2147
     47 2148
     49 2149
     54 2150
     51 2151
     46 2152
     55 2153
     54 2154
     60 2155
     54 2156
     57 2157
     48 2158
     68 2159
     50 2160
     45 2161
     60 2162
     51 2163
     41 2164
     51 2165
     51 2166
     52 2167
     47 2168
     57 2169
     55 2170
     45 2171
     41 2172
     42 2173
     50 2174
     47 2175
     45 2176
     46 2177
     37 2178
     57 2179
     36 2180
     44 2181
     51 2182
     49 2183
     56 2184
     46 2185
     61 2186
     50 2187
     49 2188
     45 2189
     53 2190
     47 2191
     71 2192
     37 2193
     41 2194
     47 2195
     52 2196
     50 2197
     26 2198
     56 2199
     56 2200
     62 2201
     42 2202
     54 2203
     58 2204
     44 2205
     40 2206
     61 2207
     46 2208
     51 2209
     51 2210
     52 2211
     39 2212
     49 2213
     46 2214
     42 2215
     49 2216
     49 2217
     43 2218
     56 2219
     47 2220
     60 2221
     54 2222
     49 2223
     49 2224
     49 2225
     53 2226
     40 2227
     50 2228
     44 2229
     34 2230
     46 2231
     34 2232
     48 2233
     49 2234
     42 2235
     45 2236
     44 2237
     58 2238
     46 2239
     39 2240
     56 2241
     41 2242
     38 2243
     63 2244
     42 2245
     53 2246
     45 2247
     41 2248
     56 2249
     47 2250
     41 2251
     62 2252
     55 2253
     41 2254
     54 2255
     36 2256
     44 2257
     52 2258
     53 2259
     57 2260
     39 2261
     43 2262
     41 2263
     52 2264
     42 2265
     44 2266
     49 2267
     50 2268
     40 2269
     50 2270
     43 2271
     45 2272
     44 2273
     55 2274
     49 2275
     38 2276
     37 2277
     41 2278
     46 2279
     38 2280
     50 2281
     44 2282
     52 2283
     39 2284
     44 2285
     35 2286
     44 2287
     34 2288
     54 2289
     45 2290
     37 2291
     55 2292
     40 2293
     62 2294
     35 2295
     47 2296
     41 2297
     34 2298
     43 2299
     46 2300
     38 2301
     43 2302
     45 2303
     45 2304
     28 2305
     39 2306
     38 2307
     41 2308
     33 2309
     40 2310
     41 2311
     43 2312
     44 2313
     32 2314
     41 2315
     47 2316
     40 2317
     36 2318
     41 2319
     40 2320
     35 2321
     40 2322
     38 2323
     58 2324
     43 2325
     42 2326
     36 2327
     46 2328
     39 2329
     42 2330
     39 2331
     37 2332
     42 2333
     35 2334
     47 2335
     44 2336
     40 2337
     41 2338
     50 2339
     43 2340
     39 2341
     36 2342
     48 2343
     46 2344
     28 2345
     30 2346
     39 2347
     42 2348
     33 2349
     33 2350
     50 2351
     37 2352
     39 2353
     40 2354
     48 2355
     41 2356
     47 2357
     51 2358
     36 2359
     42 2360
     39 2361
     49 2362
     44 2363
     44 2364
     38 2365
     44 2366
     35 2367
     39 2368
     35 2369
     37 2370
     49 2371
     48 2372
     38 2373
     42 2374
     42 2375
     39 2376
     49 2377
     48 2378
     40 2379
     43 2380
     39 2381
     37 2382
     43 2383
     41 2384
     43 2385
     40 2386
     35 2387
     43 2388
     25 2389
     41 2390
     40 2391
     34 2392
     47 2393
     46 2394
     41 2395
     50 2396
     48 2397
     41 2398
     49 2399
     38 2400
     41 2401
     47 2402
     44 2403
     40 2404
     48 2405
     38 2406
     37 2407
     48 2408
     49 2409
     42 2410
     35 2411
     49 2412
     40 2413
     35 2414
     41 2415
     28 2416
     47 2417
     33 2418
     43 2419
     36 2420
     42 2421
     29 2422
     40 2423
     32 2424
     35 2425
     38 2426
     30 2427
     46 2428
     40 2429
     51 2430
     34 2431
     39 2432
     44 2433
     48 2434
     48 2435
     46 2436
     36 2437
     39 2438
     37 2439
     32 2440
     31 2441
     39 2442
     42 2443
     44 2444
     38 2445
     47 2446
     40 2447
     44 2448
     37 2449
     35 2450
     44 2451
     40 2452
     27 2453
     30 2454
     48 2455
     45 2456
     30 2457
     40 2458
     36 2459
     35 2460
     40 2461
     44 2462
     37 2463
     34 2464
     38 2465
     37 2466
     48 2467
     47 2468
     29 2469
     30 2470
     39 2471
     40 2472
     34 2473
     44 2474
     30 2475
     38 2476
     37 2477
     32 2478
     32 2479
     40 2480
     44 2481
     33 2482
     35 2483
     40 2484
     38 2485
     40 2486
     31 2487
     35 2488
     34 2489
     45 2490
     54 2491
     39 2492
     46 2493
     43 2494
     37 2495
     48 2496
     40 2497
     53 2498
     46 2499
     53 2500
     57 2501
     41 2502
     53 2503
     41 2504
     46 2505
     30 2506
     36 2507
     37 2508
     45 2509
     43 2510
     40 2511
     35 2512
     37 2513
     45 2514
     33 2515
     41 2516
     36 2517
     38 2518
     32 2519
     31 2520
     36 2521
     32 2522
     49 2523
     45 2524
     36 2525
     31 2526
     39 2527
     37 2528
     45 2529
     29 2530
     51 2531
     41 2532
     35 2533
     53 2534
     35 2535
     29 2536
     38 2537
     41 2538
     44 2539
     44 2540
     36 2541
     26 2542
     31 2543
     44 2544
     43 2545
     27 2546
     27 2547
     30 2548
     35 2549
     33 2550
     37 2551
     36 2552
     30 2553
     37 2554
     41 2555
     41 2556
     20 2557
     44 2558
     36 2559
     30 2560
     36 2561
     38 2562
     29 2563
     32 2564
     32 2565
     21 2566
     36 2567
     26 2568
     40 2569
     34 2570
     42 2571
     33 2572
     29 2573
     39 2574
     33 2575
     39 2576
     43 2577
     42 2578
     29 2579
     29 2580
     45 2581
     35 2582
     35 2583
     28 2584
     36 2585
     20 2586
     26 2587
     43 2588
     42 2589
     34 2590
     36 2591
     31 2592
     28 2593
     42 2594
     27 2595
     23 2596
     37 2597
     36 2598
     43 2599
     36 2600
     48 2601
     36 2602
     33 2603
     42 2604
     26 2605
     23 2606
     29 2607
     34 2608
     33 2609
     39 2610
     32 2611
     39 2612
     32 2613
     30 2614
     27 2615
     31 2616
     42 2617
     34 2618
     35 2619
     39 2620
     36 2621
     32 2622
     40 2623
     32 2624
     41 2625
     31 2626
     50 2627
     36 2628
     34 2629
     28 2630
     33 2631
     46 2632
     35 2633
     37 2634
     36 2635
     33 2636
     37 2637
     34 2638
     35 2639
     31 2640
     36 2641
     29 2642
     50 2643
     31 2644
     27 2645
     28 2646
     31 2647
     31 2648
     24 2649
     23 2650
     31 2651
     36 2652
     21 2653
     33 2654
     28 2655
     23 2656
     39 2657
     29 2658
     37 2659
     39 2660
     27 2661
     37 2662
     30 2663
     37 2664
     31 2665
     35 2666
     33 2667
     36 2668
     39 2669
     34 2670
     26 2671
     34 2672
     31 2673
     37 2674
     30 2675
     36 2676
     30 2677
     40 2678
     32 2679
     36 2680
     25 2681
     29 2682
     28 2683
     21 2684
     32 2685
     26 2686
     37 2687
     25 2688
     35 2689
     37 2690
     49 2691
     27 2692
     39 2693
     27 2694
     26 2695
     23 2696
     33 2697
     26 2698
     28 2699
     27 2700
     31 2701
     43 2702
     29 2703
     23 2704
     24 2705
     37 2706
     34 2707
     31 2708
     35 2709
     35 2710
     35 2711
     43 2712
     35 2713
     29 2714
     31 2715
     35 2716
     33 2717
     30 2718
     26 2719
     37 2720
     28 2721
     29 2722
     26 2723
     23 2724
     32 2725
     36 2726
     30 2727
     28 2728
     39 2729
     32 2730
     30 2731
     21 2732
     33 2733
     42 2734
     35 2735
     35 2736
     34 2737
     29 2738
     38 2739
     30 2740
     30 2741
     30 2742
     29 2743
     30 2744
     29 2745
     41 2746
     28 2747
     34 2748
     36 2749
     27 2750
     30 2751
     38 2752
     40 2753
     26 2754
     26 2755
     29 2756
     28 2757
     25 2758
     30 2759
     29 2760
     35 2761
     37 2762
     31 2763
     27 2764
     40 2765
     35 2766
     25 2767
     29 2768
     26 2769
     20 2770
     28 2771
     31 2772
     25 2773
     31 2774
     33 2775
     19 2776
     34 2777
     31 2778
     25 2779
     29 2780
     25 2781
     23 2782
     40 2783
     19 2784
     31 2785
     24 2786
     26 2787
     27 2788
     29 2789
     18 2790
     25 2791
     19 2792
     31 2793
     25 2794
     22 2795
     30 2796
     27 2797
     24 2798
     23 2799
     26 2800
     35 2801
     27 2802
     24 2803
     26 2804
     18 2805
     17 2806
     39 2807
     30 2808
     18 2809
     26 2810
     22 2811
     17 2812
     20 2813
     23 2814
     19 2815
     23 2816
     25 2817
     26 2818
     25 2819
     20 2820
     24 2821
     24 2822
     22 2823
     28 2824
     19 2825
     30 2826
     14 2827
     27 2828
     17 2829
     11 2830
     26 2831
     18 2832
     31 2833
     16 2834
     22 2835
     22 2836
     20 2837
     20 2838
     25 2839
     25 2840
     22 2841
     26 2842
     25 2843
     21 2844
     22 2845
     19 2846
     34 2847
     26 2848
     25 2849
     27 2850
     23 2851
     23 2852
     25 2853
     21 2854
     12 2855
     24 2856
     31 2857
     22 2858
     14 2859
     20 2860
     23 2861
     26 2862
     24 2863
     20 2864
     22 2865
     18 2866
     20 2867
     22 2868
     26 2869
     17 2870
     23 2871
     29 2872
     25 2873
     21 2874
     21 2875
     26 2876
     16 2877
     27 2878
     17 2879
     24 2880
     24 2881
     14 2882
     25 2883
     14 2884
     26 2885
     21 2886
     27 2887
     19 2888
     13 2889
     13 2890
     22 2891
     22 2892
     14 2893
     22 2894
     25 2895
     18 2896
     19 2897
     19 2898
     18 2899
     25 2900
     28 2901
     34 2902
     20 2903
     23 2904
     22 2905
     23 2906
     28 2907
     30 2908
     20 2909
     24 2910
     16 2911
     21 2912
     26 2913
     23 2914
     17 2915
     22 2916
     24 2917
     27 2918
     31 2919
     26 2920
     29 2921
     22 2922
     23 2923
     25 2924
     24 2925
     27 2926
     20 2927
     25 2928
     21 2929
     19 2930
     25 2931
     21 2932
     27 2933
     20 2934
     24 2935
     14 2936
     28 2937
     20 2938
     22 2939
     27 2940
     18 2941
     21 2942
     28 2943
     27 2944
     18 2945
     30 2946
     27 2947
     27 2948
     25 2949
     26 2950
     27 2951
     25 2952
     20 2953
     22 2954
     18 2955
     18 2956
     31 2957
     15 2958
     27 2959
     28 2960
     28 2961
     33 2962
     22 2963
     24 2964
     43 2965
     18 2966
     31 2967
     27 2968
     22 2969
     26 2970
     22 2971
     31 2972
     23 2973
     21 2974
     16 2975
     28 2976
     34 2977
     23 2978
     23 2979
     26 2980
     20 2981
     26 2982
     15 2983
     24 2984
     29 2985
     22 2986
     32 2987
     22 2988
     28 2989
     22 2990
     30 2991
     24 2992
     19 2993
     17 2994
     27 2995
     14 2996
     23 2997
     26 2998
     24 2999
     23 3000
     26 3001
     18 3002
     25 3003
     15 3004
     30 3005
     25 3006
     27 3007
     21 3008
     20 3009
     27 3010
     25 3011
     21 3012
     20 3013
     23 3014
     33 3015
     15 3016
     22 3017
     24 3018
     15 3019
     27 3020
     27 3021
     23 3022
     22 3023
     18 3024
     23 3025
     14 3026
     19 3027
     24 3028
     15 3029
     22 3030
     26 3031
     23 3032
     23 3033
     27 3034
     17 3035
     30 3036
     22 3037
     26 3038
     16 3039
     12 3040
     21 3041
     23 3042
     22 3043
     20 3044
     23 3045
     16 3046
     21 3047
     16 3048
     25 3049
     19 3050
     23 3051
     17 3052
     17 3053
     21 3054
     16 3055
     23 3056
     19 3057
     25 3058
     19 3059
     20 3060
     21 3061
     23 3062
     19 3063
     22 3064
     21 3065
     25 3066
     19 3067
     18 3068
     18 3069
     15 3070
     17 3071
     21 3072
     14 3073
     20 3074
     18 3075
     25 3076
     23 3077
     14 3078
     25 3079
     18 3080
     25 3081
     18 3082
     16 3083
     12 3084
     20 3085
     19 3086
     23 3087
     22 3088
     22 3089
     18 3090
     18 3091
     29 3092
     30 3093
     21 3094
     17 3095
     14 3096
     24 3097
     19 3098
     18 3099
     18 3100
     16 3101
     17 3102
     23 3103
     18 3104
     20 3105
     27 3106
     14 3107
     17 3108
     26 3109
     21 3110
     21 3111
     15 3112
     21 3113
     23 3114
     23 3115
     20 3116
     15 3117
     25 3118
     25 3119
     19 3120
     22 3121
     19 3122
     19 3123
     20 3124
     27 3125
     33 3126
     21 3127
     23 3128
     21 3129
     19 3130
     20 3131
     28 3132
     18 3133
     20 3134
     16 3135
     38 3136
     23 3137
     19 3138
     15 3139
     15 3140
     19 3141
     17 3142
     23 3143
     29 3144
     21 3145
     31 3146
     17 3147
     29 3148
     22 3149
     25 3150
     26 3151
     17 3152
     20 3153
     26 3154
     17 3155
     25 3156
     29 3157
     22 3158
     26 3159
     26 3160
     17 3161
     28 3162
     17 3163
     23 3164
     15 3165
     18 3166
     29 3167
     18 3168
     20 3169
     23 3170
     22 3171
     21 3172
     25 3173
     21 3174
     16 3175
     25 3176
     21 3177
     22 3178
     29 3179
     21 3180
     18 3181
     18 3182
     19 3183
     27 3184
     16 3185
     19 3186
     13 3187
     16 3188
     28 3189
     24 3190
     23 3191
     18 3192
     17 3193
     19 3194
     24 3195
     20 3196
     20 3197
     24 3198
     26 3199
     13 3200
     22 3201
     23 3202
     21 3203
     17 3204
     19 3205
     17 3206
     28 3207
     24 3208
     22 3209
     25 3210
     28 3211
     29 3212
     19 3213
     17 3214
     18 3215
     38 3216
     22 3217
     28 3218
     37 3219
     22 3220
     28 3221
     22 3222
     26 3223
     23 3224
     29 3225
     22 3226
     26 3227
     28 3228
     18 3229
     25 3230
     24 3231
     32 3232
     31 3233
     18 3234
     27 3235
     22 3236
     20 3237
     24 3238
     16 3239
     21 3240
     36 3241
     29 3242
     25 3243
     30 3244
     18 3245
     30 3246
     21 3247
     25 3248
     18 3249
     28 3250
     19 3251
     22 3252
     26 3253
     23 3254
     20 3255
     30 3256
     30 3257
     28 3258
     25 3259
     18 3260
     26 3261
     14 3262
     27 3263
     29 3264
     23 3265
     18 3266
     13 3267
     25 3268
     25 3269
     15 3270
     19 3271
     14 3272
     23 3273
     17 3274
     27 3275
     20 3276
     25 3277
     19 3278
     24 3279
     24 3280
     22 3281
     27 3282
     20 3283
     23 3284
     17 3285
     25 3286
     24 3287
     32 3288
     25 3289
     26 3290
     19 3291
     27 3292
     25 3293
     26 3294
     25 3295
     22 3296
     21 3297
     11 3298
     26 3299
     14 3300
     18 3301
     19 3302
     26 3303
     23 3304
     26 3305
     24 3306
     28 3307
     21 3308
     25 3309
     25 3310
     23 3311
     28 3312
     26 3313
     31 3314
     21 3315
     32 3316
     27 3317
     23 3318
     22 3319
     22 3320
     21 3321
     27 3322
     17 3323
     25 3324
     38 3325
     23 3326
     36 3327
     19 3328
     27 3329
     31 3330
     26 3331
     23 3332
     31 3333
     29 3334
     30 3335
     25 3336
     22 3337
     27 3338
     22 3339
     20 3340
     18 3341
     21 3342
     22 3343
     27 3344
     23 3345
     26 3346
     30 3347
     26 3348
     20 3349
     31 3350
     27 3351
     36 3352
     27 3353
     31 3354
     23 3355
     20 3356
     20 3357
     28 3358
     24 3359
     25 3360
     21 3361
     22 3362
     21 3363
     33 3364
     21 3365
     22 3366
     26 3367
     22 3368
     29 3369
     23 3370
     23 3371
     22 3372
     21 3373
     34 3374
     27 3375
     28 3376
     27 3377
     29 3378
     25 3379
     31 3380
     30 3381
     25 3382
     18 3383
     27 3384
     17 3385
     15 3386
     25 3387
     26 3388
     21 3389
     18 3390
     28 3391
     26 3392
     28 3393
     23 3394
     21 3395
     27 3396
     28 3397
     27 3398
     23 3399
     21 3400
     23 3401
     25 3402
     21 3403
     25 3404
     22 3405
     23 3406
     15 3407
     22 3408
     19 3409
     27 3410
     19 3411
     23 3412
     16 3413
     16 3414
     26 3415
     27 3416
     29 3417
     34 3418
     25 3419
     23 3420
     28 3421
     25 3422
     30 3423
     14 3424
     22 3425
     19 3426
     19 3427
     23 3428
     39 3429
      9 3430
     22 3431
     28 3432
     16 3433
     16 3434
     25 3435
     20 3436
     30 3437
     23 3438
     29 3439
     27 3440
     26 3441
     21 3442
     28 3443
     26 3444
     24 3445
     19 3446
     26 3447
     20 3448
     29 3449
     26 3450
     27 3451
     29 3452
     23 3453
     22 3454
     22 3455
     26 3456
     25 3457
     12 3458
     29 3459
     20 3460
     32 3461
     29 3462
     24 3463
     30 3464
     34 3465
     25 3466
     25 3467
     25 3468
     21 3469
     22 3470
     27 3471
     28 3472
     36 3473
     30 3474
     25 3475
     23 3476
     27 3477
     31 3478
     23 3479
     32 3480
     30 3481
     33 3482
     21 3483
     24 3484
     18 3485
     26 3486
     21 3487
     22 3488
     22 3489
     32 3490
     20 3491
     28 3492
     30 3493
     32 3494
     31 3495
     17 3496
     27 3497
     25 3498
     24 3499
     18 3500
     28 3501
     26 3502
     30 3503
     28 3504
     31 3505
     23 3506
     28 3507
     24 3508
     28 3509
     31 3510
     28 3511
     30 3512
     23 3513
     23 3514
     29 3515
     41 3516
     28 3517
     23 3518
     25 3519
     28 3520
     29 3521
     25 3522
     27 3523
     31 3524
     28 3525
     34 3526
     30 3527
     30 3528
     33 3529
     34 3530
     34 3531
     33 3532
     29 3533
     30 3534
     28 3535
     32 3536
     21 3537
     25 3538
     35 3539
     29 3540
     34 3541
     26 3542
     31 3543
     22 3544
     38 3545
     32 3546
     21 3547
     38 3548
     24 3549
     40 3550
     21 3551
     29 3552
     26 3553
     23 3554
     26 3555
     28 3556
     26 3557
     29 3558
     29 3559
     26 3560
     31 3561
     32 3562
     35 3563
     33 3564
     28 3565
     32 3566
     26 3567
     37 3568
     21 3569
     31 3570
     26 3571
     32 3572
     37 3573
     36 3574
     37 3575
     33 3576
     36 3577
     30 3578
     33 3579
     42 3580
     33 3581
     24 3582
     31 3583
     22 3584
     27 3585
     28 3586
     23 3587
     31 3588
     35 3589
     28 3590
     32 3591
     31 3592
     34 3593
     32 3594
     30 3595
     25 3596
     26 3597
     42 3598
     28 3599
     34 3600
     39 3601
     36 3602
     28 3603
     28 3604
     28 3605
     40 3606
     30 3607
     32 3608
     23 3609
     32 3610
     27 3611
     25 3612
     29 3613
     32 3614
     26 3615
     31 3616
     41 3617
     27 3618
     40 3619
     25 3620
     28 3621
     45 3622
     31 3623
     28 3624
     27 3625
     37 3626
     41 3627
     35 3628
     32 3629
     37 3630
     28 3631
     32 3632
     29 3633
     29 3634
     36 3635
     32 3636
     32 3637
     39 3638
     29 3639
     38 3640
     36 3641
     22 3642
     36 3643
     21 3644
     22 3645
     26 3646
     39 3647
     29 3648
     27 3649
     38 3650
     16 3651
     51 3652
     36 3653
     26 3654
     21 3655
     26 3656
     29 3657
     25 3658
     36 3659
     29 3660
     35 3661
     24 3662
     29 3663
     32 3664
     36 3665
     31 3666
     24 3667
     26 3668
     23 3669
     28 3670
     28 3671
     33 3672
     34 3673
     38 3674
     41 3675
     31 3676
     22 3677
     37 3678
     37 3679
     34 3680
     47 3681
     37 3682
     31 3683
     43 3684
     30 3685
     49 3686
     37 3687
     35 3688
     31 3689
     43 3690
     27 3691
     25 3692
     33 3693
     36 3694
     33 3695
     23 3696
     35 3697
     36 3698
     32 3699
     35 3700
     42 3701
     36 3702
     45 3703
     29 3704
     35 3705
     24 3706
     34 3707
     34 3708
     34 3709
     37 3710
     33 3711
     27 3712
     43 3713
     41 3714
     41 3715
     30 3716
     33 3717
     30 3718
     34 3719
     38 3720
     29 3721
     33 3722
     24 3723
     38 3724
     26 3725
     27 3726
     28 3727
     33 3728
     32 3729
     41 3730
     20 3731
     28 3732
     29 3733
     37 3734
     33 3735
     36 3736
     34 3737
     46 3738
     35 3739
     43 3740
     37 3741
     28 3742
     43 3743
     30 3744
     35 3745
     30 3746
     28 3747
     45 3748
     28 3749
     23 3750
     27 3751
     21 3752
     25 3753
     29 3754
     26 3755
     17 3756
     31 3757
     22 3758
     33 3759
     31 3760
     29 3761
     27 3762
     20 3763
     23 3764
     26 3765
     29 3766
     22 3767
     31 3768
     37 3769
     33 3770
     30 3771
     22 3772
     33 3773
     24 3774
     37 3775
     30 3776
     23 3777
     25 3778
     30 3779
     35 3780
     22 3781
     27 3782
     29 3783
     29 3784
     35 3785
     21 3786
     26 3787
     24 3788
     21 3789
     23 3790
     25 3791
     31 3792
     26 3793
     30 3794
     26 3795
     32 3796
     35 3797
     24 3798
     32 3799
     21 3800
     25 3801
     25 3802
     32 3803
     27 3804
     18 3805
     29 3806
     23 3807
     30 3808
     28 3809
     17 3810
     32 3811
     33 3812
     25 3813
     27 3814
     34 3815
     28 3816
     23 3817
     18 3818
     20 3819
     21 3820
     34 3821
     32 3822
     24 3823
     20 3824
     26 3825
     19 3826
     32 3827
     33 3828
     27 3829
     30 3830
     25 3831
     33 3832
     23 3833
     28 3834
     23 3835
     24 3836
     24 3837
     24 3838
     20 3839
     31 3840
     21 3841
     23 3842
     26 3843
     25 3844
     25 3845
     26 3846
     26 3847
     27 3848
     28 3849
     27 3850
     33 3851
     25 3852
     17 3853
     31 3854
     27 3855
     18 3856
     24 3857
     20 3858
     30 3859
     27 3860
     17 3861
     24 3862
     31 3863
     27 3864
     17 3865
     29 3866
     26 3867
     22 3868
     21 3869
     22 3870
     23 3871
     29 3872
     19 3873
     26 3874
     28 3875
     23 3876
     16 3877
     19 3878
     30 3879
     30 3880
     16 3881
     34 3882
     26 3883
     28 3884
     23 3885
     24 3886
     33 3887
     31 3888
     30 3889
     28 3890
     22 3891
     21 3892
     26 3893
     27 3894
     15 3895
     18 3896
      9 3897
     25 3898
     20 3899
     36 3900
     24 3901
     27 3902
     18 3903
     18 3904
     18 3905
     33 3906
     25 3907
     35 3908
     33 3909
     29 3910
     24 3911
     22 3912
     42 3913
     30 3914
     18 3915
     21 3916
     28 3917
     28 3918
     25 3919
     32 3920
     23 3921
     25 3922
     23 3923
     21 3924
     29 3925
     20 3926
     31 3927
     21 3928
     22 3929
     16 3930
     31 3931
     33 3932
     18 3933
     23 3934
     20 3935
     23 3936
     32 3937
     29 3938
     28 3939
     26 3940
     25 3941
     29 3942
     26 3943
     25 3944
     20 3945
     29 3946
     29 3947
     30 3948
     26 3949
     21 3950
     23 3951
     16 3952
     21 3953
     30 3954
     22 3955
     27 3956
     18 3957
     26 3958
     27 3959
     28 3960
     23 3961
     23 3962
     18 3963
     23 3964
     25 3965
     24 3966
     26 3967
     16 3968
     29 3969
     27 3970
     21 3971
     21 3972
     29 3973
     22 3974
     28 3975
     27 3976
     26 3977
     27 3978
     16 3979
     16 3980
     32 3981
     25 3982
     21 3983
     21 3984
     25 3985
     21 3986
     22 3987
     25 3988
     35 3989
     23 3990
     22 3991
     29 3992
     26 3993
     24 3994
     24 3995
     26 3996
     22 3997
     25 3998
     26 3999
     20 4000
     16 4001
     24 4002
     27 4003
     34 4004
     31 4005
     26 4006
     24 4007
     31 4008
     31 4009
     25 4010
     27 4011
     20 4012
     34 4013
     21 4014
     22 4015
     27 4016
     26 4017
     23 4018
     27 4019
     24 4020
     17 4021
     17 4022
     19 4023
     16 4024
     28 4025
     22 4026
     25 4027
     22 4028
     26 4029
     25 4030
     25 4031
     20 4032
     25 4033
     23 4034
     19 4035
     21 4036
     26 4037
     23 4038
     18 4039
     15 4040
     30 4041
     26 4042
     25 4043
     15 4044
     25 4045
     18 4046
     29 4047
     14 4048
     17 4049
     19 4050
     28 4051
     15 4052
     15 4053
     14 4054
     24 4055
     19 4056
     18 4057
     21 4058
     21 4059
     23 4060
     15 4061
     23 4062
     21 4063
     28 4064
     23 4065
     24 4066
     19 4067
     26 4068
     19 4069
     20 4070
     20 4071
     20 4072
     16 4073
     17 4074
     14 4075
     26 4076
     11 4077
     17 4078
     19 4079
     18 4080
     23 4081
     14 4082
     19 4083
     22 4084
     18 4085
     14 4086
     17 4087
     16 4088
     18 4089
     19 4090
     24 4091
     18 4092
     12 4093
     13 4094
     19 4095
     12 4096
     20 4097
     17 4098
     19 4099
     14 4100
     20 4101
      8 4102
     19 4103
     15 4104
     16 4105
     12 4106
     18 4107
     12 4108
     16 4109
     13 4110
     17 4111
      8 4112
     19 4113
     18 4114
     20 4115
     13 4116
     17 4117
     12 4118
     15 4119
     16 4120
     12 4121
     16 4122
     21 4123
     11 4124
     14 4125
     21 4126
     19 4127
     12 4128
     20 4129
     17 4130
     21 4131
     17 4132
     15 4133
     14 4134
     15 4135
     16 4136
     22 4137
     12 4138
     13 4139
     23 4140
     12 4141
     18 4142
     16 4143
     18 4144
     13 4145
     22 4146
     11 4147
     17 4148
     13 4149
     12 4150
     15 4151
     16 4152
     21 4153
      8 4154
     23 4155
     18 4156
     16 4157
     17 4158
     10 4159
     17 4160
     12 4161
     14 4162
      8 4163
     16 4164
     12 4165
     19 4166
     14 4167
     12 4168
     12 4169
     18 4170
     17 4171
     11 4172
      8 4173
     10 4174
     14 4175
     10 4176
     14 4177
     12 4178
     17 4179
     16 4180
     12 4181
     18 4182
     11 4183
     10 4184
     12 4185
     17 4186
     17 4187
     15 4188
     19 4189
     15 4190
     15 4191
     14 4192
     13 4193
      8 4194
     13 4195
     13 4196
      9 4197
     13 4198
      7 4199
     12 4200
     11 4201
     19 4202
     13 4203
      9 4204
      6 4205
     13 4206
     13 4207
      7 4208
     10 4209
     19 4210
     13 4211
     13 4212
     13 4213
     11 4214
      9 4215
     11 4216
      9 4217
     13 4218
      7 4219
     11 4220
     11 4221
     10 4222
     11 4223
      8 4224
      8 4225
      8 4226
     11 4227
     14 4228
     10 4229
      8 4230
     12 4231
      9 4232
      7 4233
      7 4234
      8 4235
      6 4236
     11 4237
     13 4238
      7 4239
      7 4240
     10 4241
      7 4242
     10 4243
      9 4244
     11 4245
      6 4246
      8 4247
      7 4248
      8 4249
      6 4250
      8 4251
      6 4252
      9 4253
     12 4254
      8 4255
      2 4256
      4 4257
     10 4258
      8 4259
     17 4260
     13 4261
      8 4262
      9 4263
     11 4264
      7 4265
     11 4266
      7 4267
     12 4268
      9 4269
      9 4270
     11 4271
     10 4272
      7 4273
      9 4274
      6 4275
     10 4276
     11 4277
     12 4278
      8 4279
     17 4280
      8 4281
     15 4282
      8 4283
      9 4284
      4 4285
      8 4286
      7 4287
      9 4288
      6 4289
      8 4290
      3 4291
      4 4292
      5 4293
      9 4294
      7 4295
      5 4296
      9 4297
      5 4298
     13 4299
     10 4300
     10 4301
     10 4302
      6 4303
      5 4304
      9 4305
     11 4306
      9 4307
      7 4308
      7 4309
     13 4310
     12 4311
      5 4312
      8 4313
      6 4314
      8 4315
      6 4316
      8 4317
      7 4318
      8 4319
      8 4320
      5 4321
      4 4322
      3 4323
     11 4324
      7 4325
      8 4326
      8 4327
      9 4328
      4 4329
      9 4330
      9 4331
     10 4332
      5 4333
      9 4334
     14 4335
      7 4336
     10 4337
      6 4338
      8 4339
      6 4340
      5 4341
      4 4342
     11 4343
      5 4344
      9 4345
      7 4346
      6 4347
      9 4348
     12 4349
      7 4350
      4 4351
      5 4352
     12 4353
     11 4354
      7 4355
     12 4356
      7 4357
     17 4358
      8 4359
      6 4360
      4 4361
      4 4362
     10 4363
      7 4364
      9 4365
     10 4366
      4 4367
      8 4368
     10 4369
     10 4370
      7 4371
      9 4372
      5 4373
      8 4374
      9 4375
      3 4376
      7 4377
      7 4378
      7 4379
      7 4380
      9 4381
     10 4382
      9 4383
      4 4384
     11 4385
      5 4386
      4 4387
      7 4388
      7 4389
      3 4390
      8 4391
      9 4392
      5 4393
      7 4394
      6 4395
     10 4396
      9 4397
      5 4398
      6 4399
     11 4400
     10 4401
     13 4402
      8 4403
      9 4404
      2 4405
      5 4406
      5 4407
      7 4408
      9 4409
      6 4410
      4 4411
      6 4412
      6 4413
     11 4414
      8 4415
      5 4416
      3 4417
      7 4418
      8 4419
      8 4420
      7 4421
      6 4422
      4 4423
     11 4424
      8 4425
      4 4426
      8 4427
      4 4428
      7 4429
      5 4430
     10 4431
      9 4432
     12 4433
     10 4434
      9 4435
      4 4436
      6 4437
     11 4438
      6 4439
     12 4440
      3 4441
      6 4442
      7 4443
      5 4444
      7 4445
      9 4446
      5 4447
      8 4448
      7 4449
      6 4450
      7 4451
     14 4452
      9 4453
      7 4454
      8 4455
      8 4456
     12 4457
     10 4458
     12 4459
     11 4460
     11 4461
     12 4462
      5 4463
      5 4464
      4 4465
     14 4466
      7 4467
      6 4468
     11 4469
     11 4470
      8 4471
     10 4472
      6 4473
      6 4474
      6 4475
      6 4476
      4 4477
      8 4478
      6 4479
      9 4480
      6 4481
      8 4482
      6 4483
      7 4484
     11 4485
      8 4486
      5 4487
      8 4488
      6 4489
     11 4490
      5 4491
     10 4492
      5 4493
      3 4494
      5 4495
      8 4496
     11 4497
     11 4498
     10 4499
      3 4500
      7 4501
      4 4502
      4 4503
      9 4504
      8 4505
      9 4506
      5 4507
      7 4508
      9 4509
      7 4510
      3 4511
     10 4512
      7 4513
      5 4514
     10 4515
      8 4516
      3 4517
      2 4518
     14 4519
     11 4520
     10 4521
      3 4522
      5 4523
     12 4524
      7 4525
      5 4526
      7 4527
      9 4528
      6 4529
      2 4530
      3 4531
      2 4532
      4 4533
     13 4534
      7 4535
      4 4536
      5 4537
      5 4538
      5 4539
      8 4540
      4 4541
     12 4542
      8 4543
      5 4544
      5 4545
      3 4546
      6 4547
      8 4548
      5 4549
     11 4550
     10 4551
      9 4552
      5 4553
      6 4554
      6 4555
      4 4556
      5 4557
      8 4558
      6 4559
      3 4560
      8 4561
      5 4562
      5 4563
      5 4564
      7 4565
      5 4566
      5 4567
      4 4568
      4 4569
     10 4570
      6 4571
      2 4572
      3 4573
      5 4574
      4 4575
      9 4576
      7 4577
      3 4578
      8 4579
      4 4580
      9 4581
      4 4582
      4 4583
      1 4584
      6 4585
      9 4586
      9 4587
      2 4588
      5 4589
      5 4590
      6 4591
     10 4592
      9 4593
      6 4594
      7 4595
      3 4596
      6 4597
      5 4598
      5 4599
      4 4600
      7 4601
      2 4602
      3 4603
     10 4604
      2 4605
      6 4606
      2 4607
      5 4608
      5 4609
      3 4610
      4 4611
      7 4612
      7 4613
      3 4614
      8 4615
      7 4616
      4 4617
      3 4618
      6 4619
      5 4620
      6 4621
      6 4622
      7 4623
      9 4624
      3 4625
      5 4626
      6 4627
      5 4628
      2 4629
      9 4630
      4 4631
      4 4632
      6 4633
      3 4634
      7 4635
     10 4636
      7 4637
      7 4638
      2 4639
      7 4640
      3 4641
      4 4642
      6 4643
      3 4644
      5 4645
      3 4646
      7 4647
      6 4648
      5 4649
      8 4650
      7 4651
      7 4652
      2 4653
      6 4654
      7 4655
      5 4656
     11 4657
      4 4658
      7 4659
      4 4660
      4 4661
      3 4662
      3 4663
      6 4664
      4 4665
      5 4666
      4 4667
      8 4668
      6 4669
      7 4670
      3 4671
      9 4672
      7 4673
      7 4674
      7 4675
      5 4676
      7 4677
      7 4678
      4 4679
      5 4680
      5 4681
      7 4682
      3 4683
      7 4684
      9 4685
      4 4686
      8 4687
      6 4688
      4 4689
      5 4690
      5 4691
      2 4692
      3 4693
      3 4694
     13 4695
     11 4696
      4 4697
      8 4698
      5 4699
      7 4700
      6 4701
      6 4702
     10 4703
      3 4704
     12 4705
     10 4706
      5 4707
      8 4708
      8 4709
      9 4710
      8 4711
      9 4712
      8 4713
      5 4714
      4 4715
      5 4716
      8 4717
      8 4718
      5 4719
      5 4720
      7 4721
     10 4722
      5 4723
      9 4724
      9 4725
     13 4726
      8 4727
     10 4728
      4 4729
     10 4730
      2 4731
      6 4732
     10 4733
      3 4734
      6 4735
      8 4736
      4 4737
      7 4738
      3 4739
      9 4740
      7 4741
     12 4742
      7 4743
      9 4744
     10 4745
      6 4746
      5 4747
      9 4748
     10 4749
     10 4750
     14 4751
      4 4752
      6 4753
      7 4754
      8 4755
      8 4756
     10 4757
      4 4758
      6 4759
      7 4760
      6 4761
      6 4762
      5 4763
      8 4764
      9 4765
      4 4766
      4 4767
      9 4768
      5 4769
      6 4770
      6 4771
      7 4772
      6 4773
      6 4774
      6 4775
      3 4776
      3 4777
      8 4778
      8 4779
      4 4780
     13 4781
      4 4782
      4 4783
      6 4784
      3 4785
      7 4786
      6 4787
      8 4788
      5 4789
      7 4790
      2 4791
      5 4792
      3 4793
      3 4794
      4 4795
      6 4796
      7 4797
      8 4798
      4 4799
      5 4800
      3 4801
      7 4802
      5 4803
      8 4804
      4 4805
      3 4806
      4 4807
      6 4808
      5 4809
      4 4810
      5 4811
      2 4812
      9 4813
      6 4814
      2 4815
      7 4816
      2 4817
      5 4818
      6 4819
      5 4820
     10 4821
      3 4822
      5 4823
      3 4824
      5 4825
      2 4826
      1 4827
      5 4828
      1 4829
      5 4830
      5 4831
      5 4832
     11 4833
      8 4834
      4 4835
     10 4836
      2 4837
      7 4838
      4 4839
     13 4840
      1 4841
      7 4842
      6 4843
      5 4844
      1 4845
      5 4846
      5 4847
      6 4848
      2 4849
      3 4850
      4 4851
      3 4852
      6 4853
      5 4854
      1 4855
      6 4856
      4 4857
      2 4858
      4 4859
      6 4860
      1 4861
      4 4862
      1 4863
      7 4864
      2 4865
      4 4866
      4 4867
      3 4868
      8 4869
      6 4870
      8 4871
      8 4872
      3 4873
      8 4874
      3 4875
      9 4876
      5 4877
      2 4878
      7 4879
      4 4880
      8 4881
      4 4882
      5 4883
      2 4884
      2 4885
      1 4886
      8 4887
      3 4888
      5 4889
      8 4890
      5 4891
      2 4892
      3 4894
      5 4895
      3 4896
      4 4897
      5 4898
      6 4899
      7 4900
      4 4901
      3 4902
      6 4903
      4 4904
      4 4905
      4 4906
      8 4907
      6 4908
      3 4909
      6 4910
      5 4911
      5 4912
      4 4913
      5 4914
      6 4915
      6 4916
      2 4917
      3 4918
      2 4919
      2 4920
      5 4921
      3 4922
      8 4923
      3 4924
      5 4925
      4 4926
      3 4927
      4 4928
      6 4929
      5 4930
      5 4931
      6 4932
      5 4933
      6 4934
      6 4935
      5 4936
      2 4937
      1 4938
      6 4939
      4 4940
      4 4941
      3 4942
      7 4943
      4 4944
      4 4945
      3 4946
      6 4947
      9 4948
      7 4949
      6 4950
      4 4951
      6 4952
      4 4953
      4 4954
      2 4955
      6 4956
      3 4957
      2 4958
      6 4959
      9 4960
      7 4961
      4 4962
      3 4963
      4 4964
      2 4965
      7 4966
      4 4967
      8 4968
      4 4969
      5 4970
      3 4971
      4 4972
      4 4973
      4 4974
      5 4975
      5 4976
      2 4977
      5 4978
      3 4979
      6 4980
      4 4981
      3 4982
      5 4983
      6 4984
      8 4985
      4 4986
      5 4987
      9 4988
      1 4989
      2 4990
      2 4991
      4 4992
      4 4993
      7 4994
      6 4995
      4 4996
     10 4997
      3 4998
      1 4999
      4 5000
      5 5001
      6 5002
      3 5003
      6 5004
      6 5005
      6 5006
      1 5007
      2 5008
      5 5009
      4 5010
      4 5011
      4 5012
      5 5013
      5 5014
      5 5015
      4 5016
      4 5017
      4 5018
      5 5019
      1 5020
      4 5021
      4 5022
      5 5023
      5 5024
      3 5025
      5 5026
      5 5027
      4 5028
      3 5029
      2 5030
      1 5031
      5 5032
      5 5033
      7 5034
      2 5035
      7 5036
      3 5037
      3 5038
      1 5040
      5 5041
      2 5042
      3 5043
      3 5044
      4 5045
      3 5046
      2 5047
      4 5048
      3 5049
      5 5050
      1 5051
      2 5052
      1 5053
      2 5054
      5 5055
      3 5056
      4 5057
      5 5058
      5 5059
      1 5060
      6 5061
      4 5062
      3 5063
      2 5064
      8 5065
      5 5066
      5 5067
      5 5068
      4 5069
      2 5070
      5 5071
      2 5072
      1 5073
      6 5074
      3 5075
      5 5076
      3 5077
      6 5078
      8 5079
      5 5080
      4 5081
      6 5082
      4 5083
      4 5084
      6 5085
      3 5086
      4 5087
      2 5088
      2 5089
      7 5090
      6 5091
      9 5092
      5 5093
      4 5094
      5 5095
      3 5096
      4 5097
      3 5098
      5 5099
      5 5100
      7 5101
      2 5102
      4 5103
      5 5104
      6 5105
      6 5106
      1 5107
      6 5108
      3 5109
      7 5110
      2 5111
      7 5112
      5 5113
      4 5114
      6 5115
      6 5116
      6 5117
      2 5118
      3 5119
      3 5120
      5 5121
      3 5122
      6 5123
     11 5124
      4 5126
      3 5128
      2 5129
      5 5130
      4 5131
      3 5132
      6 5133
      3 5134
      7 5135
      5 5136
      2 5137
      4 5138
      8 5139
      6 5140
      4 5141
      3 5142
      1 5143
      4 5144
      2 5145
      6 5146
      2 5147
      3 5148
      1 5149
      3 5150
      4 5151
      3 5152
      5 5153
      1 5154
      6 5155
      4 5156
      5 5157
      6 5159
      4 5160
      9 5161
      4 5162
      4 5163
      2 5164
      6 5165
      2 5166
      2 5167
      8 5168
      5 5169
      3 5170
      2 5171
      4 5172
      3 5173
      4 5174
      1 5175
      2 5176
      3 5177
      1 5178
      5 5179
      4 5180
      3 5181
      3 5182
      3 5183
      3 5184
      2 5185
      3 5186
      2 5187
      4 5188
      3 5189
      8 5190
      3 5191
      1 5192
      6 5193
      4 5194
      1 5195
      2 5196
      3 5197
      3 5198
      6 5199
      3 5200
      4 5201
      2 5202
      5 5203
      3 5205
      5 5206
      4 5207
      1 5208
      2 5209
      2 5210
      2 5212
      2 5214
      5 5215
      1 5216
      5 5217
      3 5218
      2 5219
      2 5220
      3 5221
      2 5223
      3 5224
      1 5225
      3 5226
      2 5227
      4 5228
      4 5229
      2 5230
      1 5231
      5 5232
      4 5233
      2 5234
      7 5235
      7 5236
      2 5237
      3 5238
      3 5239
      2 5240
      2 5241
      4 5242
      4 5243
      1 5244
      6 5245
      4 5246
      1 5247
      1 5248
      2 5250
      5 5251
      5 5252
      6 5253
      3 5254
      3 5255
      3 5256
      5 5257
      3 5258
      1 5259
      4 5260
      3 5261
      2 5262
      5 5263
      6 5264
      3 5265
      6 5266
      5 5267
      6 5268
      6 5269
      2 5270
      4 5271
      1 5273
      2 5274
      3 5275
      2 5276
      1 5277
      5 5278
      1 5279
      1 5280
      3 5281
      2 5282
      3 5283
      2 5284
      5 5285
      2 5287
      4 5288
      5 5289
      3 5290
      1 5291
      1 5293
      2 5294
      4 5295
      3 5297
      2 5298
      3 5299
      1 5300
      2 5301
      4 5302
      3 5303
      4 5304
      3 5305
      2 5306
      6 5307
      2 5308
      4 5309
      4 5310
      2 5311
      5 5312
      4 5313
      1 5314
      2 5315
      3 5316
      2 5318
      2 5319
      3 5320
      5 5321
      5 5322
      5 5323
      1 5324
      6 5325
      6 5326
      5 5327
      3 5328
      2 5329
      5 5330
      3 5331
      6 5332
      2 5333
      1 5334
      3 5335
      2 5337
      2 5338
      4 5339
      2 5340
      3 5341
      1 5342
      4 5343
      3 5344
      1 5345
      2 5347
      3 5348
      5 5349
      2 5350
      7 5352
      5 5353
      1 5354
      2 5355
      2 5356
      1 5357
      2 5358
      4 5360
      3 5361
      3 5362
      3 5363
      3 5365
      1 5366
      4 5368
      2 5369
      3 5370
      3 5371
      2 5372
      2 5374
      5 5375
      3 5376
      3 5377
      2 5378
      3 5379
      5 5380
      3 5381
      2 5383
      2 5385
      1 5386
      3 5387
      2 5388
      4 5389
      7 5390
      1 5391
      1 5392
      4 5393
      2 5394
      3 5395
      3 5396
      2 5397
      4 5398
      2 5399
      1 5400
      3 5401
      2 5402
      4 5403
      4 5404
      4 5405
      4 5407
      4 5408
      4 5409
      1 5411
      4 5412
      1 5414
      3 5415
      5 5416
      4 5417
      2 5418
      2 5419
      1 5420
      2 5421
      3 5422
      1 5423
      2 5424
      3 5425
      4 5426
      3 5427
      1 5428
      3 5429
      1 5430
      3 5431
      1 5432
      1 5433
      3 5434
      5 5435
      3 5436
      1 5437
      4 5438
      1 5439
      1 5440
      3 5441
      3 5442
      1 5443
      1 5444
      1 5445
      4 5446
      1 5447
      3 5448
      2 5450
      1 5451
      2 5452
      2 5453
      7 5454
      4 5455
      2 5456
      1 5457
      3 5458
      4 5459
      2 5460
      5 5461
      6 5462
      5 5463
      1 5464
      1 5465
      6 5466
      5 5467
      4 5468
      2 5469
      5 5470
      2 5471
      2 5472
      2 5473
      2 5474
      2 5475
      2 5476
      1 5477
      3 5478
      4 5479
      3 5480
      3 5481
      2 5482
      6 5483
      3 5484
      2 5486
      7 5487
      2 5488
      5 5489
      1 5490
      4 5491
      4 5492
      1 5493
      2 5494
      3 5495
      5 5496
      6 5497
      3 5498
      3 5499
      3 5500
      2 5501
      3 5502
      5 5503
      1 5504
      1 5505
      1 5506
      4 5507
      1 5508
      5 5510
      2 5511
      2 5512
      5 5513
      3 5514
      3 5515
      6 5516
      3 5517
      3 5518
      3 5519
      2 5520
      1 5521
      2 5522
      5 5523
      3 5524
      4 5525
      1 5526
      2 5527
      2 5528
      5 5529
      7 5530
      1 5531
      6 5532
      6 5533
      1 5534
      3 5535
      4 5536
      5 5537
      1 5538
      1 5539
      3 5540
      2 5541
      4 5542
      7 5543
      6 5544
      3 5545
      3 5546
      1 5547
      4 5548
      1 5550
      7 5551
      1 5552
      8 5553
      2 5554
      6 5555
      3 5556
      7 5557
      3 5558
      2 5559
      6 5560
      5 5561
      5 5562
      2 5564
      7 5565
      6 5566
      6 5567
      7 5568
      3 5569
      3 5570
      1 5571
      5 5572
      3 5573
      4 5574
      3 5575
      4 5576
      4 5577
      2 5578
      8 5579
      5 5580
      6 5581
      5 5582
      5 5583
      3 5584
      7 5585
      3 5586
      4 5587
      4 5588
      3 5590
      4 5591
      5 5592
      7 5593
      6 5594
      5 5595
      3 5596
      6 5597
      6 5598
      8 5599
      5 5600
      8 5601
      3 5602
      1 5603
      2 5605
      2 5606
      5 5607
      3 5608
      1 5609
      2 5610
      1 5611
      2 5612
      4 5613
      4 5614
      4 5615
      1 5616
      2 5617
      3 5618
      1 5619
      7 5620
      3 5621
      1 5622
      4 5623
      1 5624
      3 5626
      3 5627
      2 5628
      3 5629
      1 5630
      3 5631
      2 5632
      2 5633
      4 5634
      4 5635
      1 5636
      2 5637
     10 5638
      1 5639
      4 5640
      6 5641
      3 5642
      4 5643
      1 5644
      3 5645
      2 5646
      5 5647
      2 5648
      6 5649
      5 5650
      2 5651
      3 5652
      4 5653
      4 5654
      5 5655
      2 5656
      3 5657
      3 5658
      3 5659
      5 5660
      3 5661
      1 5662
      5 5663
      3 5664
      5 5665
      6 5666
      3 5667
      3 5669
      4 5670
      1 5671
      4 5672
      2 5673
      7 5676
      3 5677
      2 5678
      4 5679
      2 5680
      3 5681
      3 5682
      2 5683
      4 5684
      6 5685
      4 5686
      2 5687
      1 5688
      5 5689
      2 5690
      1 5691
      1 5692
      3 5693
      2 5694
      2 5695
      2 5696
      5 5697
      2 5698
      4 5699
      3 5700
      4 5701
      3 5702
      3 5703
      4 5704
      1 5705
      1 5706
      2 5708
      2 5710
      3 5711
      2 5712
      4 5713
      3 5714
      2 5715
      4 5716
      3 5717
      3 5719
      4 5720
      6 5721
      2 5723
      3 5724
      5 5725
      4 5726
      2 5727
      1 5728
      5 5729
      3 5730
      3 5731
      2 5732
      1 5733
      3 5734
      2 5735
      1 5736
      2 5738
      3 5739
      3 5740
      2 5741
      3 5743
      3 5744
      3 5745
      1 5746
      5 5747
      2 5748
      2 5749
      5 5750
      2 5751
      1 5752
      2 5753
      1 5754
      3 5755
      3 5756
      2 5757
      3 5758
      2 5759
      4 5760
      3 5761
      2 5762
      4 5764
      4 5765
      2 5767
      4 5768
      2 5769
      2 5770
      6 5771
      1 5772
      2 5773
      3 5774
      2 5776
      1 5777
      2 5778
      6 5779
      1 5780
      2 5781
      7 5782
      2 5783
      5 5784
      1 5785
      4 5786
      1 5787
      1 5788
      1 5789
      1 5790
      3 5791
      1 5792
      1 5793
      3 5794
      1 5795
      4 5796
      1 5797
      2 5798
      2 5799
      1 5800
      4 5801
      2 5803
      1 5804
      1 5805
      1 5806
      1 5807
      1 5808
      3 5809
      1 5810
      3 5811
      4 5812
      1 5813
      1 5814
      3 5815
      1 5816
      2 5817
      3 5818
      1 5819
      4 5820
      3 5821
      1 5822
      1 5823
      4 5825
      1 5826
      2 5827
      3 5828
      3 5829
      5 5830
      1 5831
      1 5832
      1 5833
      1 5835
      3 5836
      1 5837
      2 5838
      3 5839
      2 5841
      4 5842
      2 5843
      2 5844
      1 5845
      1 5847
      3 5848
      2 5849
      2 5850
      1 5851
      1 5852
      2 5853
      3 5854
      1 5855
      2 5856
      2 5857
      1 5858
      2 5859
      4 5860
      4 5861
      2 5862
      3 5864
      2 5865
      1 5866
      2 5867
      1 5868
      1 5869
      2 5870
      1 5872
      3 5873
      4 5874
      2 5875
      2 5876
      1 5877
      1 5879
      3 5880
      3 5881
      2 5882
      4 5883
      1 5884
      2 5885
      4 5887
      2 5888
      4 5889
      4 5890
      2 5891
      6 5892
      1 5893
      3 5894
      3 5895
      1 5896
      5 5897
      2 5898
      2 5899
      7 5900
      2 5902
      1 5903
      5 5904
      3 5905
      3 5906
      5 5909
      4 5910
      4 5911
      3 5912
      1 5913
      1 5914
      3 5915
      1 5916
      3 5917
      2 5918
      5 5919
      2 5920
      1 5921
      3 5922
      6 5923
      3 5924
      1 5925
      3 5926
      2 5927
      5 5928
      5 5930
      3 5931
      2 5932
      1 5934
      5 5935
      1 5936
      3 5937
      1 5939
      1 5940
      3 5941
      2 5942
      2 5943
      3 5944
      1 5945
      5 5946
      2 5947
      2 5948
      2 5949
      4 5950
      3 5951
      1 5952
      4 5953
      1 5954
      3 5955
      5 5956
      5 5957
      3 5958
      1 5959
      1 5960
      1 5961
      1 5962
      1 5963
      2 5964
      3 5965
      3 5967
      2 5968
      3 5969
      1 5970
      2 5971
      2 5972
      1 5973
      2 5974
      3 5975
      2 5976
      1 5977
      1 5978
      3 5979
      3 5980
      2 5981
      3 5983
      2 5984
      4 5985
      2 5986
      1 5987
      2 5988
      5 5989
      2 5990
      2 5991
      3 5992
      2 5993
      2 5995
      1 5996
      1 5997
      2 5998
      4 5999
      1 6000
      1 6001
      2 6003
      1 6004
      1 6005
      1 6007
      2 6013
      1 6014
      2 6015
      1 6017
      1 6020
      4 6021
      1 6022
      1 6024
      4 6025
      1 6026
      3 6027
      2 6028
      2 6029
      2 6031
      1 6032
      3 6033
      1 6034
      3 6035
      1 6037
      1 6038
      4 6039
      1 6041
      3 6042
      3 6043
      3 6044
      2 6045
      5 6046
      2 6047
      3 6048
      2 6049
      2 6050
      5 6052
      1 6053
      2 6054
      1 6055
      1 6056
      3 6057
      2 6059
      1 6060
      2 6061
      1 6063
      1 6064
      3 6066
      2 6067
      1 6068
      1 6069
      3 6070
      3 6071
      1 6072
      2 6073
      2 6076
      4 6077
      3 6078
      1 6079
      1 6080
      1 6081
      1 6083
      2 6084
      4 6085
      4 6086
      1 6087
      4 6088
      3 6089
      2 6090
      1 6091
      2 6092
      2 6093
      1 6094
      1 6095
      1 6096
      2 6097
      2 6098
      1 6099
      1 6100
      3 6102
      3 6104
      3 6106
      1 6107
      1 6108
      2 6109
      3 6110
      3 6112
      1 6114
      3 6117
      1 6120
      3 6121
      2 6122
      1 6124
      2 6125
      5 6126
      5 6128
      1 6129
      1 6131
      1 6132
      1 6134
      3 6136
      1 6137
      3 6138
      2 6139
      2 6140
      2 6141
      1 6142
      3 6143
      1 6144
      1 6145
      3 6146
      2 6147
      2 6148
      3 6149
      1 6151
      1 6152
      1 6153
      3 6154
      1 6155
      1 6156
      2 6157
      2 6158
      5 6160
      1 6161
      1 6163
      1 6165
      4 6166
      1 6167
      3 6168
      2 6169
      2 6171
      2 6172
      5 6173
      1 6175
      2 6177
      1 6178
      1 6179
      2 6181
      1 6182
      1 6184
      1 6185
      2 6186
      1 6188
      1 6189
      1 6190
      1 6191
      4 6193
      3 6194
      2 6195
      4 6197
      1 6199
      1 6200
      2 6201
      2 6203
      3 6205
      1 6206
      3 6208
      1 6210
      1 6211
      1 6213
      2 6214
      3 6215
      2 6216
      1 6217
      2 6218
      2 6220
      2 6223
      4 6224
      1 6225
      2 6226
      3 6227
      2 6230
      2 6231
      1 6232
      2 6233
      3 6234
      1 6235
      1 6237
      2 6239
      1 6241
      1 6242
      2 6243
      5 6244
      2 6245
      2 6250
      2 6251
      2 6252
      4 6253
      3 6256
      4 6257
      1 6258
      1 6260
      1 6262
      1 6263
      2 6264
      3 6265
      1 6268
      1 6269
      1 6270
      2 6271
      1 6272
      1 6274
      1 6275
      1 6276
      1 6277
      2 6278
      3 6279
      1 6280
      1 6281
      2 6282
      2 6285
      1 6286
      1 6287
      1 6289
      2 6290
      1 6291
      1 6292
      4 6293
      2 6294
      2 6295
      5 6296
      1 6297
      1 6298
      1 6299
      1 6300
      3 6301
      1 6302
      1 6303
      3 6304
      3 6308
      1 6309
      4 6310
      2 6311
      1 6313
      1 6314
      1 6315
      1 6317
      2 6319
      1 6320
      2 6321
      3 6323
      2 6324
      1 6325
      1 6326
      2 6331
      1 6332
      3 6333
      1 6334
      1 6335
      1 6336
      2 6337
      2 6338
      7 6340
      4 6341
      1 6342
      1 6343
      2 6344
      3 6345
      2 6346
      3 6347
      1 6348
      1 6349
      2 6351
      3 6352
      1 6353
      1 6354
      1 6355
      1 6356
      3 6359
      3 6362
      2 6363
      3 6365
      1 6367
      1 6368
      1 6371
      1 6373
      2 6374
      5 6375
      2 6377
      2 6378
      1 6379
      1 6380
      1 6381
      1 6382
      5 6383
      2 6384
      1 6386
      1 6388
      1 6389
      2 6390
      1 6392
      1 6393
      2 6394
      1 6397
      1 6398
      2 6399
      3 6400
      1 6401
      2 6402
      2 6403
      1 6404
      1 6405
      1 6407
      1 6408
      2 6410
      1 6411
      1 6412
      1 6413
      6 6414
      1 6415
      3 6417
      1 6418
      2 6419
      4 6420
      2 6421
      2 6422
      1 6423
      1 6425
      4 6426
      2 6427
      3 6428
      1 6429
      1 6430
      1 6431
      1 6432
      1 6433
      1 6435
      4 6436
      2 6437
      2 6438
      2 6439
      1 6440
      1 6441
      3 6442
      1 6443
      1 6444
      3 6445
      1 6448
      2 6449
      1 6451
      2 6452
      1 6453
      1 6454
      3 6456
      2 6459
      1 6461
      1 6462
      2 6463
      3 6464
      4 6465
      3 6466
      1 6467
      2 6469
      2 6471
      1 6472
      3 6473
      1 6474
      1 6475
      2 6476
      2 6477
      1 6478
      2 6479
      4 6480
      1 6481
      1 6482
      2 6483
      3 6484
      3 6485
      5 6486
      1 6488
      3 6489
      2 6490
      3 6491
      1 6492
      3 6494
      4 6495
      2 6496
      2 6499
      2 6500
      3 6503
      3 6504
      3 6505
      1 6506
      2 6507
      2 6509
      1 6510
      2 6512
      2 6513
      2 6514
      2 6516
      1 6517
      1 6520
      1 6522
      3 6523
      1 6524
      1 6525
      1 6527
      1 6528
      2 6529
      1 6530
      1 6534
      1 6535
      1 6536
      2 6537
      2 6539
      5 6541
      1 6543
      1 6545
      2 6546
      4 6547
      1 6548
      1 6549
      2 6551
      1 6552
      1 6553
      2 6555
      2 6556
      2 6557
      2 6558
      1 6559
      1 6562
      2 6564
      1 6565
      1 6566
      2 6567
      1 6568
      2 6569
      2 6570
      2 6571
      1 6572
      1 6574
      2 6575
      1 6577
      1 6579
      1 6581
      2 6582
      2 6583
      1 6584
      1 6586
      1 6587
      3 6588
      1 6591
      1 6592
      1 6593
      3 6597
      2 6599
      3 6600
      1 6601
      3 6602
      1 6603
      2 6604
      2 6605
      5 6606
      1 6607
      3 6609
      3 6611
      1 6612
      1 6615
      1 6617
      1 6618
      1 6620
      1 6621
      1 6622
      3 6623
      2 6624
      1 6629
      2 6630
      2 6632
      1 6633
      1 6634
      1 6635
      4 6636
      2 6637
      3 6638
      1 6640
      1 6642
      2 6643
      1 6644
      2 6645
      1 6646
      2 6647
      2 6648
      1 6649
      1 6650
      2 6651
      3 6652
      3 6654
      1 6655
      2 6656
      1 6657
      1 6659
      3 6661
      2 6663
      3 6664
      3 6665
      1 6668
      1 6669
      1 6670
      1 6672
      3 6673
      1 6676
      1 6677
      2 6678
      2 6679
      3 6681
      3 6684
      2 6685
      2 6686
      2 6687
      1 6688
      2 6690
      3 6693
      1 6694
      1 6696
      2 6698
      1 6699
      1 6700
      3 6701
      3 6702
      1 6703
      2 6704
      1 6705
      2 6707
      1 6709
      2 6711
      2 6712
      1 6713
      1 6715
      1 6716
      1 6717
      2 6718
      2 6720
      1 6721
      1 6722
      1 6723
      2 6724
      1 6726
      1 6727
      1 6728
      1 6729
      2 6730
      1 6731
      1 6732
      1 6733
      1 6734
      1 6735
      2 6737
      1 6738
      3 6739
      3 6741
      2 6742
      1 6743
      1 6745
      3 6746
      1 6748
      1 6749
      1 6750
      2 6751
      1 6752
      3 6754
      2 6755
      4 6757
      1 6758
      2 6759
      2 6760
      2 6762
      2 6763
      4 6764
      1 6765
      1 6766
      1 6767
      2 6768
      1 6769
      1 6770
      2 6771
      2 6773
      2 6774
      3 6775
      2 6777
      2 6778
      1 6779
      1 6780
      1 6781
      2 6782
      2 6783
      1 6784
      3 6785
      3 6787
      1 6788
      2 6789
      2 6790
      2 6791
      2 6793
      3 6795
      2 6797
      2 6798
      1 6799
      4 6800
      1 6801
      2 6802
      2 6803
      2 6804
      1 6807
      1 6808
      2 6809
      3 6811
      2 6812
      1 6814
      2 6815
      1 6816
      1 6817
      3 6818
      2 6819
      1 6820
      1 6825
      1 6826
      4 6827
      1 6828
      1 6829
      2 6830
      1 6832
      2 6834
      1 6835
      1 6836
      1 6837
      1 6839
      2 6840
      3 6841
      2 6842
      1 6843
      3 6845
      3 6846
      1 6847
      1 6850
      4 6851
      1 6853
      3 6854
      1 6855
      2 6856
      3 6857
      1 6858
      1 6862
      2 6865
      2 6868
      1 6871
      3 6873
      4 6874
      2 6875
      2 6876
      2 6879
      1 6881
      1 6882
      3 6883
      2 6885
      2 6887
      2 6889
      1 6892
      1 6893
      3 6894
      1 6895
      4 6897
      1 6899
      1 6900
      1 6901
      2 6906
      1 6907
      1 6911
      1 6912
      3 6915
      1 6916
      1 6917
      1 6919
      1 6920
      1 6921
      1 6922
      2 6923
      2 6924
      1 6925
      1 6927
      1 6928
      1 6929
      1 6931
      2 6932
      1 6933
      3 6935
      1 6936
      1 6937
      2 6940
      2 6942
      2 6944
      1 6945
      3 6950
      1 6951
      1 6953
      4 6954
      1 6955
      1 6956
      1 6959
      2 6961
      1 6965
      2 6966
      1 6968
      3 6969
      2 6971
      2 6972
      1 6974
      2 6975
      1 6981
      4 6983
      1 6984
      1 6985
      1 6987
      2 6988
      2 6990
      2 6991
      1 6994
      1 6995
      3 6996
      2 6997
      3 6998
      1 7001
      2 7002
      1 7003
      1 7004
      2 7005
      1 7006
      1 7007
      1 7008
      2 7009
      1 7014
      1 7015
      4 7017
      2 7020
      1 7021
      1 7025
      1 7026
      3 7027
      1 7030
      2 7032
      1 7033
      1 7035
      1 7036
      1 7037
      1 7038
      1 7039
      1 7040
      2 7041
      3 7043
      1 7044
      1 7045
      1 7046
      2 7047
      1 7048
      1 7050
      1 7051
      2 7052
      2 7053
      1 7055
      2 7056
      1 7057
      2 7059
      2 7061
      1 7065
      1 7067
      1 7068
      1 7069
      2 7071
      1 7072
      2 7073
      2 7074
      1 7075
      1 7076
      2 7077
      2 7078
      4 7079
      1 7080
      1 7081
      2 7082
      2 7083
      3 7084
      1 7086
      2 7088
      1 7091
      1 7092
      3 7093
      2 7094
      1 7095
      1 7096
      4 7097
      3 7101
      1 7103
      1 7105
      2 7106
      2 7107
      1 7108
      1 7109
      2 7110
      2 7112
      3 7113
      1 7114
      1 7115
      1 7116
      2 7117
      3 7119
      2 7120
      1 7121
      1 7122
      1 7123
      1 7124
      1 7125
      2 7127
      1 7128
      1 7129
      4 7131
      3 7132
      2 7133
      4 7134
      1 7135
      1 7136
      2 7137
      2 7138
      1 7139
      1 7140
      1 7141
      2 7142
      1 7143
      2 7144
      2 7145
      1 7146
      3 7147
      1 7148
      2 7149
      2 7150
      1 7151
      1 7153
      1 7154
      1 7155
      2 7156
      1 7158
      2 7159
      1 7161
      2 7162
      2 7163
      3 7164
      3 7167
      2 7170
      3 7171
      2 7172
      4 7173
      1 7174
      2 7175
      2 7176
      1 7177
      2 7180
      1 7181
      1 7182
      1 7183
      1 7185
      1 7186
      2 7187
      4 7189
      2 7190
      1 7191
      2 7192
      2 7193
      2 7194
      3 7195
      4 7196
      5 7198
      1 7202
      2 7203
      4 7205
      1 7206
      1 7209
      1 7211
      2 7212
      2 7213
      1 7214
      2 7215
      3 7216
      2 7217
      1 7218
      2 7219
      1 7220
      1 7222
      2 7223
      2 7224
      1 7225
      1 7226
      1 7227
      1 7228
      2 7230
      1 7231
      3 7233
      1 7235
      2 7236
      1 7237
      1 7240
      2 7241
      1 7242
      3 7243
      3 7244
      3 7245
      1 7246
      1 7247
      2 7248
      2 7253
      3 7254
      3 7256
      5 7258
      3 7259
      1 7260
      3 7261
      1 7263
      1 7264
      1 7265
      1 7266
      1 7268
      5 7269
      3 7270
      1 7271
      1 7272
      1 7273
      1 7275
      3 7276
      1 7277
      2 7278
      1 7279
      1 7280
      2 7281
      1 7283
      2 7285
      2 7286
      1 7287
      1 7289
      2 7293
      1 7294
      1 7296
      2 7299
      2 7300
      2 7301
      1 7304
      1 7305
      1 7306
      1 7307
      1 7308
      1 7309
      3 7311
      2 7314
      1 7317
      3 7318
      2 7319
      1 7321
      2 7325
      2 7329
      1 7331
      1 7332
      2 7333
      1 7334
      1 7335
      3 7337
      1 7338
      1 7339
      4 7340
      1 7342
      1 7345
      1 7347
      3 7348
      1 7349
      2 7350
      2 7353
      1 7355
      3 7356
      2 7357
      1 7360
      1 7361
      1 7362
      1 7363
      2 7364
      1 7371
      2 7373
      1 7375
      2 7377
      3 7378
      1 7380
      2 7381
      2 7382
      1 7383
      2 7384
      4 7387
      1 7390
      4 7392
      2 7393
      1 7395
      1 7396
      1 7397
      1 7398
      3 7400
      2 7401
      1 7404
      2 7407
      3 7408
      1 7410
      2 7411
      2 7413
      1 7418
      1 7419
      1 7420
      2 7421
      1 7422
      1 7426
      2 7427
      3 7428
      1 7429
      1 7432
      4 7434
      2 7435
      1 7437
      2 7438
      5 7439
      2 7440
      2 7441
      2 7442
      1 7446
      1 7447
      2 7448
      1 7449
      1 7450
      1 7451
      1 7453
      1 7454
      2 7455
      3 7457
      1 7458
      1 7459
      1 7461
      1 7462
      3 7463
      1 7464
      1 7465
      1 7466
      1 7469
      2 7470
      4 7471
      1 7472
      2 7473
      3 7474
      3 7478
      2 7479
      1 7480
      2 7484
      1 7485
      1 7486
      2 7487
      1 7488
      1 7490
      1 7491
      3 7493
      2 7494
      1 7495
      2 7496
      1 7498
      2 7501
      2 7505
      1 7506
      1 7507
      1 7508
      1 7509
      1 7510
      3 7513
      3 7514
      2 7515
      2 7516
      2 7517
      1 7518
      4 7519
      1 7520
      1 7521
      1 7523
      3 7524
      2 7526
      1 7527
      3 7528
      2 7529
      2 7531
      1 7534
      1 7535
      1 7536
      1 7537
      1 7538
      1 7539
      2 7540
      1 7541
      1 7545
      1 7546
      4 7547
      1 7548
      3 7549
      1 7550
      5 7551
      2 7552
      1 7553
      3 7554
      2 7555
      1 7557
      1 7558
      1 7560
      4 7561
      1 7562
      1 7563
      1 7564
      2 7567
      2 7568
      1 7569
      2 7570
      2 7571
      1 7572
      2 7573
      6 7575
      3 7577
      2 7578
      4 7580
      2 7581
      2 7582
      3 7583
      5 7584
      1 7585
      2 7586
      1 7587
      2 7588
      1 7589
      1 7590
      2 7591
      1 7593
      1 7594
      1 7595
      4 7596
      2 7597
      2 7598
      3 7599
      1 7601
      1 7604
      2 7605
      2 7606
      2 7607
      2 7608
      1 7609
      2 7612
      3 7613
      4 7615
      3 7617
      2 7618
      1 7620
      2 7622
      2 7623
      1 7624
      6 7625
      1 7626
      1 7627
      4 7628
      3 7630
      1 7631
      1 7632
      3 7633
      1 7635
      1 7641
      3 7644
      1 7645
      1 7647
      1 7648
      1 7649
      3 7650
      2 7651
      2 7652
      1 7653
      3 7654
      1 7655
      1 7656
      1 7657
      2 7660
      1 7661
      1 7662
      2 7663
      4 7664
      2 7665
      2 7667
      2 7668
      2 7669
      1 7670
      5 7671
      2 7672
      2 7673
      1 7675
      4 7676
      4 7677
      3 7680
      2 7681
      2 7685
      3 7686
      2 7687
      4 7688
      4 7689
      4 7690
      1 7691
      2 7692
      1 7693
      1 7694
      1 7695
      4 7696
      3 7697
      2 7698
      3 7699
      1 7700
      2 7701
      2 7702
      4 7703
      5 7704
      3 7705
      2 7706
      3 7707
      2 7708
      4 7709
      1 7710
      1 7712
      3 7714
      4 7715
      3 7716
      5 7717
      4 7718
      1 7719
      5 7720
      1 7722
      2 7723
      1 7724
      2 7725
      3 7726
      3 7727
      3 7728
      2 7729
      6 7730
      3 7731
      3 7734
      1 7735
      1 7736
      1 7737
      2 7738
      1 7739
      5 7740
      2 7741
      2 7742
      1 7743
      2 7744
      4 7745
      2 7746
      3 7747
      3 7748
      2 7751
      3 7752
      2 7753
      1 7754
      3 7755
      2 7756
      3 7757
      2 7758
      2 7759
      3 7760
      4 7762
      6 7763
      2 7764
      1 7765
      3 7766
      3 7767
      3 7768
      3 7769
      3 7770
      4 7771
      3 7772
      3 7773
      1 7774
      3 7775
      2 7776
      3 7777
      2 7778
      4 7779
      2 7780
      3 7781
      2 7782
      4 7783
      6 7784
      1 7785
      4 7786
      4 7787
      1 7788
      3 7790
      4 7791
      2 7792
      3 7793
      1 7794
      2 7795
      4 7796
      2 7797
      1 7798
      1 7799
      4 7800
      1 7801
      2 7804
      2 7805
      3 7806
      4 7807
      3 7808
      2 7809
      2 7810
      2 7811
      2 7813
      3 7814
      1 7815
      1 7816
      2 7817
      5 7818
      1 7819
      7 7820
      5 7821
      1 7822
      1 7823
      5 7824
      4 7825
      2 7826
      2 7827
      3 7828
      1 7829
      1 7830
      4 7831
      5 7832
      1 7833
      5 7834
      3 7835
      4 7837
      2 7838
      3 7839
      4 7840
      5 7842
      6 7843
      2 7844
      4 7845
      4 7846
      4 7847
      4 7848
      1 7849
      4 7850
      2 7851
      3 7852
      2 7853
      3 7854
      3 7855
      3 7856
      2 7857
      2 7858
      1 7859
      1 7860
      1 7861
      3 7862
      2 7864
      5 7865
      3 7866
      3 7867
      3 7868
      2 7869
      2 7871
      5 7872
      3 7873
      2 7874
      5 7875
      2 7876
      1 7877
      1 7878
      2 7879
      3 7880
      2 7881
      4 7882
      3 7883
      4 7884
      3 7885
      5 7886
      5 7887
      3 7888
      4 7889
      3 7890
      5 7891
      4 7892
      8 7893
      7 7894
      5 7895
      4 7896
     10 7897
      7 7898
      6 7899
      3 7900
      6 7901
      5 7902
      6 7903
      4 7904
      8 7905
      7 7906
      7 7907
      7 7908
      9 7909
      9 7910
     11 7911
      9 7912
     13 7913
      7 7914
      4 7915
     10 7916
      8 7917
      7 7918
     14 7919
      8 7920
      7 7921
      8 7922
      3 7923
      8 7924
     17 7925
      5 7926
      6 7927
      1 7928
     10 7929
      9 7930
      5 7931
      9 7932
     16 7933
      7 7934
      3 7935
      8 7936
      6 7937
      6 7938
      7 7939
      5 7940
      4 7941
      5 7942
      8 7943
      6 7944
      7 7945
      5 7946
      2 7947
      8 7948
      3 7949
      2 7950
      3 7951
      5 7952
     11 7953
      6 7954
     11 7955
      5 7956
      6 7957
      7 7958
      7 7959
      1 7960
      3 7961
      3 7962
      6 7963
      3 7964
      4 7965
      4 7966
      7 7967
      3 7968
     11 7969
      4 7970
      3 7971
      6 7972
      3 7973
      5 7974
      5 7975
     12 7976
      4 7977
      4 7978
      7 7980
      5 7981
      5 7982
      1 7983
      6 7984
      3 7985
      5 7986
      4 7987
      8 7988
      6 7989
      2 7990
      2 7991
      5 7992
      1 7993
      1 7994
      1 7996
