 260646 0
110593926 1
244257762 2
386844909 3
475515712 4
477758964 5
406220969 6
300422155 7
196860104 8
116227240 9
62811645 10
31497012 11
14973066 12
6955136 13
3343708 14
1754767 15
1056848 16
 732341 17
 564612 18
 461453 19
 388059 20
 335638 21
 294809 22
 259754 23
 228602 24
 204903 25
 181703 26
 161910 27
 146817 28
 134282 29
 121444 30
 111035 31
 100927 32
  92199 33
  84551 34
  76564 35
  69531 36
  62345 37
  56656 38
  53001 39
  49153 40
  45512 41
  42871 42
  40274 43
  38159 44
  36389 45
  34276 46
  32886 47
  30987 48
  29534 49
  27822 50
  26570 51
  25525 52
  24456 53
  23819 54
  22769 55
  22123 56
  21032 57
  20353 58
  20028 59
  19162 60
  18620 61
  18021 62
  17478 63
  16957 64
  16615 65
  16253 66
  15632 67
  15552 68
  15477 69
  15053 70
  14844 71
  14209 72
  13838 73
  13424 74
  13472 75
  13225 76
  12729 77
  12263 78
  11999 79
  11833 80
  11404 81
  11136 82
  10934 83
  11091 84
  10487 85
  10167 86
  10103 87
   9615 88
   9767 89
   9558 90
   9427 91
   9134 92
   9179 93
   9087 94
   8827 95
   8760 96
   8603 97
   8615 98
   8193 99
   8190 100
   7903 101
   7549 102
   7301 103
   7357 104
   7458 105
   7150 106
   7105 107
   6823 108
   6700 109
   6598 110
   6600 111
   6723 112
   6479 113
   6396 114
   6215 115
   5946 116
   6281 117
   6110 118
   6003 119
   5898 120
   5696 121
   5621 122
   5554 123
   5599 124
   5422 125
   5589 126
   5348 127
   5330 128
   5375 129
   5249 130
   5110 131
   4872 132
   4927 133
   4677 134
   4569 135
   4693 136
   4486 137
   4484 138
   4345 139
   4334 140
   4323 141
   4279 142
   4146 143
   4004 144
   4093 145
   4077 146
   4037 147
   3938 148
   3822 149
   3692 150
   3755 151
   3735 152
   3660 153
   3599 154
   3758 155
   3679 156
   3498 157
   3570 158
   3514 159
   3525 160
   3392 161
   3342 162
   3269 163
   3259 164
   3226 165
   3206 166
   3131 167
   3231 168
   3143 169
   3210 170
   3095 171
   3035 172
   2930 173
   3003 174
   2998 175
   2861 176
   2838 177
   2887 178
   2904 179
   2862 180
   2882 181
   2818 182
   2826 183
   2714 184
   2745 185
   2706 186
   2651 187
   2572 188
   2648 189
   2714 190
   2746 191
   2603 192
   2587 193
   2529 194
   2437 195
   2450 196
   2471 197
   2344 198
   2378 199
   2379 200
   2320 201
   2319 202
   2261 203
   2251 204
   2204 205
   2343 206
   2231 207
   2277 208
   2156 209
   2163 210
   2192 211
   2328 212
   2209 213
   2211 214
   2156 215
   2153 216
   2144 217
   2070 218
   2035 219
   1940 220
   2003 221
   2046 222
   1983 223
   2018 224
   1995 225
   2120 226
   1907 227
   1908 228
   1953 229
   1922 230
   1893 231
   1898 232
   1937 233
   1799 234
   1829 235
   1850 236
   1866 237
   1819 238
   1872 239
   1863 240
   1760 241
   1735 242
   1713 243
   1723 244
   1682 245
   1807 246
   1798 247
   1612 248
   1635 249
   1652 250
   1643 251
   1600 252
   1641 253
   1645 254
   1661 255
   1600 256
   1606 257
   1550 258
   1566 259
   1589 260
   1590 261
   1518 262
   1541 263
   1457 264
   1584 265
   1521 266
   1608 267
   1536 268
   1477 269
   1548 270
   1582 271
   1467 272
   1444 273
   1439 274
   1353 275
   1495 276
   1418 277
   1445 278
   1358 279
   1483 280
   1438 281
   1456 282
   1479 283
   1412 284
   1447 285
   1477 286
   1482 287
   1546 288
   1460 289
   1442 290
   1474 291
   1542 292
   1463 293
   1583 294
   1498 295
   1548 296
   1445 297
   1567 298
   1550 299
   1507 300
   1509 301
   1510 302
   1473 303
   1508 304
   1499 305
   1504 306
   1504 307
   1453 308
   1523 309
   1541 310
   1525 311
   1538 312
   1584 313
   1465 314
   1599 315
   1576 316
   1486 317
   1499 318
   1576 319
   1548 320
   1541 321
   1655 322
   1592 323
   1569 324
   1617 325
   1534 326
   1631 327
   1571 328
   1564 329
   1664 330
   1573 331
   1562 332
   1531 333
   1645 334
   1611 335
   1575 336
   1595 337
   1593 338
   1703 339
   1695 340
   1626 341
   1638 342
   1645 343
   1788 344
   1688 345
   1765 346
   1741 347
   1767 348
   1749 349
   1706 350
   1721 351
   1819 352
   1762 353
   1831 354
   1875 355
   1866 356
   1918 357
   1886 358
   1910 359
   1886 360
   1942 361
   1922 362
   1998 363
   2007 364
   2042 365
   2046 366
   2023 367
   2044 368
   2124 369
   2053 370
   2097 371
   2150 372
   2078 373
   2106 374
   2051 375
   2174 376
   2119 377
   2191 378
   2140 379
   2253 380
   2088 381
   2130 382
   2189 383
   2224 384
   2113 385
   2161 386
   2216 387
   2279 388
   2132 389
   2244 390
   2191 391
   2140 392
   2192 393
   2083 394
   2125 395
   2126 396
   2115 397
   2041 398
   2115 399
   2070 400
   2204 401
   2007 402
   2062 403
   2129 404
   1926 405
   1888 406
   1912 407
   1890 408
   1820 409
   1735 410
   1767 411
   1826 412
   1736 413
   1743 414
   1629 415
   1660 416
   1632 417
   1628 418
   1553 419
   1538 420
   1539 421
   1545 422
   1479 423
   1436 424
   1392 425
   1424 426
   1381 427
   1358 428
   1408 429
   1339 430
   1305 431
   1210 432
   1241 433
   1285 434
   1254 435
   1197 436
   1207 437
   1220 438
   1178 439
   1079 440
   1245 441
   1124 442
   1124 443
   1112 444
   1057 445
   1031 446
   1054 447
    986 448
    951 449
    982 450
    967 451
    971 452
    938 453
    949 454
    933 455
    899 456
    906 457
    930 458
    880 459
    846 460
    827 461
    871 462
    797 463
    837 464
    859 465
    821 466
    801 467
    814 468
    820 469
    784 470
    792 471
    747 472
    784 473
    720 474
    699 475
    726 476
    711 477
    718 478
    740 479
    665 480
    683 481
    656 482
    704 483
    644 484
    682 485
    712 486
    675 487
    596 488
    645 489
    609 490
    606 491
    601 492
    587 493
    589 494
    571 495
    597 496
    624 497
    557 498
    563 499
    588 500
    571 501
    539 502
    568 503
    520 504
    516 505
    518 506
    516 507
    538 508
    567 509
    516 510
    559 511
    510 512
    538 513
    517 514
    524 515
    506 516
    520 517
    479 518
    538 519
    482 520
    457 521
    476 522
    470 523
    497 524
    472 525
    453 526
    462 527
    465 528
    458 529
    445 530
    439 531
    437 532
    417 533
    465 534
    436 535
    453 536
    450 537
    420 538
    478 539
    401 540
    419 541
    433 542
    461 543
    452 544
    455 545
    444 546
    480 547
    419 548
    431 549
    457 550
    447 551
    457 552
    453 553
    467 554
    421 555
    429 556
    426 557
    453 558
    416 559
    427 560
    414 561
    410 562
    387 563
    449 564
    404 565
    403 566
    412 567
    417 568
    395 569
    428 570
    402 571
    439 572
    422 573
    424 574
    416 575
    402 576
    406 577
    397 578
    379 579
    346 580
    377 581
    408 582
    348 583
    431 584
    401 585
    400 586
    395 587
    382 588
    344 589
    361 590
    372 591
    327 592
    356 593
    389 594
    342 595
    352 596
    374 597
    361 598
    361 599
    337 600
    368 601
    386 602
    365 603
    362 604
    402 605
    393 606
    358 607
    359 608
    338 609
    385 610
    350 611
    351 612
    353 613
    318 614
    337 615
    363 616
    359 617
    338 618
    346 619
    343 620
    327 621
    364 622
    345 623
    333 624
    304 625
    308 626
    345 627
    287 628
    282 629
    300 630
    329 631
    323 632
    316 633
    314 634
    271 635
    299 636
    318 637
    333 638
    329 639
    307 640
    280 641
    279 642
    282 643
    326 644
    288 645
    309 646
    266 647
    276 648
    287 649
    276 650
    263 651
    320 652
    319 653
    279 654
    277 655
    290 656
    278 657
    294 658
    284 659
    294 660
    305 661
    254 662
    249 663
    240 664
    296 665
    265 666
    274 667
    253 668
    298 669
    235 670
    262 671
    274 672
    270 673
    280 674
    258 675
    289 676
    270 677
    267 678
    293 679
    251 680
    260 681
    260 682
    268 683
    258 684
    257 685
    239 686
    234 687
    245 688
    237 689
    274 690
    256 691
    304 692
    248 693
    269 694
    224 695
    270 696
    266 697
    231 698
    227 699
    243 700
    247 701
    246 702
    220 703
    241 704
    269 705
    260 706
    259 707
    256 708
    293 709
    211 710
    260 711
    265 712
    288 713
    256 714
    282 715
    274 716
    276 717
    236 718
    269 719
    266 720
    263 721
    286 722
    269 723
    299 724
    324 725
    288 726
    267 727
    271 728
    274 729
    272 730
    249 731
    278 732
    248 733
    266 734
    265 735
    265 736
    239 737
    248 738
    263 739
    256 740
    257 741
    267 742
    272 743
    273 744
    290 745
    240 746
    276 747
    277 748
    262 749
    270 750
    241 751
    271 752
    262 753
    267 754
    247 755
    252 756
    269 757
    240 758
    281 759
    244 760
    246 761
    231 762
    251 763
    272 764
    242 765
    245 766
    233 767
    243 768
    248 769
    221 770
    285 771
    249 772
    252 773
    269 774
    268 775
    262 776
    283 777
    253 778
    254 779
    258 780
    242 781
    255 782
    240 783
    243 784
    254 785
    282 786
    246 787
    244 788
    257 789
    279 790
    253 791
    241 792
    256 793
    242 794
    262 795
    262 796
    228 797
    238 798
    255 799
    266 800
    253 801
    247 802
    250 803
    245 804
    257 805
    225 806
    275 807
    219 808
    258 809
    231 810
    292 811
    268 812
    285 813
    258 814
    215 815
    234 816
    236 817
    285 818
    247 819
    289 820
    252 821
    236 822
    254 823
    238 824
    251 825
    273 826
    255 827
    240 828
    263 829
    231 830
    217 831
    251 832
    241 833
    233 834
    247 835
    232 836
    240 837
    220 838
    225 839
    254 840
    237 841
    229 842
    234 843
    233 844
    230 845
    232 846
    235 847
    240 848
    218 849
    211 850
    234 851
    239 852
    223 853
    194 854
    234 855
    241 856
    226 857
    203 858
    262 859
    242 860
    242 861
    224 862
    243 863
    219 864
    240 865
    257 866
    223 867
    251 868
    233 869
    259 870
    250 871
    224 872
    246 873
    250 874
    239 875
    256 876
    263 877
    248 878
    246 879
    231 880
    254 881
    256 882
    218 883
    217 884
    202 885
    203 886
    222 887
    212 888
    235 889
    223 890
    260 891
    235 892
    231 893
    212 894
    222 895
    223 896
    205 897
    195 898
    238 899
    224 900
    214 901
    183 902
    203 903
    191 904
    206 905
    225 906
    229 907
    236 908
    240 909
    242 910
    226 911
    233 912
    222 913
    253 914
    216 915
    214 916
    238 917
    229 918
    243 919
    221 920
    225 921
    224 922
    255 923
    243 924
    203 925
    247 926
    234 927
    231 928
    234 929
    227 930
    214 931
    215 932
    226 933
    197 934
    247 935
    224 936
    226 937
    235 938
    242 939
    222 940
    230 941
    243 942
    234 943
    202 944
    247 945
    225 946
    225 947
    202 948
    254 949
    207 950
    225 951
    247 952
    224 953
    244 954
    242 955
    230 956
    224 957
    241 958
    238 959
    231 960
    247 961
    239 962
    212 963
    243 964
    220 965
    223 966
    252 967
    247 968
    245 969
    258 970
    223 971
    242 972
    239 973
    239 974
    254 975
    206 976
    258 977
    266 978
    268 979
    228 980
    234 981
    222 982
    241 983
    228 984
    250 985
    266 986
    223 987
    238 988
    241 989
    226 990
    234 991
    262 992
    233 993
    221 994
    244 995
    230 996
    253 997
    259 998
    210 999
    221 1000
    221 1001
    195 1002
    193 1003
    218 1004
    185 1005
    204 1006
    198 1007
    204 1008
    194 1009
    207 1010
    199 1011
    201 1012
    208 1013
    182 1014
    205 1015
    208 1016
    246 1017
    202 1018
    192 1019
    229 1020
    208 1021
    217 1022
    215 1023
    197 1024
    208 1025
    216 1026
    207 1027
    215 1028
    201 1029
    199 1030
    202 1031
    200 1032
    195 1033
    202 1034
    199 1035
    221 1036
    185 1037
    212 1038
    206 1039
    190 1040
    181 1041
    205 1042
    201 1043
    187 1044
    211 1045
    192 1046
    200 1047
    187 1048
    199 1049
    215 1050
    179 1051
    195 1052
    226 1053
    197 1054
    227 1055
    214 1056
    242 1057
    213 1058
    211 1059
    202 1060
    218 1061
    222 1062
    208 1063
    229 1064
    207 1065
    200 1066
    205 1067
    208 1068
    184 1069
    192 1070
    203 1071
    191 1072
    195 1073
    194 1074
    198 1075
    194 1076
    185 1077
    185 1078
    171 1079
    179 1080
    191 1081
    184 1082
    182 1083
    194 1084
    181 1085
    175 1086
    203 1087
    185 1088
    201 1089
    195 1090
    193 1091
    215 1092
    183 1093
    228 1094
    173 1095
    192 1096
    222 1097
    191 1098
    194 1099
    168 1100
    182 1101
    208 1102
    183 1103
    189 1104
    184 1105
    164 1106
    192 1107
    174 1108
    168 1109
    193 1110
    198 1111
    187 1112
    188 1113
    184 1114
    201 1115
    197 1116
    197 1117
    180 1118
    190 1119
    183 1120
    183 1121
    164 1122
    149 1123
    179 1124
    176 1125
    165 1126
    184 1127
    169 1128
    162 1129
    150 1130
    197 1131
    170 1132
    167 1133
    172 1134
    174 1135
    187 1136
    173 1137
    187 1138
    174 1139
    147 1140
    181 1141
    156 1142
    169 1143
    165 1144
    174 1145
    154 1146
    165 1147
    176 1148
    172 1149
    165 1150
    167 1151
    151 1152
    174 1153
    168 1154
    159 1155
    177 1156
    190 1157
    154 1158
    176 1159
    141 1160
    155 1161
    147 1162
    124 1163
    131 1164
    126 1165
    134 1166
    120 1167
    139 1168
    143 1169
    153 1170
    131 1171
    148 1172
    146 1173
    137 1174
    164 1175
    131 1176
    130 1177
    133 1178
    141 1179
    116 1180
    106 1181
    130 1182
    141 1183
    117 1184
    121 1185
    111 1186
    103 1187
    134 1188
    136 1189
    152 1190
    115 1191
    109 1192
    112 1193
    107 1194
    128 1195
    116 1196
    102 1197
    122 1198
    115 1199
    133 1200
    127 1201
    113 1202
    118 1203
    112 1204
    110 1205
    119 1206
     98 1207
    124 1208
    105 1209
    117 1210
    138 1211
    129 1212
    111 1213
    112 1214
    109 1215
     99 1216
    114 1217
    127 1218
    111 1219
    112 1220
    119 1221
    127 1222
    112 1223
    123 1224
    123 1225
    113 1226
    104 1227
    106 1228
    107 1229
    118 1230
    105 1231
    112 1232
    114 1233
    110 1234
    110 1235
     82 1236
    110 1237
    104 1238
    111 1239
    113 1240
    113 1241
     93 1242
    145 1243
     95 1244
    105 1245
     98 1246
    116 1247
    122 1248
    117 1249
    100 1250
    110 1251
     93 1252
     97 1253
    121 1254
    118 1255
    107 1256
    101 1257
    105 1258
     99 1259
    123 1260
    106 1261
    111 1262
    110 1263
    111 1264
    117 1265
     98 1266
    114 1267
    106 1268
    121 1269
    107 1270
    118 1271
    108 1272
    113 1273
    113 1274
    127 1275
    106 1276
    112 1277
    105 1278
    114 1279
    109 1280
    125 1281
    116 1282
    106 1283
    115 1284
    113 1285
     92 1286
     87 1287
    104 1288
    114 1289
    119 1290
    106 1291
    114 1292
    108 1293
    113 1294
     95 1295
     89 1296
    103 1297
     96 1298
    110 1299
     99 1300
     83 1301
    104 1302
    103 1303
    120 1304
    102 1305
     89 1306
    107 1307
     99 1308
    119 1309
    108 1310
    113 1311
     99 1312
     98 1313
    114 1314
    102 1315
    101 1316
    119 1317
     97 1318
     96 1319
     94 1320
    107 1321
    102 1322
    108 1323
    128 1324
    103 1325
     99 1326
    105 1327
    107 1328
     86 1329
    124 1330
    131 1331
    105 1332
    117 1333
    129 1334
    113 1335
     96 1336
    114 1337
    114 1338
     97 1339
    110 1340
    100 1341
    106 1342
    121 1343
     96 1344
     84 1345
     92 1346
    100 1347
     98 1348
     99 1349
    121 1350
    109 1351
     93 1352
     99 1353
    118 1354
    116 1355
    104 1356
    102 1357
     93 1358
    100 1359
     92 1360
    102 1361
    105 1362
     92 1363
     96 1364
     88 1365
    113 1366
     98 1367
    104 1368
     95 1369
     97 1370
    108 1371
     92 1372
     87 1373
     92 1374
    111 1375
    111 1376
    100 1377
     87 1378
    105 1379
     94 1380
     98 1381
    118 1382
     75 1383
     99 1384
    109 1385
     91 1386
     89 1387
    112 1388
    107 1389
     83 1390
    100 1391
     95 1392
     99 1393
     91 1394
     95 1395
     96 1396
     98 1397
     90 1398
    104 1399
     92 1400
     92 1401
     98 1402
     97 1403
    120 1404
    102 1405
    116 1406
    110 1407
    103 1408
    104 1409
    137 1410
    108 1411
    101 1412
     83 1413
    103 1414
     96 1415
     96 1416
    105 1417
    105 1418
     93 1419
     94 1420
    101 1421
     93 1422
    105 1423
     87 1424
     91 1425
    103 1426
    108 1427
     80 1428
    103 1429
     82 1430
     89 1431
     85 1432
     89 1433
    110 1434
     97 1435
     87 1436
     92 1437
     86 1438
     83 1439
     98 1440
     99 1441
     83 1442
     93 1443
     90 1444
     85 1445
     91 1446
     77 1447
     92 1448
     78 1449
     87 1450
     81 1451
     85 1452
     95 1453
     84 1454
     96 1455
     86 1456
    106 1457
    110 1458
     83 1459
     83 1460
     89 1461
     96 1462
     99 1463
     86 1464
    112 1465
     80 1466
     90 1467
     98 1468
     93 1469
     81 1470
     90 1471
     73 1472
    100 1473
     96 1474
     91 1475
     87 1476
     75 1477
     97 1478
    108 1479
     93 1480
     93 1481
     95 1482
     86 1483
     84 1484
     95 1485
     89 1486
     94 1487
     91 1488
     85 1489
     82 1490
    100 1491
     86 1492
     87 1493
     97 1494
     89 1495
     84 1496
     97 1497
    115 1498
     62 1499
    105 1500
     68 1501
     81 1502
     92 1503
     89 1504
     86 1505
    105 1506
    105 1507
     85 1508
    108 1509
     97 1510
     76 1511
     82 1512
     80 1513
     80 1514
     86 1515
     81 1516
     93 1517
     85 1518
     93 1519
     87 1520
     78 1521
     80 1522
     84 1523
     98 1524
     89 1525
    114 1526
     68 1527
     78 1528
     78 1529
     84 1530
     84 1531
     89 1532
     81 1533
     66 1534
     91 1535
     72 1536
     71 1537
     72 1538
     67 1539
     80 1540
     78 1541
     80 1542
     69 1543
     76 1544
     76 1545
     78 1546
     81 1547
     61 1548
     88 1549
     70 1550
     76 1551
     91 1552
     69 1553
     78 1554
     78 1555
     82 1556
     76 1557
     78 1558
     84 1559
     89 1560
     73 1561
     95 1562
     85 1563
     72 1564
     99 1565
     73 1566
     78 1567
     86 1568
     78 1569
     85 1570
     87 1571
     64 1572
     86 1573
     93 1574
     61 1575
     84 1576
     77 1577
     67 1578
     68 1579
     77 1580
     88 1581
     73 1582
     63 1583
     74 1584
     81 1585
     99 1586
     76 1587
     81 1588
     82 1589
     80 1590
     82 1591
     82 1592
     73 1593
     84 1594
     70 1595
     82 1596
     74 1597
     83 1598
     76 1599
     68 1600
     84 1601
     77 1602
     64 1603
     74 1604
     80 1605
     81 1606
     77 1607
     87 1608
     88 1609
     77 1610
     75 1611
    117 1612
     85 1613
     83 1614
     87 1615
     74 1616
     89 1617
     97 1618
     92 1619
     85 1620
     78 1621
     78 1622
     75 1623
     70 1624
     95 1625
     86 1626
     95 1627
     86 1628
     93 1629
    101 1630
     87 1631
     90 1632
     80 1633
    109 1634
     99 1635
     98 1636
     89 1637
     78 1638
     95 1639
     94 1640
     87 1641
    119 1642
    123 1643
    111 1644
     98 1645
     99 1646
    108 1647
    106 1648
    110 1649
     99 1650
    108 1651
     93 1652
    109 1653
    107 1654
     99 1655
     91 1656
    121 1657
    111 1658
    100 1659
     95 1660
     86 1661
    108 1662
    114 1663
     98 1664
     87 1665
    109 1666
     94 1667
    112 1668
     87 1669
    101 1670
     98 1671
     90 1672
     96 1673
    128 1674
     82 1675
    106 1676
     92 1677
     96 1678
    113 1679
    102 1680
     87 1681
    106 1682
     96 1683
    112 1684
     96 1685
     87 1686
    110 1687
    106 1688
    110 1689
    116 1690
    118 1691
    105 1692
    104 1693
    117 1694
    105 1695
    102 1696
    112 1697
     95 1698
     89 1699
    118 1700
    107 1701
    121 1702
     95 1703
     94 1704
    100 1705
    113 1706
    100 1707
    108 1708
    106 1709
    109 1710
    117 1711
    136 1712
    110 1713
    119 1714
     91 1715
    120 1716
    102 1717
    110 1718
    114 1719
    119 1720
    119 1721
    148 1722
    120 1723
    126 1724
    105 1725
    111 1726
    105 1727
    125 1728
    113 1729
    137 1730
    118 1731
    145 1732
     96 1733
     99 1734
    118 1735
    104 1736
    111 1737
    111 1738
    119 1739
    120 1740
    117 1741
    121 1742
    112 1743
    110 1744
    102 1745
    100 1746
    127 1747
    127 1748
    129 1749
    132 1750
    108 1751
    117 1752
     99 1753
    130 1754
    118 1755
    130 1756
    120 1757
    121 1758
    113 1759
    101 1760
    104 1761
    112 1762
    110 1763
    134 1764
    107 1765
    128 1766
    122 1767
    133 1768
    115 1769
    126 1770
    125 1771
    108 1772
    127 1773
    125 1774
    124 1775
    129 1776
    123 1777
    131 1778
    120 1779
    118 1780
    121 1781
    121 1782
    126 1783
    103 1784
    104 1785
    119 1786
    130 1787
    128 1788
    107 1789
    146 1790
    124 1791
    111 1792
    101 1793
    118 1794
    113 1795
    108 1796
    105 1797
    113 1798
    115 1799
    109 1800
    104 1801
    114 1802
    113 1803
    121 1804
    105 1805
     93 1806
    108 1807
    114 1808
    117 1809
    119 1810
     93 1811
     93 1812
     99 1813
    108 1814
     87 1815
    107 1816
    104 1817
    114 1818
    110 1819
    101 1820
    100 1821
    105 1822
    103 1823
    109 1824
    123 1825
    107 1826
    101 1827
     99 1828
     92 1829
    108 1830
    107 1831
     97 1832
     99 1833
    106 1834
    101 1835
    106 1836
    102 1837
     83 1838
     95 1839
     93 1840
    114 1841
    102 1842
    113 1843
     94 1844
    109 1845
    107 1846
    102 1847
     97 1848
    103 1849
     84 1850
    100 1851
     94 1852
     96 1853
    101 1854
     84 1855
     90 1856
     83 1857
     81 1858
     73 1859
     94 1860
     89 1861
     93 1862
     86 1863
    103 1864
     89 1865
     79 1866
     83 1867
     84 1868
     78 1869
     78 1870
     72 1871
     69 1872
     89 1873
     86 1874
     78 1875
     82 1876
     67 1877
     83 1878
     76 1879
     77 1880
     67 1881
     71 1882
     69 1883
     76 1884
     76 1885
     76 1886
     79 1887
     77 1888
     62 1889
     75 1890
     81 1891
     65 1892
     92 1893
     74 1894
     64 1895
     88 1896
     76 1897
     66 1898
     74 1899
     69 1900
     66 1901
     86 1902
     67 1903
     64 1904
     66 1905
     59 1906
     43 1907
     72 1908
     77 1909
     70 1910
     73 1911
     59 1912
     66 1913
     57 1914
     64 1915
     55 1916
     60 1917
     63 1918
     56 1919
     51 1920
     70 1921
     47 1922
     50 1923
     54 1924
     53 1925
     49 1926
     47 1927
     52 1928
     54 1929
     60 1930
     60 1931
     50 1932
     58 1933
     49 1934
     48 1935
     73 1936
     56 1937
     49 1938
     61 1939
     59 1940
     44 1941
     72 1942
     40 1943
     47 1944
     53 1945
     51 1946
     43 1947
     55 1948
     41 1949
     54 1950
     61 1951
     55 1952
     47 1953
     39 1954
     62 1955
     36 1956
     48 1957
     50 1958
     47 1959
     54 1960
     56 1961
     59 1962
     55 1963
     43 1964
     51 1965
     56 1966
     41 1967
     41 1968
     51 1969
     54 1970
     53 1971
     56 1972
     46 1973
     59 1974
     44 1975
     49 1976
     43 1977
     51 1978
     54 1979
     49 1980
     55 1981
     53 1982
     43 1983
     41 1984
     46 1985
     52 1986
     46 1987
     40 1988
     54 1989
     53 1990
     38 1991
     50 1992
     48 1993
     39 1994
     50 1995
     57 1996
     65 1997
     51 1998
     44 1999
     51 2000
     44 2001
     60 2002
     49 2003
     35 2004
     44 2005
     38 2006
     45 2007
     45 2008
     44 2009
     47 2010
     36 2011
     43 2012
     34 2013
     42 2014
     51 2015
     42 2016
     34 2017
     38 2018
     44 2019
     37 2020
     35 2021
     48 2022
     48 2023
     44 2024
     42 2025
     42 2026
     39 2027
     36 2028
     48 2029
     41 2030
     43 2031
     44 2032
     36 2033
     30 2034
     30 2035
     37 2036
     34 2037
     35 2038
     37 2039
     36 2040
     35 2041
     31 2042
     50 2043
     35 2044
     37 2045
     52 2046
     42 2047
     40 2048
     49 2049
     41 2050
     35 2051
     44 2052
     41 2053
     54 2054
     38 2055
     26 2056
     33 2057
     51 2058
     47 2059
     33 2060
     40 2061
     38 2062
     43 2063
     45 2064
     32 2065
     58 2066
     34 2067
     43 2068
     36 2069
     39 2070
     38 2071
     38 2072
     31 2073
     35 2074
     33 2075
     42 2076
     37 2077
     34 2078
     41 2079
     40 2080
     36 2081
     32 2082
     32 2083
     42 2084
     35 2085
     34 2086
     44 2087
     37 2088
     36 2089
     39 2090
     41 2091
     42 2092
     42 2093
     37 2094
     47 2095
     47 2096
     45 2097
     39 2098
     33 2099
     47 2100
     35 2101
     40 2102
     33 2103
     43 2104
     43 2105
     30 2106
     41 2107
     53 2108
     33 2109
     34 2110
     41 2111
     38 2112
     30 2113
     43 2114
     40 2115
     45 2116
     43 2117
     34 2118
     27 2119
     44 2120
     36 2121
     31 2122
     40 2123
     41 2124
     43 2125
     27 2126
     34 2127
     32 2128
     38 2129
     39 2130
     38 2131
     34 2132
     39 2133
     35 2134
     43 2135
     17 2136
     37 2137
     38 2138
     30 2139
     38 2140
     33 2141
     29 2142
     30 2143
     43 2144
     48 2145
     32 2146
     33 2147
     33 2148
     27 2149
     41 2150
     30 2151
     28 2152
     37 2153
     34 2154
     25 2155
     39 2156
     28 2157
     26 2158
     36 2159
     27 2160
     35 2161
     30 2162
     34 2163
     45 2164
     36 2165
     33 2166
     39 2167
     51 2168
     41 2169
     41 2170
     41 2171
     44 2172
     31 2173
     39 2174
     41 2175
     31 2176
     41 2177
     30 2178
     35 2179
     29 2180
     33 2181
     30 2182
     38 2183
     35 2184
     31 2185
     35 2186
     31 2187
     39 2188
     46 2189
     51 2190
     35 2191
     37 2192
     37 2193
     35 2194
     40 2195
     30 2196
     44 2197
     35 2198
     30 2199
     34 2200
     46 2201
     42 2202
     38 2203
     42 2204
     40 2205
     46 2206
     36 2207
     41 2208
     43 2209
     32 2210
     42 2211
     31 2212
     39 2213
     28 2214
     39 2215
     42 2216
     39 2217
     36 2218
     41 2219
     35 2220
     46 2221
     36 2222
     36 2223
     32 2224
     29 2225
     40 2226
     37 2227
     37 2228
     32 2229
     34 2230
     34 2231
     27 2232
     36 2233
     37 2234
     41 2235
     28 2236
     31 2237
     26 2238
     23 2239
     26 2240
     31 2241
     36 2242
     37 2243
     45 2244
     28 2245
     34 2246
     33 2247
     35 2248
     30 2249
     37 2250
     42 2251
     31 2252
     28 2253
     40 2254
     36 2255
     37 2256
     38 2257
     36 2258
     27 2259
     34 2260
     45 2261
     35 2262
     28 2263
     38 2264
     27 2265
     30 2266
     38 2267
     38 2268
     33 2269
     44 2270
     34 2271
     22 2272
     38 2273
     32 2274
     41 2275
     25 2276
     26 2277
     37 2278
     34 2279
     42 2280
     29 2281
     34 2282
     41 2283
     39 2284
     30 2285
     41 2286
     32 2287
     39 2288
     30 2289
     27 2290
     31 2291
     24 2292
     33 2293
     27 2294
     39 2295
     30 2296
     34 2297
     41 2298
     41 2299
     26 2300
     34 2301
     25 2302
     26 2303
     28 2304
     42 2305
     29 2306
     29 2307
     29 2308
     32 2309
     38 2310
     29 2311
     31 2312
     32 2313
     29 2314
     38 2315
     26 2316
     31 2317
     24 2318
     18 2319
     19 2320
     28 2321
     32 2322
     26 2323
     16 2324
     30 2325
     29 2326
     25 2327
     39 2328
     32 2329
     30 2330
     38 2331
     33 2332
     22 2333
     33 2334
     34 2335
     30 2336
     30 2337
     14 2338
     26 2339
     29 2340
     34 2341
     27 2342
     30 2343
     32 2344
     22 2345
     25 2346
     44 2347
     26 2348
     30 2349
     28 2350
     36 2351
     33 2352
     40 2353
     34 2354
     32 2355
     27 2356
     37 2357
     20 2358
     32 2359
     31 2360
     30 2361
     27 2362
     23 2363
     30 2364
     31 2365
     31 2366
     37 2367
     26 2368
     35 2369
     29 2370
     25 2371
     28 2372
     24 2373
     36 2374
     32 2375
     16 2376
     31 2377
     29 2378
     29 2379
     30 2380
     19 2381
     33 2382
     34 2383
     28 2384
     26 2385
     27 2386
     26 2387
     19 2388
     27 2389
     34 2390
     24 2391
     29 2392
     21 2393
     25 2394
     28 2395
     26 2396
     24 2397
     37 2398
     33 2399
     35 2400
     24 2401
     30 2402
     37 2403
     29 2404
     31 2405
     33 2406
     24 2407
     29 2408
     28 2409
     32 2410
     20 2411
     22 2412
     39 2413
     28 2414
     26 2415
     27 2416
     24 2417
     25 2418
     22 2419
     35 2420
     34 2421
     30 2422
     34 2423
     32 2424
     23 2425
     34 2426
     24 2427
     26 2428
     26 2429
     33 2430
     37 2431
     20 2432
     27 2433
     24 2434
     34 2435
     22 2436
     29 2437
     31 2438
     29 2439
     30 2440
     35 2441
     25 2442
     23 2443
     18 2444
     22 2445
     32 2446
     22 2447
     29 2448
     35 2449
     25 2450
     27 2451
     36 2452
     26 2453
     31 2454
     33 2455
     23 2456
     31 2457
     26 2458
     30 2459
     24 2460
     23 2461
     24 2462
     28 2463
     29 2464
     23 2465
     26 2466
     26 2467
     36 2468
     23 2469
     28 2470
     21 2471
     24 2472
     22 2473
     25 2474
     14 2475
     29 2476
     25 2477
     26 2478
     22 2479
     22 2480
     25 2481
     28 2482
     16 2483
     25 2484
     26 2485
     27 2486
     22 2487
     22 2488
     16 2489
     27 2490
     19 2491
     20 2492
     30 2493
     38 2494
     23 2495
     23 2496
     25 2497
     25 2498
     33 2499
     30 2500
     22 2501
     36 2502
     25 2503
     27 2504
     24 2505
     21 2506
     33 2507
     27 2508
     26 2509
     29 2510
     27 2511
     13 2512
     28 2513
     26 2514
     31 2515
     33 2516
     23 2517
     22 2518
     33 2519
     25 2520
     22 2521
     28 2522
     27 2523
     27 2524
     20 2525
     25 2526
     24 2527
     30 2528
     30 2529
     18 2530
     30 2531
     22 2532
     24 2533
     23 2534
     25 2535
     25 2536
     27 2537
     24 2538
     35 2539
     19 2540
     21 2541
     21 2542
     24 2543
     22 2544
     26 2545
     27 2546
     30 2547
     30 2548
     23 2549
     19 2550
     22 2551
     18 2552
     31 2553
     22 2554
     28 2555
     22 2556
     22 2557
     23 2558
     20 2559
     27 2560
     15 2561
     28 2562
     23 2563
     25 2564
     27 2565
     21 2566
     24 2567
     23 2568
     26 2569
     20 2570
     33 2571
     18 2572
     29 2573
     26 2574
     29 2575
     21 2576
     25 2577
     18 2578
     33 2579
     21 2580
     22 2581
     27 2582
     16 2583
     28 2584
     16 2585
     22 2586
     33 2587
     19 2588
     22 2589
     20 2590
     36 2591
     19 2592
     29 2593
     20 2594
     21 2595
     24 2596
     23 2597
     29 2598
     35 2599
     26 2600
     15 2601
     27 2602
     25 2603
     23 2604
     26 2605
     27 2606
     25 2607
     16 2608
     23 2609
     29 2610
     20 2611
     18 2612
     32 2613
     21 2614
     20 2615
     26 2616
     29 2617
     22 2618
     34 2619
     23 2620
     24 2621
     17 2622
     17 2623
     18 2624
     22 2625
     27 2626
     24 2627
     26 2628
     29 2629
     20 2630
     21 2631
     27 2632
     18 2633
     22 2634
     17 2635
     25 2636
     29 2637
     22 2638
     22 2639
     20 2640
     24 2641
     21 2642
     16 2643
     25 2644
     21 2645
     19 2646
     20 2647
     23 2648
     25 2649
     21 2650
     30 2651
     13 2652
     21 2653
     20 2654
     17 2655
     20 2656
     21 2657
     28 2658
     21 2659
     11 2660
     25 2661
     18 2662
     18 2663
     16 2664
     29 2665
     31 2666
     14 2667
     21 2668
     24 2669
     20 2670
     20 2671
     24 2672
     17 2673
     14 2674
     20 2675
     17 2676
     26 2677
     22 2678
     22 2679
     19 2680
     24 2681
     15 2682
     23 2683
     23 2684
     15 2685
     19 2686
     23 2687
     16 2688
     21 2689
     18 2690
     25 2691
     23 2692
     24 2693
     25 2694
     18 2695
     20 2696
     16 2697
     29 2698
     18 2699
     19 2700
     16 2701
     23 2702
     18 2703
     10 2704
     13 2705
     28 2706
     21 2707
     21 2708
     13 2709
     19 2710
     17 2711
     24 2712
     24 2713
     28 2714
     14 2715
     12 2716
     30 2717
     25 2718
     16 2719
     16 2720
     22 2721
     18 2722
     13 2723
     20 2724
     25 2725
     13 2726
     19 2727
     13 2728
     20 2729
     22 2730
     20 2731
     17 2732
     18 2733
     21 2734
     18 2735
     14 2736
     16 2737
     22 2738
     17 2739
     18 2740
     17 2741
     18 2742
     23 2743
     25 2744
     21 2745
     21 2746
     24 2747
     18 2748
     17 2749
     26 2750
     25 2751
     21 2752
     17 2753
     27 2754
     18 2755
     19 2756
     21 2757
     21 2758
     13 2759
     22 2760
     16 2761
     14 2762
     13 2763
     15 2764
     26 2765
     19 2766
     25 2767
     23 2768
     21 2769
     23 2770
     17 2771
     25 2772
     28 2773
     20 2774
     15 2775
     19 2776
     18 2777
     16 2778
     16 2779
     22 2780
     18 2781
     19 2782
     25 2783
     12 2784
     20 2785
     15 2786
     24 2787
     23 2788
     17 2789
     30 2790
     16 2791
     22 2792
     24 2793
     21 2794
     21 2795
     22 2796
     23 2797
     19 2798
     14 2799
     23 2800
     14 2801
     24 2802
     19 2803
     25 2804
     21 2805
     16 2806
     15 2807
     25 2808
     17 2809
     15 2810
     21 2811
     16 2812
     26 2813
     28 2814
     16 2815
     14 2816
     26 2817
     16 2818
     12 2819
     18 2820
     21 2821
     18 2822
     23 2823
     16 2824
     26 2825
     24 2826
     21 2827
     23 2828
     23 2829
     16 2830
     27 2831
     17 2832
     19 2833
     19 2834
     16 2835
     12 2836
     32 2837
     22 2838
     22 2839
     27 2840
     41 2841
     26 2842
     17 2843
     21 2844
     15 2845
     19 2846
     26 2847
     14 2848
     20 2849
     27 2850
     16 2851
     15 2852
     16 2853
     23 2854
     22 2855
     12 2856
     11 2857
     15 2858
     24 2859
     20 2860
     23 2861
     21 2862
     15 2863
     14 2864
     18 2865
     22 2866
     18 2867
     20 2868
     15 2869
     17 2870
     17 2871
     18 2872
     11 2873
     20 2874
     24 2875
     17 2876
     27 2877
     17 2878
     12 2879
     29 2880
     22 2881
     14 2882
     18 2883
     19 2884
     19 2885
     21 2886
     16 2887
     22 2888
     14 2889
     18 2890
     21 2891
     21 2892
     15 2893
     21 2894
     16 2895
     15 2896
     13 2897
     20 2898
     14 2899
     18 2900
     23 2901
     23 2902
     14 2903
      8 2904
     22 2905
     16 2906
     16 2907
     20 2908
     16 2909
     10 2910
     24 2911
     21 2912
     15 2913
     13 2914
     22 2915
     11 2916
     12 2917
     17 2918
     14 2919
     14 2920
     16 2921
     16 2922
     15 2923
     14 2924
     16 2925
     15 2926
     14 2927
     21 2928
     19 2929
     15 2930
     12 2931
     15 2932
     12 2933
     14 2934
     25 2935
     17 2936
     18 2937
     19 2938
     18 2939
     18 2940
     19 2941
     16 2942
     13 2943
     11 2944
     15 2945
     14 2946
     13 2947
     21 2948
     20 2949
     19 2950
     16 2951
     12 2952
     10 2953
     23 2954
     14 2955
     13 2956
     17 2957
     24 2958
     15 2959
     15 2960
     23 2961
     11 2962
     22 2963
     20 2964
     24 2965
     17 2966
     14 2967
     16 2968
     30 2969
     29 2970
     17 2971
     14 2972
     17 2973
     21 2974
     17 2975
     21 2976
     17 2977
     12 2978
     20 2979
     26 2980
     18 2981
     14 2982
     18 2983
     22 2984
     14 2985
     18 2986
     15 2987
     22 2988
     18 2989
     14 2990
     11 2991
     26 2992
     14 2993
     14 2994
     10 2995
     20 2996
     18 2997
     21 2998
     14 2999
     27 3000
     22 3001
     15 3002
     17 3003
     17 3004
     18 3005
     13 3006
     14 3007
     26 3008
     14 3009
     20 3010
     15 3011
     31 3012
     22 3013
     19 3014
     15 3015
     14 3016
     19 3017
     18 3018
     18 3019
     25 3020
     15 3021
     16 3022
     13 3023
     18 3024
     17 3025
     12 3026
     15 3027
     20 3028
     19 3029
     27 3030
     20 3031
     17 3032
     22 3033
     27 3034
     15 3035
     22 3036
     25 3037
     24 3038
     16 3039
     18 3040
     21 3041
     17 3042
     14 3043
      6 3044
     17 3045
     20 3046
     14 3047
     21 3048
     19 3049
     16 3050
      8 3051
     19 3052
     13 3053
     17 3054
     14 3055
     13 3056
      9 3057
     16 3058
     15 3059
     13 3060
     20 3061
     12 3062
     13 3063
     15 3064
     15 3065
      7 3066
     15 3067
     23 3068
     11 3069
     19 3070
     15 3071
     18 3072
     13 3073
     19 3074
     13 3075
     18 3076
     13 3077
      8 3078
     16 3079
     15 3080
     24 3081
     13 3082
     14 3083
     14 3084
     18 3085
     10 3086
     16 3087
     12 3088
     17 3089
     16 3090
     14 3091
     20 3092
     10 3093
     11 3094
     12 3095
     11 3096
     13 3097
     14 3098
     19 3099
     19 3100
     15 3101
     10 3102
     18 3103
     13 3104
     11 3105
     11 3106
     18 3107
     17 3108
     13 3109
     15 3110
     14 3111
     12 3112
     17 3113
     15 3114
     12 3115
     11 3116
     12 3117
      9 3118
      8 3119
     14 3120
     12 3121
     13 3122
     12 3123
     13 3124
     15 3125
     11 3126
     12 3127
     11 3128
     16 3129
     14 3130
     10 3131
     11 3132
     12 3133
     17 3134
     20 3135
     11 3136
     11 3137
     11 3138
      8 3139
     14 3140
     15 3141
     14 3142
     16 3143
     13 3144
     13 3145
     16 3146
     22 3147
     17 3148
     19 3149
     14 3150
     21 3151
     17 3152
     16 3153
     18 3154
     13 3155
      6 3156
     16 3157
     15 3158
     20 3159
     11 3160
     14 3161
     12 3162
      8 3163
     12 3164
     14 3165
     16 3166
     17 3167
     15 3168
     13 3169
     16 3170
     14 3171
     19 3172
     14 3173
     22 3174
     15 3175
     18 3176
     14 3177
     17 3178
     17 3179
     28 3180
     17 3181
     12 3182
     16 3183
     10 3184
     10 3185
     17 3186
     16 3187
      3 3188
     18 3189
     16 3190
     10 3191
     11 3192
     17 3193
     10 3194
     11 3195
     16 3196
      9 3197
     18 3198
     10 3199
     12 3200
     13 3201
     12 3202
     10 3203
     16 3204
     13 3205
      8 3206
      8 3207
     20 3208
     18 3209
     15 3210
     22 3211
     13 3212
     21 3213
     14 3214
     14 3215
     11 3216
     16 3217
      9 3218
     15 3219
     13 3220
     15 3221
     13 3222
     17 3223
     18 3224
     11 3225
     18 3226
     14 3227
     14 3228
     13 3229
     19 3230
     14 3231
      9 3232
     10 3233
     13 3234
     19 3235
     19 3236
     18 3237
     19 3238
     14 3239
     16 3240
     17 3241
     11 3242
     17 3243
     17 3244
      9 3245
     12 3246
     12 3247
     15 3248
     22 3249
     17 3250
     18 3251
     17 3252
     11 3253
     13 3254
     18 3255
     19 3256
      9 3257
     13 3258
     17 3259
     12 3260
      9 3261
     17 3262
     15 3263
     10 3264
     16 3265
     11 3266
     19 3267
     11 3268
      8 3269
     20 3270
     15 3271
     16 3272
     18 3273
     16 3274
     15 3275
      9 3276
     14 3277
     13 3278
     15 3279
     10 3280
     12 3281
     22 3282
     16 3283
     16 3284
      8 3285
     11 3286
     10 3287
     13 3288
     12 3289
     10 3290
     10 3291
     17 3292
     17 3293
     15 3294
      6 3295
      8 3296
     15 3297
     17 3298
      8 3299
     30 3300
     12 3301
     11 3302
     11 3303
      6 3304
     21 3305
     12 3306
      9 3307
     13 3308
     14 3309
     14 3310
     14 3311
     13 3312
     12 3313
     17 3314
     21 3315
     14 3316
     12 3317
     11 3318
     20 3319
     15 3320
     11 3321
     18 3322
     11 3323
     15 3324
      7 3325
      9 3326
     18 3327
     13 3328
     11 3329
     15 3330
      5 3331
     14 3332
     17 3333
      7 3334
     12 3335
      8 3336
     13 3337
     16 3338
     15 3339
     13 3340
     13 3341
     12 3342
     16 3343
     14 3344
     18 3345
     19 3346
     13 3347
     15 3348
     18 3349
     15 3350
     17 3351
      9 3352
     13 3353
     16 3354
     10 3355
     12 3356
     15 3357
     13 3358
     26 3359
     10 3360
     14 3361
     16 3362
     18 3363
     15 3364
     11 3365
     10 3366
     13 3367
     12 3368
     13 3369
     16 3370
     11 3371
      5 3372
      9 3373
     19 3374
      9 3375
     13 3376
      7 3377
     15 3378
     10 3379
     14 3380
     15 3381
     10 3382
      9 3383
     15 3384
     14 3385
     11 3386
      7 3387
     12 3388
     11 3389
      9 3390
     10 3391
     12 3392
     11 3393
     15 3394
      8 3395
     12 3396
     11 3397
     15 3398
      9 3399
     11 3400
      8 3401
      6 3402
      6 3403
      7 3404
     16 3405
      9 3406
     16 3407
      8 3408
     15 3409
     10 3410
      9 3411
     11 3412
      9 3413
     10 3414
     16 3415
     18 3416
      9 3417
     17 3418
      8 3419
      7 3420
     15 3421
     10 3422
     13 3423
     10 3424
     13 3425
     14 3426
     12 3427
     11 3428
     10 3429
      8 3430
     11 3431
     15 3432
      5 3433
     10 3434
      4 3435
      9 3436
     14 3437
     15 3438
     10 3439
     10 3440
      9 3441
      8 3442
      7 3443
     11 3444
      8 3445
     12 3446
     14 3447
     11 3448
     11 3449
     11 3450
      9 3451
      8 3452
     13 3453
     15 3454
     17 3455
      7 3456
      6 3457
     12 3458
     16 3459
     10 3460
      6 3461
      9 3462
      9 3463
     10 3464
     12 3465
      6 3466
      6 3467
     14 3468
     11 3469
      5 3470
     13 3471
     11 3472
     11 3473
     20 3474
     11 3475
      7 3476
     11 3477
     12 3478
     10 3479
      7 3480
     14 3481
      6 3482
     11 3483
      8 3484
      8 3485
     11 3486
      8 3487
      7 3488
     11 3489
      9 3490
     10 3491
     11 3492
      9 3493
     10 3494
     10 3495
     10 3496
     15 3497
     11 3498
      8 3499
     13 3500
     10 3501
     10 3502
     15 3503
      8 3504
     12 3505
      6 3506
     10 3507
     10 3508
      9 3509
     16 3510
      9 3511
     10 3512
     12 3513
     14 3514
     13 3515
     10 3516
     14 3517
     10 3518
      6 3519
      5 3520
      9 3521
      6 3522
      7 3523
      4 3524
      8 3525
     12 3526
      6 3527
      7 3528
     11 3529
      6 3530
      8 3531
     15 3532
      4 3533
      3 3534
     10 3535
     10 3536
     11 3537
     12 3538
      7 3539
     11 3540
     13 3541
     10 3542
     10 3543
     10 3544
     15 3545
     15 3546
      5 3547
     17 3548
     10 3549
     15 3550
      8 3551
     11 3552
      4 3553
     11 3554
     10 3555
     13 3556
      6 3557
      8 3558
     10 3559
     14 3560
      9 3561
      7 3562
     13 3563
     15 3564
      7 3565
     11 3566
      9 3567
      3 3568
      8 3569
     13 3570
     14 3571
      5 3572
      4 3573
     10 3574
     14 3575
      7 3576
     14 3577
      6 3578
      8 3579
     12 3580
      8 3581
     14 3582
     14 3583
     13 3584
     11 3585
     10 3586
      9 3587
      5 3588
      6 3589
     10 3590
     10 3591
      7 3592
      9 3593
      6 3594
     10 3595
      9 3596
     12 3597
     13 3598
      8 3599
      8 3600
     17 3601
     11 3602
      8 3603
      8 3604
      8 3605
     10 3606
     12 3607
      8 3608
     12 3609
      9 3610
     11 3611
      2 3612
     10 3613
      9 3614
     15 3615
     12 3616
     11 3617
     15 3618
     13 3619
      4 3620
     12 3621
     20 3622
      9 3623
     14 3624
     10 3625
     13 3626
      9 3627
     10 3628
     16 3629
      9 3630
      7 3631
      8 3632
     11 3633
      9 3634
     15 3635
     13 3636
     13 3637
     17 3638
      8 3639
     16 3640
      8 3641
      7 3642
     13 3643
      7 3644
     10 3645
     15 3646
      7 3647
     11 3648
     10 3649
      6 3650
     13 3651
      5 3652
     12 3653
     11 3654
     11 3655
     20 3656
      7 3657
      9 3658
      8 3659
      4 3660
      9 3661
      3 3662
      8 3663
      5 3664
      5 3665
     15 3666
     11 3667
      5 3668
      7 3669
     10 3670
      8 3671
     14 3672
      6 3673
     11 3674
      8 3675
     12 3676
      4 3677
     10 3678
     11 3679
     10 3680
      7 3681
     11 3682
      9 3683
     10 3684
     11 3685
     12 3686
     14 3687
     11 3688
      7 3689
     12 3690
      8 3691
      5 3692
      5 3693
      4 3694
      9 3695
     16 3696
     16 3697
      7 3698
     18 3699
      7 3700
     10 3701
     13 3702
      8 3703
      9 3704
     10 3705
      6 3706
     12 3707
     10 3708
      3 3709
     12 3710
      6 3711
      7 3712
      3 3713
      9 3714
      8 3715
     10 3716
      8 3717
     10 3718
     11 3719
     12 3720
     12 3721
      9 3722
     12 3723
      8 3724
     12 3725
     11 3726
     12 3727
      7 3728
      5 3729
     15 3730
      6 3731
     17 3732
     17 3733
      7 3734
     10 3735
     10 3736
     14 3737
     15 3738
     11 3739
     12 3740
      5 3741
      6 3742
      5 3743
     14 3744
     14 3745
     10 3746
     16 3747
     10 3748
     17 3749
     10 3750
      4 3751
     10 3752
      8 3753
      7 3754
      8 3755
      9 3756
     10 3757
      8 3758
     11 3759
      6 3760
      4 3761
      6 3762
      9 3763
     10 3764
      3 3765
      8 3766
      7 3767
      7 3768
      8 3769
     15 3770
      6 3771
      9 3772
      7 3773
     10 3774
      9 3775
      5 3776
     12 3777
     12 3778
      6 3779
      8 3780
     11 3781
     11 3782
      8 3783
      8 3784
     10 3785
      7 3786
      8 3787
      9 3788
      5 3789
     13 3790
      4 3791
     12 3792
     15 3793
      9 3794
      6 3795
     10 3796
      8 3797
      8 3798
      6 3799
     10 3800
      4 3801
      7 3802
      7 3803
     11 3804
      5 3805
     10 3806
      7 3807
      9 3808
      7 3809
      8 3810
      9 3811
      7 3812
     13 3813
      5 3814
      8 3815
     19 3816
      3 3817
      1 3818
      3 3819
     11 3820
      7 3821
      5 3822
      6 3823
      8 3824
     12 3825
      9 3826
      6 3827
      8 3828
      6 3829
     12 3830
      6 3831
     10 3832
     12 3833
     14 3834
      9 3835
     10 3836
      5 3837
      5 3838
      9 3839
      7 3840
      5 3841
      7 3842
      3 3843
      8 3844
     13 3845
      6 3846
      6 3847
      9 3848
      3 3849
     10 3850
      5 3851
      8 3852
      7 3853
     10 3854
      9 3855
     10 3856
     11 3857
      3 3858
      9 3859
      3 3860
      2 3861
      7 3862
      9 3863
      8 3864
      6 3865
      9 3866
     15 3867
      9 3868
      6 3869
      7 3870
     10 3871
      5 3872
      7 3873
      4 3874
      8 3875
      4 3876
      5 3877
      9 3878
      6 3879
      8 3880
     10 3881
      7 3882
      5 3883
      8 3884
      2 3885
     10 3886
     12 3887
      6 3888
      7 3889
      7 3890
      9 3891
      5 3892
      7 3893
      6 3894
      8 3895
     13 3896
     14 3897
      8 3898
      5 3899
      7 3900
      3 3901
      5 3902
     10 3903
      8 3904
      9 3905
      9 3906
      7 3907
     11 3908
      5 3909
     10 3910
      7 3911
      9 3912
      3 3913
     14 3914
      4 3915
      7 3916
      6 3917
      6 3918
     14 3919
      9 3920
      9 3921
      6 3922
      7 3923
      7 3924
      8 3925
      5 3926
     10 3927
      5 3928
     15 3929
      3 3930
      7 3931
      7 3932
      9 3933
      6 3934
      4 3935
      7 3936
      7 3937
      6 3938
     14 3939
     10 3940
      6 3941
      8 3942
      7 3943
      8 3944
     10 3945
     10 3946
     12 3947
      5 3948
     10 3949
      7 3950
      9 3951
     10 3952
     12 3953
     11 3954
      7 3955
      9 3956
      8 3957
      6 3958
      6 3959
     10 3960
      5 3961
      7 3962
      7 3963
      3 3964
      7 3965
      6 3966
      3 3967
      5 3968
      6 3969
      5 3970
      6 3971
     13 3972
      5 3973
      2 3974
      5 3975
      7 3976
      7 3977
      6 3978
      5 3979
      3 3980
      8 3981
     10 3982
      7 3983
      7 3984
      8 3985
      7 3986
     13 3987
      9 3988
      9 3989
      6 3990
      6 3991
      4 3992
      7 3993
      8 3994
      8 3995
     10 3996
      6 3997
      9 3998
      6 3999
      5 4000
      5 4001
     11 4002
      6 4003
      7 4004
      2 4005
      2 4006
      2 4007
      5 4008
      2 4009
      6 4010
      5 4011
      5 4012
      8 4013
      7 4014
      5 4015
      5 4016
      1 4017
      8 4018
      3 4019
      6 4020
      3 4021
      5 4022
      7 4023
      4 4024
      7 4025
      4 4026
      9 4027
      8 4028
      8 4029
      4 4030
      2 4031
      1 4032
      5 4033
      5 4034
      6 4035
      4 4036
      5 4037
      4 4038
      7 4039
      5 4040
      5 4041
      9 4042
      4 4043
      7 4044
      6 4045
      4 4046
      4 4047
      3 4048
     11 4049
      9 4050
      4 4051
     10 4052
      6 4053
      2 4054
      2 4055
      7 4056
      8 4057
      7 4058
      9 4059
      1 4060
     10 4061
      6 4062
      5 4063
      3 4064
      3 4065
      8 4066
      5 4067
      5 4068
      4 4069
      3 4070
      4 4071
      8 4072
      7 4073
      4 4074
      7 4075
      7 4076
      3 4077
      8 4078
      3 4079
      6 4080
      4 4081
      6 4082
      3 4083
      3 4084
      5 4085
      6 4086
      4 4087
      8 4088
      2 4089
      4 4090
      5 4091
      7 4092
      6 4093
      3 4094
      4 4095
      6 4096
      1 4097
      6 4098
      5 4099
      2 4100
      9 4101
      4 4102
      8 4103
      2 4104
      6 4105
      5 4106
      5 4107
     10 4108
      6 4109
      5 4110
      5 4111
      5 4112
      7 4113
      4 4114
      6 4115
     10 4116
      6 4117
      6 4118
      3 4119
      6 4120
      5 4121
      9 4122
      9 4123
      8 4124
      7 4125
      3 4126
      5 4127
      2 4128
      5 4129
      5 4130
      4 4131
      6 4132
      4 4133
      6 4134
      5 4135
      2 4136
      3 4137
      8 4138
      7 4139
      4 4140
      8 4141
     10 4142
      7 4143
      3 4144
      6 4145
      4 4146
      5 4147
      3 4148
      5 4149
      7 4150
      5 4151
      5 4152
      5 4153
      5 4154
      3 4155
      8 4156
      7 4157
      5 4158
      6 4159
      3 4160
      4 4161
      5 4162
      9 4163
      3 4164
      5 4165
      5 4166
      8 4167
      9 4168
      7 4169
      5 4170
      8 4171
      7 4172
      9 4173
      6 4174
      3 4175
     14 4176
      4 4177
      5 4178
      5 4179
      3 4180
      5 4181
      6 4182
      9 4183
      8 4184
      9 4185
      7 4186
      7 4187
      5 4188
      8 4189
      7 4190
     10 4191
     12 4192
      8 4193
      7 4194
      6 4195
     11 4196
      8 4197
      5 4198
     12 4199
      6 4200
     14 4201
      4 4202
     11 4203
      6 4204
      9 4205
      2 4206
      7 4207
      5 4208
      5 4209
      3 4210
      5 4211
      6 4212
      8 4213
      9 4214
      4 4215
      4 4216
      8 4217
      7 4218
      8 4219
      5 4220
      7 4221
      8 4222
      6 4223
      6 4224
      5 4225
      3 4226
      2 4227
      7 4228
      7 4229
      8 4230
      3 4231
      7 4232
      6 4233
      6 4234
      7 4235
      4 4236
      6 4237
      5 4238
      9 4239
      7 4240
      4 4241
      8 4242
      1 4243
      4 4244
      8 4245
      7 4246
      6 4247
      6 4248
      5 4249
      6 4250
      6 4251
      6 4252
      7 4253
      7 4254
      3 4255
      6 4256
      4 4257
      4 4258
      9 4259
      7 4260
      5 4261
      1 4262
      9 4263
      3 4264
      8 4265
      6 4266
      7 4267
      6 4268
     10 4269
     11 4270
      2 4271
      2 4272
      6 4273
     11 4274
      7 4275
      4 4276
      7 4277
      3 4278
      4 4279
      7 4280
      5 4281
      9 4282
      4 4283
      3 4284
      8 4285
      6 4286
      6 4287
      7 4288
      2 4289
      5 4290
      3 4291
      1 4292
      5 4293
      2 4294
      7 4295
      6 4296
      5 4297
      6 4298
      3 4299
      5 4300
      5 4301
      5 4302
      6 4303
      4 4304
      4 4305
      3 4306
      5 4307
      8 4308
      7 4309
      3 4310
      6 4311
      7 4312
      2 4313
      3 4314
      5 4315
      4 4316
      2 4317
      7 4318
      8 4319
      7 4320
      3 4321
      4 4322
      6 4323
      8 4324
      4 4325
      4 4326
     11 4327
      4 4328
      2 4329
      4 4330
      9 4331
      1 4332
      4 4333
      8 4334
      8 4335
      5 4336
      2 4337
      6 4338
      6 4339
      9 4340
      5 4341
      3 4342
      5 4343
      5 4344
      5 4345
      1 4346
      9 4347
      4 4348
      7 4349
      2 4350
     12 4351
      7 4352
      3 4353
      8 4354
      3 4355
      4 4356
     11 4357
      1 4358
      7 4359
      5 4360
      5 4361
      4 4362
      5 4363
      9 4364
      6 4365
      4 4366
      9 4367
      6 4368
      6 4369
      3 4370
      4 4371
      5 4372
      9 4373
      7 4374
      4 4375
      8 4376
      7 4377
      7 4378
      7 4379
      2 4380
      6 4381
      1 4382
      7 4383
      4 4384
      6 4385
      7 4386
      8 4387
      3 4388
      4 4389
      2 4390
      6 4391
      4 4392
      8 4393
      5 4394
      7 4395
      5 4396
      7 4397
      6 4398
      5 4399
      3 4400
      4 4401
      5 4402
      6 4403
      7 4404
      2 4405
      3 4406
      2 4407
      5 4408
      7 4409
      7 4410
      6 4411
      8 4412
      8 4413
      5 4414
      6 4415
      5 4416
      7 4417
      7 4418
      7 4419
     10 4420
      6 4421
      1 4422
      5 4423
      5 4424
      6 4425
     10 4426
      4 4427
      2 4428
      5 4429
      1 4430
      5 4431
      6 4432
      9 4433
      8 4434
      2 4435
      3 4436
      4 4437
      6 4438
      5 4439
      7 4440
      3 4441
      7 4442
     10 4443
      2 4444
      5 4445
      2 4446
      5 4447
      5 4448
      2 4449
      6 4450
      5 4451
      8 4452
      6 4453
      1 4454
     13 4455
      6 4456
      6 4457
      5 4458
      7 4459
      5 4460
      2 4461
      5 4462
      5 4463
      6 4464
      3 4465
      2 4466
      5 4467
      7 4468
     10 4469
      6 4470
      5 4471
      7 4472
      6 4473
      6 4474
      4 4475
      5 4476
      3 4477
      4 4478
      8 4479
      9 4480
      3 4481
      2 4482
      6 4483
      4 4484
      5 4485
      6 4486
      2 4487
      7 4488
      2 4489
      5 4490
      5 4491
      4 4492
      4 4493
      2 4494
      4 4495
      1 4496
      5 4497
      2 4498
      5 4499
      7 4500
      7 4501
      5 4502
      5 4503
      7 4504
      7 4505
      6 4506
      9 4507
      3 4508
      6 4509
      5 4510
      6 4511
      7 4512
      6 4513
      3 4514
      4 4515
      3 4516
      5 4517
      5 4518
      7 4519
      7 4520
      3 4521
      7 4522
      4 4523
      8 4524
     10 4525
      4 4526
      4 4527
      4 4528
      7 4529
      6 4530
      6 4531
      9 4532
      9 4533
      3 4534
      3 4535
      7 4536
      6 4537
      8 4538
      2 4539
      5 4540
      5 4541
      3 4542
      8 4543
      2 4544
      3 4545
      4 4546
      1 4548
      3 4549
      1 4550
      3 4551
      8 4552
      3 4553
      1 4554
      5 4555
      7 4556
      4 4558
      4 4559
      7 4560
      2 4561
      4 4562
      7 4563
      1 4564
      3 4565
      4 4566
      3 4567
      9 4568
      3 4569
      1 4570
      2 4571
      4 4572
      2 4573
      7 4574
      6 4575
      6 4576
      5 4577
      3 4578
      3 4579
      6 4580
      5 4581
      2 4582
      5 4583
      8 4584
      5 4585
      7 4586
      5 4587
      3 4588
      2 4589
      5 4590
      5 4591
      3 4592
      2 4593
      2 4594
      4 4595
      7 4596
      5 4597
      8 4598
      1 4599
      2 4600
      2 4601
      4 4602
      3 4603
      4 4604
      5 4605
      4 4606
      2 4607
      8 4608
      3 4609
      4 4610
      3 4611
      3 4612
      1 4613
      5 4614
      3 4615
      3 4616
      3 4617
      2 4618
      8 4619
      4 4620
      3 4621
      3 4623
      3 4624
      6 4625
      1 4626
      6 4627
      4 4628
      2 4629
      5 4630
      2 4631
      7 4632
      3 4633
      2 4634
      3 4635
      2 4636
      2 4637
      4 4638
      7 4639
      1 4640
      6 4641
      4 4642
      3 4643
      4 4644
      5 4645
      2 4646
      4 4647
      2 4648
      2 4649
      3 4650
      2 4651
      6 4652
      4 4653
      6 4654
      2 4655
      3 4656
      3 4657
      3 4658
      3 4659
      4 4660
      8 4662
      5 4663
      1 4664
      7 4665
      4 4666
      5 4667
      4 4668
      4 4669
      3 4670
      3 4671
      1 4672
      4 4673
      6 4674
      2 4675
      3 4676
      4 4677
      1 4678
      4 4679
      5 4680
      3 4681
      3 4682
      4 4683
      4 4685
      2 4686
      2 4687
      4 4688
      1 4689
      3 4690
      5 4691
     10 4693
      8 4694
      5 4695
      1 4696
      7 4697
      7 4698
      9 4699
      3 4700
      6 4701
      6 4702
      2 4703
      6 4704
      6 4705
      3 4706
      3 4707
      5 4708
      4 4709
      1 4710
      3 4711
      5 4712
      1 4713
      5 4714
      2 4715
      2 4716
      3 4717
      5 4718
      2 4719
      3 4720
      3 4721
      6 4722
      4 4723
      6 4724
      7 4725
      5 4726
      4 4727
      4 4728
      7 4729
      6 4730
      2 4731
      4 4732
      2 4733
      2 4734
      5 4735
      6 4736
      1 4737
      2 4738
      2 4739
      4 4740
      5 4741
      5 4742
      9 4743
      3 4744
      3 4745
      6 4746
      5 4747
      2 4748
      7 4749
      6 4750
      5 4751
      7 4752
      4 4753
      8 4754
      1 4755
      3 4756
      3 4757
      4 4758
      2 4759
      5 4760
      5 4761
      5 4762
      1 4763
      3 4764
      8 4765
      2 4766
      3 4767
      4 4768
      1 4769
      2 4770
      4 4771
      6 4772
      5 4773
      5 4774
      2 4775
      2 4776
      3 4777
      4 4778
      5 4779
      6 4780
      3 4781
      4 4782
      4 4783
      5 4784
      2 4785
      4 4786
      4 4787
      5 4788
      2 4789
      6 4790
      4 4791
      7 4792
      5 4793
      6 4794
      2 4795
      3 4796
      5 4797
      6 4798
      4 4799
      4 4800
      7 4801
      3 4802
      4 4803
      5 4804
      4 4805
      2 4806
      7 4807
      7 4808
      4 4809
      5 4810
      3 4811
      5 4812
      5 4813
      4 4814
      5 4815
      6 4816
      6 4817
      2 4818
      6 4819
      3 4820
      5 4821
      6 4822
      4 4823
      4 4824
      3 4825
      3 4826
      2 4827
      2 4828
      1 4829
      3 4830
      5 4831
      6 4832
      5 4833
      4 4834
      3 4835
      3 4836
      5 4837
      2 4838
      4 4839
      1 4841
      2 4842
      4 4843
      3 4844
      4 4845
      5 4846
      3 4847
      1 4848
      7 4849
      2 4850
      3 4852
      3 4853
      3 4854
      4 4855
      5 4856
      2 4857
      2 4858
      2 4859
      1 4860
      1 4861
      1 4863
      6 4864
      5 4865
      5 4866
      7 4867
      1 4868
      2 4869
      3 4870
      2 4871
      1 4872
      5 4873
      3 4874
      3 4875
      5 4876
      6 4877
      2 4878
      1 4879
      1 4880
      6 4881
      3 4882
      3 4883
      3 4884
      2 4885
      2 4886
      5 4887
      4 4888
      6 4889
      4 4890
      2 4891
      3 4892
      4 4893
      7 4894
      2 4895
      2 4896
      2 4897
      1 4898
      1 4899
      2 4901
      5 4902
      2 4903
      5 4904
      6 4905
      2 4906
      4 4907
      4 4908
      1 4909
      4 4910
      2 4912
      3 4913
      1 4914
      5 4915
      5 4916
      2 4917
      1 4918
      2 4919
      5 4920
      2 4921
      1 4922
      3 4923
      1 4924
      2 4925
      3 4926
      4 4927
      5 4928
      2 4929
      2 4932
      3 4933
      3 4934
      2 4935
      2 4936
      4 4937
      3 4938
      2 4939
      5 4940
      2 4942
      1 4943
      1 4945
      4 4946
      3 4947
      2 4948
      2 4949
      3 4950
      3 4951
      3 4952
      3 4953
      5 4954
      5 4955
      3 4956
      4 4957
      4 4958
      4 4959
      3 4960
      4 4961
      3 4962
      2 4963
      3 4964
      1 4967
      3 4968
      3 4970
      2 4971
      4 4972
      2 4973
      2 4974
      3 4975
      2 4976
      3 4977
      4 4978
      4 4979
      4 4980
      1 4981
      3 4982
      4 4983
      1 4984
      2 4985
      5 4986
      4 4987
      2 4988
      1 4989
      2 4990
      1 4991
      1 4992
      3 4993
      2 4994
      3 4996
      4 4997
      5 4998
      3 4999
      3 5000
      3 5001
      2 5003
      2 5004
      4 5005
      5 5006
      4 5007
      1 5008
      1 5009
      1 5010
      1 5011
      4 5012
      6 5013
      1 5014
      1 5015
      3 5016
      2 5018
      3 5019
      3 5020
      3 5021
      2 5022
      5 5023
      1 5024
      2 5025
      1 5026
      6 5027
      1 5028
      4 5029
      1 5030
      2 5031
      3 5032
      1 5033
      3 5034
      1 5035
      1 5036
      2 5037
      5 5038
      3 5039
      1 5040
      3 5041
      2 5042
      2 5043
      1 5044
      2 5045
      2 5046
      1 5048
      3 5049
      1 5050
      4 5051
      2 5052
      2 5053
      3 5054
      1 5056
      5 5057
      2 5058
      1 5059
      1 5060
      2 5061
      2 5062
      4 5063
      1 5064
      2 5065
      2 5066
      1 5067
      5 5069
      1 5070
      6 5071
      1 5072
      1 5073
      2 5074
      1 5075
      1 5076
      4 5077
      2 5078
      1 5079
      3 5082
      3 5083
      5 5084
      6 5086
      2 5087
      1 5088
      2 5089
      3 5090
      1 5091
      2 5092
      4 5093
      2 5094
      3 5095
      4 5096
      4 5097
      1 5098
      5 5099
      3 5100
      6 5101
      1 5102
      1 5103
      3 5104
      3 5105
      6 5106
      3 5107
      2 5108
      4 5109
      3 5110
      2 5111
      4 5112
      2 5113
      1 5114
      6 5115
      3 5116
      3 5117
      4 5118
      3 5119
      6 5120
      3 5121
      5 5122
      4 5123
      5 5124
      2 5125
      6 5126
      3 5127
      1 5128
      3 5129
      1 5130
      5 5131
      1 5132
      3 5133
      3 5134
      3 5135
      3 5136
      1 5137
      1 5138
      4 5139
      3 5140
      1 5142
      1 5143
      1 5144
      3 5145
      3 5146
      3 5147
      5 5148
      2 5149
      3 5150
      2 5152
      1 5153
      6 5154
      2 5155
      4 5156
      6 5157
      1 5158
      2 5159
      1 5160
      4 5161
      3 5162
      5 5163
      5 5164
      1 5165
      6 5166
      6 5167
      1 5168
      4 5169
      2 5171
      4 5172
      2 5173
      3 5174
      4 5175
      3 5176
      1 5177
      5 5178
      1 5179
      2 5180
      2 5181
      3 5182
      1 5183
      1 5184
      3 5185
      3 5186
      2 5187
      3 5188
      5 5189
      3 5190
      5 5191
      2 5192
      2 5193
      5 5194
      6 5195
      3 5197
      2 5199
      3 5201
      2 5202
      5 5203
      2 5204
      2 5205
      2 5206
      1 5209
      2 5210
      5 5212
      2 5213
      3 5214
      2 5215
      1 5216
      2 5217
      2 5218
      1 5219
      3 5220
      2 5221
      2 5222
      3 5223
      1 5224
      3 5225
      4 5226
      1 5227
      4 5228
      4 5229
      2 5230
      3 5231
      5 5232
      1 5233
      2 5234
      3 5235
      4 5236
      1 5237
      1 5238
      4 5239
      1 5240
      1 5241
      1 5242
      3 5243
      1 5245
      3 5246
      3 5247
      1 5248
      5 5249
      1 5250
      4 5251
      2 5252
      2 5253
      4 5254
      2 5255
      3 5256
      2 5257
      2 5258
      2 5259
      7 5260
      4 5261
      3 5262
      4 5263
      2 5264
      2 5265
      6 5266
      1 5268
      5 5269
      4 5270
      1 5271
      2 5272
      3 5273
      1 5274
      1 5275
      2 5276
      1 5277
      2 5278
      3 5279
      2 5280
      3 5281
      3 5282
      1 5283
      1 5284
      1 5285
      4 5287
      2 5289
      1 5290
      2 5291
      3 5292
      1 5293
      1 5294
      1 5295
      4 5296
      2 5297
      3 5298
      1 5299
      1 5300
      1 5301
      2 5302
      3 5303
      2 5304
      1 5305
      2 5306
      1 5307
      1 5309
      3 5311
      5 5312
      5 5313
      3 5314
      1 5315
      2 5316
      1 5317
      2 5318
      1 5319
      1 5320
      2 5321
      2 5323
      3 5324
      1 5325
      4 5326
      2 5327
      3 5328
      1 5329
      2 5330
      1 5332
      4 5333
      2 5335
      4 5336
      3 5337
      2 5338
      1 5339
      2 5340
      4 5341
      3 5342
      1 5343
      2 5344
      2 5345
      2 5346
      4 5348
      2 5349
      1 5350
      4 5351
      2 5352
      2 5353
      4 5354
      2 5356
      1 5357
      2 5358
      3 5359
      2 5360
      4 5361
      2 5362
      4 5364
      1 5365
      4 5366
      2 5367
      3 5368
      2 5369
      2 5370
      2 5371
      1 5372
      1 5373
      4 5375
      4 5376
      2 5378
      1 5379
      3 5383
      2 5384
      3 5385
      2 5386
      2 5387
      2 5388
      2 5389
      2 5390
      1 5391
      1 5392
      4 5393
      2 5394
      1 5395
      2 5396
      1 5397
      1 5398
      2 5399
      1 5401
      1 5402
      1 5403
      7 5404
      1 5405
      2 5407
      1 5409
      5 5411
      4 5412
      2 5414
      2 5415
      4 5416
      4 5417
      4 5418
      2 5419
      2 5420
      1 5421
      1 5422
      1 5423
      2 5424
      1 5425
      5 5426
      3 5427
      1 5428
      6 5429
      4 5430
      1 5431
      4 5432
      3 5433
      4 5435
      2 5436
      1 5437
      1 5438
      3 5439
      2 5440
      3 5441
      3 5442
      1 5443
      3 5444
      4 5445
      5 5446
      1 5447
      4 5448
      1 5449
      3 5450
      2 5451
      1 5452
      1 5453
      3 5454
      2 5455
      3 5456
      1 5457
      4 5458
      1 5459
      1 5461
      6 5462
      1 5464
      1 5465
      3 5466
      3 5468
      2 5469
      4 5470
      5 5471
      3 5472
      7 5473
      4 5474
      3 5475
      2 5476
      1 5477
      2 5478
      4 5480
      2 5481
      4 5482
      2 5483
      3 5484
      3 5485
      1 5486
      1 5487
      2 5488
      2 5489
      2 5490
      4 5491
      2 5492
      1 5493
      3 5494
      2 5496
      3 5497
      2 5498
      6 5499
      1 5500
      5 5501
      3 5502
      3 5503
      5 5504
      2 5506
      1 5507
      3 5508
      3 5509
      4 5510
      1 5512
      3 5513
      4 5514
      1 5515
      1 5516
      1 5517
      1 5518
      2 5519
      2 5520
      2 5521
      2 5522
      6 5523
      2 5524
      4 5526
      5 5527
      2 5528
      1 5529
      1 5530
      6 5531
      2 5532
      2 5534
      2 5535
      1 5536
      2 5537
      1 5539
      2 5540
      5 5541
      1 5542
      1 5543
      3 5544
      4 5545
      5 5546
      4 5547
      5 5548
      2 5549
      2 5550
      2 5551
      4 5552
      2 5553
      3 5554
      1 5555
      1 5556
      1 5558
      1 5559
      3 5560
      5 5561
      2 5562
      1 5563
      6 5564
      3 5565
      3 5566
      2 5567
      5 5568
      3 5569
      7 5570
      1 5571
      2 5572
      3 5573
      1 5574
      2 5575
      1 5576
      3 5577
      2 5578
      2 5579
      3 5580
      4 5583
      3 5584
      3 5586
      3 5587
      2 5589
      2 5590
      4 5591
      3 5592
      2 5593
      1 5595
      1 5596
      1 5597
      3 5598
      3 5600
      2 5601
      3 5602
      3 5603
      5 5604
      1 5605
      3 5606
      3 5607
      1 5608
      8 5609
      2 5610
      2 5611
      4 5613
      1 5614
      1 5615
      1 5616
      2 5617
      1 5618
      3 5619
      1 5620
      2 5622
      2 5623
      2 5624
      1 5626
      2 5627
      1 5628
      2 5629
      2 5630
      1 5631
      1 5633
      3 5634
      4 5635
      2 5637
      1 5638
      4 5639
      2 5640
      2 5641
      3 5642
      2 5643
      1 5644
      3 5645
      2 5646
      2 5647
      1 5648
      2 5649
      4 5650
      2 5651
      3 5652
      1 5653
      3 5654
      2 5655
      3 5656
      1 5658
      3 5659
      4 5660
      2 5662
      2 5664
      1 5665
      3 5666
      3 5668
      1 5669
      3 5670
      4 5671
      2 5672
      2 5673
      1 5674
      1 5676
      3 5677
      2 5678
      2 5679
      1 5680
      4 5681
      3 5682
      3 5683
      1 5684
      2 5686
      1 5688
      2 5690
      5 5691
      1 5692
      2 5693
      4 5694
      2 5696
      5 5697
      5 5698
      3 5699
      1 5700
      2 5702
      2 5703
      1 5704
      1 5705
      1 5706
      4 5708
      3 5709
      4 5711
      3 5712
      2 5713
      1 5714
      4 5715
      3 5716
      7 5717
      4 5718
      3 5719
      1 5720
      5 5721
      1 5722
     10 5723
      4 5724
      1 5725
      5 5726
      6 5727
      2 5728
      2 5729
      3 5730
      2 5731
      4 5732
      2 5733
      4 5734
      4 5735
      5 5736
      3 5737
      4 5738
      7 5739
      1 5740
      5 5741
      4 5742
      4 5743
      3 5744
      3 5745
      1 5746
      3 5747
      2 5748
      3 5749
      4 5750
      5 5751
      2 5752
      3 5753
      2 5754
      3 5755
      1 5756
      2 5757
      2 5759
      2 5760
      1 5761
      3 5762
      2 5763
      5 5764
      4 5765
      2 5766
      2 5767
      2 5768
      2 5770
      1 5771
      3 5772
      4 5773
      4 5775
      1 5776
      1 5777
      5 5779
      1 5780
      1 5781
      1 5782
      2 5783
      1 5784
      1 5785
      5 5786
      1 5787
      3 5788
      2 5789
      1 5791
      2 5792
      2 5795
      4 5796
      1 5797
      3 5798
      2 5799
      2 5802
      5 5803
      1 5804
      1 5807
      1 5811
      3 5812
      1 5813
      1 5815
      1 5816
      2 5817
      2 5818
      1 5819
      5 5820
      1 5821
      2 5823
      2 5825
      1 5827
      1 5828
      3 5829
      1 5831
      1 5832
      2 5833
      4 5834
      2 5838
      4 5839
      1 5841
      1 5843
      2 5844
      1 5845
      3 5846
      1 5847
      2 5848
      1 5849
      1 5850
      1 5851
      1 5852
      2 5853
      3 5854
      2 5855
      3 5856
      1 5857
      1 5860
      2 5861
      3 5862
      2 5863
      1 5864
      1 5865
      2 5866
      3 5868
      2 5869
      3 5870
      1 5871
      2 5872
      2 5873
      1 5875
      3 5876
      2 5877
      3 5878
      2 5880
      3 5881
      2 5882
      1 5884
      2 5885
      1 5886
      2 5887
      3 5888
      2 5889
      2 5891
      3 5892
      2 5893
      2 5894
      3 5895
      1 5896
      1 5898
      4 5900
      1 5902
      1 5904
      4 5905
      2 5906
      2 5907
      1 5908
      3 5909
      2 5910
      1 5911
      1 5912
      1 5913
      1 5915
      4 5916
      1 5917
      1 5920
      1 5921
      1 5922
      1 5923
      1 5924
      2 5925
      2 5926
      1 5927
      1 5928
      2 5929
      1 5931
      6 5933
      1 5934
      2 5935
      1 5936
      1 5937
      2 5938
      3 5940
      1 5941
      1 5942
      1 5943
      1 5945
      1 5946
      3 5948
      2 5949
      2 5951
      3 5952
      2 5953
      1 5954
      2 5955
      2 5957
      1 5959
      1 5960
      2 5961
      1 5964
      2 5965
      1 5966
      1 5967
      1 5969
      2 5970
      3 5971
      1 5972
      2 5974
      1 5975
      2 5978
      2 5979
      1 5980
      2 5983
      1 5985
      1 5986
      2 5987
      2 5988
      2 5990
      2 5994
      1 5995
      2 5997
      1 5998
      2 5999
      2 6000
      2 6002
      4 6004
      1 6005
      4 6006
      4 6008
      1 6009
      3 6010
      1 6011
      2 6013
      1 6014
      3 6015
      3 6016
      2 6017
      2 6019
      2 6020
      4 6021
      2 6022
      3 6023
      4 6024
      1 6025
      1 6026
      2 6029
      2 6031
      7 6032
      1 6033
      1 6034
      4 6036
      3 6037
      1 6038
      4 6040
      3 6041
      2 6042
      6 6043
      3 6045
      2 6046
      2 6047
      2 6048
      1 6049
      2 6050
      3 6051
      2 6052
      1 6053
      2 6054
      3 6055
      3 6056
      3 6057
      3 6059
      4 6060
      3 6061
      2 6062
      2 6063
      1 6064
      4 6065
      9 6066
      6 6067
      3 6068
      2 6069
      4 6070
      3 6071
      2 6072
      3 6073
      2 6074
      3 6075
      5 6076
      3 6077
      3 6078
      3 6079
      2 6080
      2 6081
      2 6083
      2 6084
      3 6085
      2 6086
      5 6088
      3 6089
      2 6090
      4 6091
      4 6092
      3 6093
      2 6094
      3 6095
      1 6096
      2 6097
      1 6098
      2 6099
      1 6100
      3 6101
      4 6103
      2 6104
      4 6105
      5 6106
      2 6107
      5 6108
      2 6109
      2 6110
      3 6111
      4 6112
      7 6113
      3 6114
      6 6115
      4 6116
      4 6117
      2 6118
      4 6119
      3 6120
      1 6121
      1 6122
      2 6123
      1 6124
      1 6125
      1 6126
      1 6127
      2 6128
      1 6129
      5 6130
      2 6131
      4 6133
      4 6134
      2 6135
      3 6136
      3 6138
      4 6139
      2 6140
      1 6141
      1 6143
      3 6144
      1 6145
      3 6147
      9 6148
      3 6149
      6 6150
      1 6151
      1 6152
      3 6154
      2 6155
      2 6156
      3 6158
      3 6159
      2 6160
      2 6161
      2 6162
      3 6163
      1 6165
      2 6167
      2 6168
      1 6169
      3 6170
      3 6171
      2 6172
      3 6173
      1 6174
      1 6175
      2 6176
      2 6177
      4 6178
      2 6179
      1 6180
      2 6183
      1 6184
      2 6185
      3 6186
      2 6187
      3 6188
      2 6189
      1 6190
      3 6191
      1 6192
      1 6193
      1 6195
      2 6196
      1 6198
      1 6199
      1 6200
      2 6201
      2 6202
      4 6203
      3 6204
      1 6205
      3 6206
      2 6207
      1 6208
      2 6209
      4 6211
      2 6213
      1 6214
      1 6215
      3 6216
      2 6217
      1 6218
      2 6219
      2 6220
      2 6221
      2 6224
      4 6226
      3 6227
      1 6228
      3 6229
      2 6230
      2 6231
      2 6232
      3 6233
      4 6234
      1 6235
      1 6236
      4 6237
      1 6238
      3 6239
      1 6240
      5 6241
      1 6242
      1 6243
      1 6244
      1 6245
      4 6247
      4 6248
      2 6249
      2 6252
      5 6253
      3 6254
      1 6255
      1 6256
      3 6257
      2 6259
      3 6260
      1 6262
      2 6264
      2 6266
      3 6267
      4 6268
      1 6270
      1 6273
      3 6274
      3 6275
      2 6276
      1 6277
      2 6278
      2 6279
      2 6280
      3 6282
      1 6283
      1 6284
      1 6285
      1 6286
      2 6287
      1 6288
      3 6289
      2 6290
      2 6291
      2 6292
      2 6294
      2 6295
      1 6298
      2 6299
      3 6300
      1 6301
      4 6302
      2 6303
      3 6306
      1 6308
      1 6309
      1 6311
      2 6312
      3 6313
      3 6314
      2 6316
      3 6317
      2 6318
      1 6319
      3 6320
      1 6321
      1 6323
      6 6324
      3 6325
      2 6326
      1 6327
      1 6328
      4 6329
      3 6330
      2 6331
      4 6332
      4 6334
      3 6335
      1 6336
      3 6338
      2 6339
      5 6340
      3 6341
      4 6342
      1 6344
      5 6345
      1 6346
      1 6347
      1 6349
      1 6350
      1 6353
      3 6354
      3 6355
      1 6356
      1 6357
      1 6358
      3 6359
      1 6360
      2 6361
      2 6362
      3 6363
      1 6364
      1 6365
      3 6366
      1 6367
      2 6368
      4 6369
      2 6371
      1 6372
      2 6373
      4 6374
      4 6376
      1 6377
      2 6379
      1 6380
      1 6381
      2 6383
      1 6385
      4 6386
      4 6387
      1 6388
      1 6389
      2 6391
      1 6392
      4 6393
      2 6394
      1 6395
      1 6398
      4 6399
      2 6400
      1 6403
      2 6404
      2 6405
      1 6407
      2 6408
      1 6410
      1 6411
      2 6412
      2 6413
      1 6414
      2 6415
      3 6416
      1 6417
      1 6419
      1 6421
      2 6422
      2 6423
      2 6424
      1 6425
      5 6427
      1 6429
      2 6432
      1 6433
      2 6438
      1 6440
      1 6441
      2 6442
      1 6443
      1 6444
      2 6448
      4 6449
      1 6450
      1 6452
      1 6454
      2 6455
      1 6456
      1 6457
      1 6460
      2 6461
      4 6462
      1 6463
      1 6465
      3 6466
      1 6467
      1 6469
      2 6470
      1 6471
      1 6472
      2 6473
      2 6474
      3 6475
      2 6476
      1 6479
      2 6480
      1 6481
      2 6482
      2 6483
      2 6484
      2 6485
      1 6486
      1 6488
      3 6489
      1 6490
      1 6491
      1 6493
      1 6494
      2 6495
      1 6496
      5 6497
      3 6498
      1 6499
      1 6501
      3 6502
      1 6503
      3 6504
      1 6505
      1 6506
      2 6507
      2 6508
      1 6509
      1 6510
      2 6511
      2 6512
      1 6513
      2 6514
      1 6515
      2 6516
      1 6517
      3 6519
      1 6520
      1 6521
      2 6524
      4 6525
      1 6526
      2 6527
      2 6528
      2 6529
      1 6530
      3 6531
      3 6533
      3 6534
      3 6535
      2 6537
      3 6539
      1 6540
      2 6541
      1 6543
      1 6545
      1 6546
      1 6547
      1 6549
      1 6550
      1 6551
      2 6552
      1 6556
      1 6559
      1 6561
      1 6564
      2 6566
      2 6567
      3 6568
      1 6569
      2 6573
      1 6575
      1 6576
      2 6577
      1 6579
      3 6580
      2 6581
      1 6582
      3 6583
      2 6584
      1 6586
      2 6587
      1 6588
      2 6589
      1 6592
      1 6593
      1 6594
      1 6595
      1 6596
      1 6597
      1 6598
      1 6601
      1 6603
      1 6606
      1 6607
      2 6608
      2 6609
      2 6611
      1 6612
      1 6615
      2 6616
      3 6617
      1 6619
      1 6620
      1 6621
      4 6623
      1 6624
      1 6625
      1 6626
      1 6628
      2 6630
      2 6631
      1 6632
      1 6635
      1 6636
      2 6637
      2 6638
      1 6640
      1 6642
      2 6645
      2 6646
      1 6647
      1 6648
      2 6650
      2 6651
      6 6652
      2 6653
      1 6655
      2 6657
      3 6661
      5 6662
      1 6663
      2 6664
      3 6665
      3 6666
      1 6667
      2 6668
      1 6669
      2 6670
      1 6672
      1 6673
      1 6674
      2 6675
      1 6676
      1 6677
      1 6678
      1 6680
      1 6681
      1 6682
      2 6683
      1 6684
      1 6685
      1 6686
      3 6687
      1 6688
      2 6690
      1 6691
      3 6692
      3 6693
      2 6694
      2 6695
      3 6696
      1 6697
      1 6700
      1 6701
      2 6704
      1 6705
      1 6708
      3 6709
      1 6710
      3 6711
      1 6712
      1 6714
      1 6715
      1 6716
      1 6717
      1 6718
      3 6720
      1 6725
      1 6726
      4 6729
      2 6730
      3 6731
      2 6732
      1 6733
      3 6735
      2 6736
      2 6738
      1 6740
      2 6741
      1 6742
      1 6743
      1 6745
      4 6746
      1 6747
      2 6748
      1 6749
      3 6751
      1 6752
      1 6754
      1 6755
      2 6757
      1 6758
      2 6760
      1 6761
      2 6762
      1 6763
      1 6764
      2 6765
      3 6766
      2 6767
      2 6769
      3 6770
      3 6771
      2 6772
      1 6773
      1 6774
      3 6775
      1 6776
      2 6777
      1 6778
      1 6779
      3 6780
      1 6781
      3 6782
      2 6784
      2 6785
      1 6786
      1 6787
      3 6788
      1 6789
      2 6792
      4 6793
      1 6794
      2 6795
      2 6796
      1 6797
      2 6798
      2 6799
      1 6800
      1 6801
      1 6804
      1 6805
      2 6806
      2 6807
      2 6808
      2 6809
      2 6811
      3 6812
      3 6813
      1 6814
      1 6815
      1 6817
      1 6818
      2 6820
      2 6821
      3 6822
      1 6823
      1 6825
      1 6826
      2 6827
      2 6829
      1 6830
      3 6831
      1 6832
      3 6836
      3 6837
      1 6840
      1 6841
      1 6842
      3 6844
      2 6846
      2 6848
      2 6849
      1 6852
      1 6853
      3 6854
      1 6855
      2 6856
      1 6859
      2 6860
      1 6861
      2 6862
      1 6863
      1 6864
      1 6866
      1 6867
      4 6868
      1 6870
      2 6871
      1 6872
      1 6876
      3 6878
      1 6879
      3 6880
      2 6881
      1 6884
      1 6886
      1 6887
      1 6888
      2 6889
      1 6891
      1 6892
      1 6893
      1 6894
      2 6895
      1 6896
      2 6898
      2 6899
      1 6900
      1 6901
      1 6903
      2 6905
      1 6906
      1 6907
      1 6910
      1 6911
      2 6912
      3 6913
      1 6914
      1 6915
      1 6916
      3 6917
      2 6920
      3 6922
      3 6924
      1 6925
      1 6926
      5 6927
      1 6928
      2 6929
      4 6930
      2 6931
      2 6932
      3 6933
      2 6935
      1 6936
      1 6937
      1 6939
      1 6940
      2 6941
      2 6944
      1 6947
      1 6948
      1 6949
      2 6950
      1 6952
      1 6953
      2 6954
      1 6955
      3 6956
      1 6958
      2 6960
      1 6961
      1 6962
      2 6964
      2 6965
      1 6968
      1 6971
      1 6972
      1 6974
      2 6975
      2 6976
      2 6977
      2 6978
      1 6979
      1 6980
      2 6981
      1 6982
      1 6984
      2 6985
      1 6987
      1 6988
      1 6990
      1 6992
      2 6994
      1 6995
      1 6996
      1 6999
      1 7000
      3 7003
      1 7004
      1 7005
      1 7006
      1 7007
      2 7010
      2 7011
      1 7012
      1 7015
      1 7016
      3 7017
      1 7019
      2 7020
      2 7021
      1 7022
      1 7024
      2 7025
      3 7026
      1 7027
      1 7028
      1 7029
      3 7030
      2 7032
      1 7033
      1 7034
      1 7035
      4 7036
      3 7037
      4 7039
      2 7041
      1 7042
      4 7046
      1 7049
      1 7050
      3 7051
      1 7052
      2 7055
      2 7057
      1 7059
      1 7060
      2 7061
      2 7062
      4 7065
      1 7066
      2 7067
      1 7069
      1 7075
      2 7079
      2 7080
      1 7083
      1 7086
      1 7089
      1 7092
      1 7095
      1 7099
      2 7100
      1 7101
      2 7106
      1 7107
      1 7108
      1 7109
      1 7110
      1 7113
      1 7116
      1 7117
      1 7118
      2 7120
      2 7121
      1 7123
      1 7125
      1 7127
      2 7129
      1 7131
      2 7134
      1 7138
      2 7140
      1 7141
      1 7144
      1 7145
      1 7146
      3 7147
      1 7149
      1 7151
      1 7152
      1 7153
      1 7158
      1 7159
      2 7163
      1 7164
      2 7165
      1 7166
      1 7167
      3 7169
      1 7170
      2 7171
      2 7172
      1 7173
      1 7174
      1 7175
      1 7176
      2 7179
      1 7181
      1 7184
      1 7186
      1 7187
      2 7189
      1 7191
      1 7192
      3 7193
      1 7195
      3 7196
      2 7197
      1 7198
      1 7200
      1 7202
      1 7203
      2 7204
      1 7207
      2 7208
      1 7210
      3 7211
      1 7213
      2 7214
      3 7216
      2 7217
      1 7218
      1 7219
      1 7222
      1 7224
      1 7225
      1 7226
      1 7229
      1 7230
      1 7233
      1 7235
      1 7237
      1 7239
      1 7242
      1 7243
      1 7248
      1 7249
      1 7256
      1 7257
      1 7263
      2 7265
      1 7268
      1 7272
      1 7273
      1 7274
      1 7275
      1 7277
      2 7279
      1 7284
      2 7285
      1 7289
      2 7292
      1 7293
      1 7294
      2 7295
      1 7301
      2 7303
      1 7304
      1 7309
      1 7311
      1 7313
      1 7316
      1 7328
      3 7331
      1 7334
      1 7335
      1 7336
      1 7342
      1 7345
      2 7346
      1 7347
      2 7348
      2 7349
      1 7350
      1 7353
      2 7355
      1 7357
      1 7360
      1 7361
      1 7363
      1 7365
      1 7371
      1 7373
      1 7376
      1 7379
      1 7382
      2 7389
      1 7394
      1 7396
      1 7397
      3 7400
      1 7403
      1 7406
      1 7411
      1 7412
      1 7414
      1 7419
      1 7421
      1 7422
      2 7425
      1 7426
      1 7427
      1 7431
      1 7436
      2 7439
      1 7440
      1 7442
      1 7443
      1 7445
      2 7446
      2 7448
      1 7450
      1 7451
      2 7453
      1 7455
      1 7456
      2 7457
      1 7459
      2 7460
      2 7464
      1 7466
      1 7474
      1 7476
      1 7480
      4 7485
      1 7486
      1 7488
      2 7489
      2 7491
      1 7492
      1 7493
      1 7495
      3 7496
      1 7498
      1 7499
      2 7500
      2 7502
      2 7503
      1 7504
      1 7512
      1 7514
      1 7522
      2 7523
      2 7524
      1 7525
      1 7526
      1 7527
      1 7529
      1 7530
      1 7533
      1 7534
      1 7537
      3 7538
      1 7543
      1 7547
      1 7548
      1 7551
      1 7561
      1 7562
      1 7563
      1 7565
      1 7571
      1 7574
      1 7580
      3 7582
      1 7588
      1 7589
      1 7595
      2 7604
      1 7613
      1 7614
      1 7618
      1 7620
      1 7623
      1 7624
      1 7627
      1 7628
      3 7629
      1 7637
      1 7638
      1 7640
      1 7643
      1 7646
      1 7647
      1 7650
      1 7653
      1 7655
      1 7659
      1 7661
      1 7663
      1 7665
      1 7673
      2 7674
      2 7675
      1 7680
      2 7681
      1 7684
      1 7687
      1 7690
      1 7691
      1 7692
      3 7693
      1 7695
      1 7700
      1 7701
      2 7704
      1 7706
      1 7709
      2 7710
      1 7712
      1 7713
      1 7714
      1 7715
      1 7716
      1 7717
      1 7720
      1 7721
      1 7725
      2 7726
      1 7727
      1 7728
      2 7729
      1 7731
      2 7736
      1 7737
      1 7739
      2 7740
      1 7741
      1 7743
      2 7747
      1 7749
      1 7753
      1 7755
      1 7757
      1 7759
      1 7760
      1 7761
      1 7762
      1 7764
      2 7768
      1 7770
      1 7771
      1 7772
      1 7775
      1 7780
      1 7781
      1 7783
      3 7784
      1 7786
      1 7787
      3 7789
      1 7790
      1 7792
      2 7794
      2 7796
      1 7797
      1 7798
      1 7802
      2 7803
      2 7804
      1 7807
      1 7810
      1 7811
      1 7812
      1 7819
      2 7820
      1 7821
      3 7822
      1 7823
      1 7826
      1 7827
      1 7829
      1 7830
      1 7832
      1 7835
      1 7837
      1 7838
      1 7844
      1 7845
      1 7846
      1 7848
      1 7849
      1 7850
      1 7851
      2 7852
      2 7853
      1 7855
      1 7856
      1 7861
      2 7862
      1 7863
      2 7865
      3 7867
      1 7868
      1 7870
      1 7871
      1 7872
      2 7874
      2 7875
      1 7876
      1 7878
      1 7880
      3 7881
      2 7882
      4 7883
      4 7884
      1 7885
      2 7887
      3 7888
      1 7892
      2 7895
      1 7896
      2 7897
      3 7898
      1 7899
      1 7900
      3 7901
      4 7902
      7 7903
      1 7904
      1 7906
      5 7908
      4 7909
      6 7910
      2 7911
      3 7912
      3 7913
      4 7914
      1 7915
      2 7916
      5 7917
      8 7918
      3 7919
      2 7920
      2 7921
     10 7923
      9 7924
      5 7925
      6 7926
      6 7927
      5 7928
     11 7929
     11 7930
     15 7931
      6 7932
     10 7933
      6 7934
     12 7935
      7 7936
     13 7937
      5 7938
      8 7939
      6 7940
      7 7941
     13 7942
      6 7943
      9 7944
      7 7945
      4 7946
      6 7947
      4 7948
      1 7949
      3 7950
      6 7951
      5 7952
      4 7953
      2 7954
      2 7955
      1 7956
      3 7959
      1 7960
      1 7961
      2 7964
      3 7965
      5 7966
      1 7967
      4 7968
      6 7969
      3 7971
      3 7972
      3 7973
      1 7974
      7 7975
      4 7976
      3 7977
      5 7978
      4 7979
      2 7980
      2 7981
      4 7982
      2 7983
      4 7984
      4 7985
      4 7986
      3 7987
      4 7988
      3 7989
      5 7990
     10 7991
      6 7992
      2 7993
      5 7994
      6 7995
      5 7996
     12 7997
      5 7998
      5 7999
      1 8000
