 198514 0
65248129 1
142841027 2
242110880 3
337815410 4
401092726 5
413482832 6
375808568 7
305339344 8
224567392 9
151051971 10
93784247 11
54348016 12
29702143 13
15562922 14
7950385 15
4106655 16
2241605 17
1341051 18
 910283 19
 682241 20
 554186 21
 468530 22
 405844 23
 356163 24
 316020 25
 279487 26
 250241 27
 225584 28
 204763 29
 186660 30
 170975 31
 156416 32
 144648 33
 134358 34
 124422 35
 114602 36
 105695 37
  96538 38
  88225 39
  81132 40
  75211 41
  69160 42
  64350 43
  59473 44
  55149 45
  50877 46
  47933 47
  45133 48
  42349 49
  40605 50
  37945 51
  36106 52
  34596 53
  33387 54
  32169 55
  30250 56
  29257 57
  28256 58
  27350 59
  26315 60
  25596 61
  24990 62
  23954 63
  23557 64
  23198 65
  22492 66
  21998 67
  21695 68
  20802 69
  20068 70
  19705 71
  19407 72
  19015 73
  18536 74
  17979 75
  17809 76
  17426 77
  16850 78
  16406 79
  16116 80
  15660 81
  15542 82
  15191 83
  15309 84
  14990 85
  14738 86
  14166 87
  13903 88
  14024 89
  13825 90
  13253 91
  13147 92
  13145 93
  13211 94
  12827 95
  12503 96
  12424 97
  12359 98
  12283 99
  12042 100
  12020 101
  12049 102
  11900 103
  11849 104
  11600 105
  11581 106
  11439 107
  11694 108
  11490 109
  11299 110
  11412 111
  11335 112
  11263 113
  11278 114
  11182 115
  11053 116
  11021 117
  10796 118
  10930 119
  10650 120
  10521 121
  10316 122
  10175 123
   9899 124
  10062 125
   9908 126
   9664 127
   9356 128
   9260 129
   9011 130
   8927 131
   8798 132
   8595 133
   8414 134
   8296 135
   8056 136
   7992 137
   7938 138
   7774 139
   7516 140
   7304 141
   7457 142
   7413 143
   7161 144
   7084 145
   6923 146
   6794 147
   6736 148
   6506 149
   6350 150
   6341 151
   6231 152
   6132 153
   6052 154
   6059 155
   5983 156
   5693 157
   5452 158
   5249 159
   5304 160
   5104 161
   5092 162
   5001 163
   5019 164
   5058 165
   4981 166
   4845 167
   4847 168
   4818 169
   4635 170
   4725 171
   4516 172
   4496 173
   4479 174
   4301 175
   4277 176
   4110 177
   4162 178
   4174 179
   4124 180
   4154 181
   4018 182
   4015 183
   4019 184
   3985 185
   4037 186
   4022 187
   3946 188
   3852 189
   3761 190
   3806 191
   3681 192
   3753 193
   3574 194
   3571 195
   3617 196
   3586 197
   3567 198
   3513 199
   3520 200
   3514 201
   3464 202
   3327 203
   3354 204
   3333 205
   3358 206
   3235 207
   3176 208
   3146 209
   3190 210
   3234 211
   3142 212
   3158 213
   2960 214
   3031 215
   3033 216
   2948 217
   2912 218
   2910 219
   3005 220
   2919 221
   2809 222
   2820 223
   2919 224
   2863 225
   2757 226
   2770 227
   2591 228
   2680 229
   2694 230
   2625 231
   2712 232
   2617 233
   2534 234
   2738 235
   2708 236
   2669 237
   2665 238
   2604 239
   2534 240
   2490 241
   2450 242
   2479 243
   2485 244
   2452 245
   2516 246
   2429 247
   2307 248
   2313 249
   2269 250
   2242 251
   2291 252
   2327 253
   2238 254
   2199 255
   2279 256
   2303 257
   2335 258
   2282 259
   2222 260
   2184 261
   2105 262
   2146 263
   2091 264
   2097 265
   2098 266
   2045 267
   2090 268
   2073 269
   2076 270
   2043 271
   2025 272
   2027 273
   2020 274
   2071 275
   2030 276
   1968 277
   2106 278
   1934 279
   2010 280
   1894 281
   1910 282
   1868 283
   1851 284
   1785 285
   1889 286
   1804 287
   1809 288
   1760 289
   1787 290
   1811 291
   1728 292
   1849 293
   1837 294
   1719 295
   1857 296
   1782 297
   1681 298
   1680 299
   1678 300
   1719 301
   1693 302
   1696 303
   1654 304
   1708 305
   1571 306
   1645 307
   1565 308
   1631 309
   1556 310
   1561 311
   1554 312
   1565 313
   1630 314
   1617 315
   1558 316
   1561 317
   1599 318
   1549 319
   1648 320
   1563 321
   1543 322
   1578 323
   1590 324
   1571 325
   1588 326
   1485 327
   1524 328
   1530 329
   1433 330
   1487 331
   1378 332
   1457 333
   1410 334
   1446 335
   1420 336
   1429 337
   1388 338
   1407 339
   1456 340
   1351 341
   1348 342
   1336 343
   1402 344
   1337 345
   1328 346
   1342 347
   1291 348
   1322 349
   1319 350
   1295 351
   1338 352
   1270 353
   1308 354
   1320 355
   1249 356
   1293 357
   1288 358
   1317 359
   1305 360
   1274 361
   1253 362
   1316 363
   1272 364
   1249 365
   1182 366
   1286 367
   1316 368
   1167 369
   1264 370
   1274 371
   1210 372
   1240 373
   1158 374
   1175 375
   1119 376
   1099 377
   1180 378
   1148 379
   1157 380
   1131 381
   1145 382
   1157 383
   1118 384
   1134 385
   1160 386
   1159 387
   1127 388
   1168 389
   1128 390
   1092 391
   1091 392
   1158 393
   1171 394
   1061 395
   1072 396
   1153 397
   1114 398
   1196 399
   1070 400
   1121 401
   1030 402
   1074 403
   1098 404
   1031 405
   1060 406
   1060 407
   1110 408
   1046 409
   1059 410
   1034 411
   1020 412
   1016 413
    971 414
   1032 415
    968 416
    999 417
   1050 418
   1060 419
   1078 420
   1092 421
   1040 422
    974 423
   1010 424
   1032 425
    998 426
    974 427
    957 428
    943 429
    951 430
    941 431
    977 432
    934 433
   1004 434
    973 435
   1007 436
    971 437
    974 438
    980 439
    975 440
    984 441
    898 442
    936 443
    921 444
    951 445
    958 446
    933 447
    974 448
    932 449
    916 450
    910 451
    900 452
    889 453
    900 454
    919 455
    849 456
    901 457
    889 458
    925 459
    902 460
    860 461
    891 462
    845 463
    841 464
    864 465
    841 466
    791 467
    823 468
    816 469
    837 470
    842 471
    862 472
    837 473
    855 474
    832 475
    759 476
    791 477
    804 478
    777 479
    763 480
    809 481
    761 482
    756 483
    756 484
    746 485
    701 486
    693 487
    723 488
    690 489
    715 490
    715 491
    702 492
    746 493
    732 494
    733 495
    705 496
    686 497
    716 498
    708 499
    694 500
    722 501
    683 502
    661 503
    710 504
    680 505
    640 506
    671 507
    732 508
    684 509
    657 510
    753 511
    680 512
    676 513
    650 514
    718 515
    666 516
    665 517
    662 518
    650 519
    630 520
    667 521
    680 522
    674 523
    600 524
    655 525
    639 526
    662 527
    614 528
    591 529
    647 530
    639 531
    627 532
    594 533
    635 534
    607 535
    605 536
    601 537
    586 538
    615 539
    632 540
    578 541
    594 542
    635 543
    607 544
    591 545
    590 546
    569 547
    604 548
    597 549
    583 550
    624 551
    568 552
    602 553
    544 554
    576 555
    531 556
    574 557
    588 558
    521 559
    561 560
    565 561
    551 562
    543 563
    538 564
    536 565
    521 566
    539 567
    527 568
    504 569
    457 570
    519 571
    497 572
    451 573
    449 574
    459 575
    481 576
    495 577
    507 578
    550 579
    482 580
    507 581
    474 582
    499 583
    503 584
    513 585
    459 586
    512 587
    474 588
    474 589
    465 590
    450 591
    502 592
    454 593
    434 594
    427 595
    432 596
    485 597
    459 598
    482 599
    435 600
    458 601
    432 602
    437 603
    457 604
    492 605
    449 606
    428 607
    403 608
    406 609
    476 610
    426 611
    460 612
    405 613
    431 614
    458 615
    414 616
    414 617
    434 618
    422 619
    452 620
    425 621
    415 622
    392 623
    411 624
    389 625
    410 626
    408 627
    418 628
    397 629
    383 630
    366 631
    375 632
    395 633
    398 634
    365 635
    393 636
    408 637
    371 638
    333 639
    401 640
    371 641
    390 642
    399 643
    387 644
    378 645
    399 646
    330 647
    411 648
    400 649
    384 650
    350 651
    376 652
    358 653
    392 654
    372 655
    403 656
    398 657
    360 658
    350 659
    347 660
    371 661
    366 662
    369 663
    367 664
    337 665
    339 666
    343 667
    330 668
    343 669
    355 670
    332 671
    368 672
    344 673
    347 674
    359 675
    358 676
    362 677
    330 678
    400 679
    348 680
    342 681
    346 682
    365 683
    331 684
    349 685
    356 686
    322 687
    338 688
    329 689
    322 690
    347 691
    369 692
    333 693
    340 694
    326 695
    387 696
    322 697
    332 698
    347 699
    334 700
    354 701
    305 702
    362 703
    316 704
    348 705
    313 706
    321 707
    307 708
    326 709
    307 710
    353 711
    333 712
    304 713
    349 714
    313 715
    339 716
    315 717
    300 718
    329 719
    291 720
    338 721
    352 722
    305 723
    334 724
    329 725
    289 726
    309 727
    315 728
    302 729
    313 730
    332 731
    315 732
    310 733
    320 734
    302 735
    304 736
    284 737
    299 738
    288 739
    297 740
    292 741
    291 742
    296 743
    303 744
    281 745
    273 746
    298 747
    308 748
    284 749
    279 750
    283 751
    316 752
    307 753
    300 754
    304 755
    285 756
    310 757
    308 758
    299 759
    293 760
    285 761
    312 762
    290 763
    283 764
    309 765
    278 766
    295 767
    270 768
    293 769
    292 770
    276 771
    293 772
    282 773
    257 774
    281 775
    313 776
    283 777
    306 778
    277 779
    274 780
    298 781
    275 782
    255 783
    290 784
    276 785
    293 786
    299 787
    297 788
    292 789
    282 790
    283 791
    297 792
    272 793
    309 794
    271 795
    272 796
    303 797
    309 798
    275 799
    275 800
    295 801
    276 802
    275 803
    266 804
    297 805
    288 806
    279 807
    275 808
    276 809
    282 810
    253 811
    272 812
    285 813
    275 814
    298 815
    255 816
    263 817
    297 818
    265 819
    272 820
    277 821
    273 822
    273 823
    289 824
    263 825
    241 826
    292 827
    270 828
    266 829
    249 830
    258 831
    286 832
    289 833
    282 834
    283 835
    304 836
    293 837
    262 838
    236 839
    272 840
    295 841
    258 842
    270 843
    286 844
    314 845
    268 846
    293 847
    270 848
    272 849
    277 850
    301 851
    278 852
    257 853
    279 854
    249 855
    264 856
    237 857
    270 858
    288 859
    278 860
    271 861
    278 862
    290 863
    242 864
    272 865
    261 866
    266 867
    251 868
    313 869
    274 870
    277 871
    262 872
    250 873
    262 874
    250 875
    249 876
    237 877
    263 878
    236 879
    251 880
    268 881
    258 882
    269 883
    254 884
    247 885
    234 886
    255 887
    233 888
    256 889
    241 890
    248 891
    248 892
    241 893
    217 894
    234 895
    259 896
    225 897
    257 898
    232 899
    228 900
    244 901
    254 902
    248 903
    252 904
    249 905
    250 906
    251 907
    246 908
    236 909
    235 910
    246 911
    247 912
    237 913
    231 914
    233 915
    245 916
    273 917
    227 918
    249 919
    250 920
    201 921
    252 922
    222 923
    250 924
    223 925
    220 926
    245 927
    261 928
    234 929
    212 930
    242 931
    218 932
    236 933
    233 934
    242 935
    271 936
    233 937
    243 938
    244 939
    243 940
    237 941
    262 942
    244 943
    239 944
    249 945
    242 946
    270 947
    258 948
    238 949
    240 950
    244 951
    221 952
    228 953
    231 954
    264 955
    215 956
    248 957
    246 958
    232 959
    235 960
    246 961
    245 962
    226 963
    235 964
    230 965
    241 966
    253 967
    263 968
    246 969
    209 970
    217 971
    219 972
    229 973
    234 974
    203 975
    234 976
    226 977
    223 978
    210 979
    238 980
    221 981
    219 982
    227 983
    221 984
    212 985
    224 986
    203 987
    235 988
    203 989
    217 990
    225 991
    212 992
    244 993
    217 994
    228 995
    200 996
    205 997
    240 998
    217 999
    218 1000
    222 1001
    206 1002
    209 1003
    235 1004
    219 1005
    226 1006
    218 1007
    207 1008
    233 1009
    209 1010
    205 1011
    236 1012
    229 1013
    218 1014
    212 1015
    212 1016
    199 1017
    233 1018
    216 1019
    207 1020
    235 1021
    211 1022
    196 1023
    207 1024
    195 1025
    217 1026
    232 1027
    233 1028
    242 1029
    203 1030
    225 1031
    246 1032
    236 1033
    208 1034
    215 1035
    214 1036
    233 1037
    218 1038
    224 1039
    221 1040
    220 1041
    224 1042
    202 1043
    238 1044
    222 1045
    211 1046
    204 1047
    219 1048
    219 1049
    219 1050
    194 1051
    207 1052
    196 1053
    210 1054
    219 1055
    201 1056
    235 1057
    188 1058
    196 1059
    204 1060
    162 1061
    192 1062
    179 1063
    208 1064
    197 1065
    209 1066
    216 1067
    184 1068
    192 1069
    186 1070
    202 1071
    188 1072
    186 1073
    178 1074
    225 1075
    191 1076
    185 1077
    217 1078
    200 1079
    204 1080
    209 1081
    200 1082
    207 1083
    189 1084
    194 1085
    209 1086
    191 1087
    239 1088
    202 1089
    203 1090
    178 1091
    200 1092
    191 1093
    189 1094
    203 1095
    206 1096
    178 1097
    223 1098
    199 1099
    220 1100
    191 1101
    209 1102
    199 1103
    188 1104
    192 1105
    194 1106
    195 1107
    225 1108
    178 1109
    193 1110
    196 1111
    192 1112
    184 1113
    167 1114
    173 1115
    193 1116
    187 1117
    189 1118
    187 1119
    156 1120
    174 1121
    200 1122
    181 1123
    162 1124
    206 1125
    201 1126
    195 1127
    169 1128
    205 1129
    184 1130
    194 1131
    194 1132
    204 1133
    182 1134
    159 1135
    167 1136
    189 1137
    188 1138
    186 1139
    183 1140
    167 1141
    158 1142
    186 1143
    183 1144
    189 1145
    174 1146
    192 1147
    175 1148
    182 1149
    184 1150
    201 1151
    185 1152
    183 1153
    205 1154
    187 1155
    179 1156
    182 1157
    199 1158
    186 1159
    164 1160
    185 1161
    167 1162
    172 1163
    169 1164
    188 1165
    188 1166
    175 1167
    177 1168
    189 1169
    168 1170
    193 1171
    195 1172
    193 1173
    189 1174
    187 1175
    180 1176
    173 1177
    179 1178
    187 1179
    185 1180
    167 1181
    163 1182
    181 1183
    180 1184
    192 1185
    184 1186
    173 1187
    199 1188
    185 1189
    184 1190
    185 1191
    180 1192
    164 1193
    212 1194
    173 1195
    167 1196
    168 1197
    167 1198
    198 1199
    155 1200
    191 1201
    169 1202
    164 1203
    167 1204
    183 1205
    168 1206
    169 1207
    153 1208
    158 1209
    155 1210
    157 1211
    155 1212
    163 1213
    149 1214
    163 1215
    167 1216
    171 1217
    176 1218
    141 1219
    167 1220
    184 1221
    176 1222
    173 1223
    192 1224
    171 1225
    158 1226
    172 1227
    179 1228
    169 1229
    161 1230
    180 1231
    171 1232
    178 1233
    167 1234
    166 1235
    153 1236
    154 1237
    152 1238
    171 1239
    146 1240
    137 1241
    148 1242
    179 1243
    176 1244
    160 1245
    161 1246
    149 1247
    130 1248
    132 1249
    166 1250
    171 1251
    145 1252
    162 1253
    133 1254
    143 1255
    164 1256
    127 1257
    128 1258
    132 1259
    147 1260
    145 1261
    132 1262
    150 1263
    143 1264
    152 1265
    155 1266
    141 1267
    114 1268
    137 1269
    144 1270
    159 1271
    134 1272
    125 1273
    156 1274
    142 1275
    146 1276
    131 1277
    132 1278
    125 1279
    148 1280
    156 1281
    119 1282
    130 1283
    126 1284
    127 1285
    129 1286
    125 1287
    146 1288
    145 1289
    121 1290
    122 1291
    125 1292
    138 1293
    126 1294
    145 1295
    117 1296
    139 1297
    110 1298
    141 1299
    123 1300
    120 1301
    133 1302
    140 1303
    135 1304
    110 1305
    136 1306
    130 1307
    135 1308
    139 1309
    135 1310
    143 1311
    136 1312
    103 1313
    119 1314
    118 1315
    125 1316
    131 1317
    126 1318
    116 1319
    131 1320
    124 1321
    139 1322
    129 1323
    126 1324
    120 1325
    122 1326
    110 1327
    125 1328
    132 1329
    115 1330
    143 1331
    121 1332
    138 1333
     93 1334
    120 1335
    128 1336
    134 1337
    115 1338
    121 1339
    115 1340
    110 1341
    119 1342
    114 1343
    120 1344
    104 1345
    119 1346
    114 1347
    107 1348
    112 1349
    124 1350
    115 1351
    123 1352
    138 1353
    124 1354
    117 1355
    102 1356
    115 1357
    116 1358
    126 1359
    118 1360
    130 1361
    114 1362
    128 1363
    124 1364
    109 1365
    137 1366
    115 1367
    111 1368
    137 1369
    107 1370
    101 1371
    116 1372
    112 1373
    102 1374
     90 1375
    109 1376
    120 1377
     94 1378
    124 1379
    135 1380
    130 1381
    122 1382
    108 1383
    114 1384
    124 1385
    113 1386
     98 1387
    120 1388
    116 1389
    122 1390
     99 1391
    118 1392
    111 1393
    114 1394
    129 1395
    105 1396
    118 1397
    115 1398
    109 1399
    115 1400
    128 1401
    134 1402
    102 1403
    123 1404
    105 1405
    114 1406
    101 1407
    104 1408
    102 1409
    103 1410
     92 1411
    100 1412
    110 1413
    166 1414
     95 1415
    115 1416
    120 1417
    128 1418
     96 1419
    108 1420
    120 1421
    111 1422
    110 1423
    103 1424
     99 1425
    116 1426
    113 1427
     97 1428
    112 1429
     92 1430
     97 1431
    104 1432
    106 1433
     97 1434
     87 1435
    108 1436
    105 1437
    105 1438
     98 1439
     95 1440
     84 1441
     88 1442
     96 1443
     98 1444
     92 1445
     93 1446
     94 1447
     86 1448
    111 1449
    104 1450
     94 1451
    106 1452
     92 1453
     80 1454
     92 1455
    110 1456
     92 1457
    101 1458
     92 1459
     89 1460
     98 1461
     74 1462
     91 1463
     75 1464
     94 1465
     90 1466
     77 1467
    109 1468
     82 1469
     87 1470
     64 1471
     94 1472
     90 1473
     86 1474
     90 1475
     68 1476
     93 1477
     90 1478
     93 1479
     81 1480
     98 1481
     88 1482
     75 1483
     72 1484
     78 1485
    106 1486
     95 1487
    101 1488
     70 1489
     95 1490
     90 1491
     89 1492
     85 1493
     85 1494
     73 1495
     86 1496
    105 1497
    105 1498
     92 1499
     84 1500
     88 1501
     89 1502
     91 1503
     77 1504
     83 1505
     83 1506
     83 1507
     69 1508
     74 1509
     84 1510
     69 1511
     78 1512
     86 1513
     78 1514
     85 1515
     78 1516
    103 1517
    109 1518
     96 1519
     91 1520
     91 1521
     77 1522
     91 1523
     72 1524
     87 1525
     83 1526
     73 1527
     82 1528
     74 1529
     66 1530
     91 1531
     81 1532
     82 1533
     94 1534
     79 1535
     71 1536
     77 1537
     96 1538
     81 1539
     82 1540
     99 1541
     73 1542
     84 1543
     62 1544
     74 1545
     91 1546
     70 1547
     68 1548
     81 1549
     84 1550
     89 1551
     78 1552
     79 1553
     70 1554
     86 1555
     75 1556
     71 1557
     69 1558
     85 1559
     65 1560
     70 1561
     81 1562
     62 1563
     62 1564
     86 1565
     78 1566
     73 1567
     49 1568
     66 1569
     77 1570
     57 1571
     68 1572
     63 1573
     67 1574
     76 1575
     60 1576
     67 1577
     71 1578
     58 1579
     64 1580
     58 1581
     74 1582
     88 1583
     73 1584
     65 1585
     54 1586
     76 1587
     51 1588
     72 1589
     74 1590
     78 1591
     50 1592
     62 1593
     54 1594
     86 1595
     68 1596
     67 1597
     64 1598
     84 1599
     82 1600
     74 1601
     72 1602
     71 1603
     67 1604
     65 1605
     88 1606
     72 1607
     65 1608
     73 1609
     80 1610
     76 1611
     78 1612
     80 1613
     63 1614
     70 1615
     65 1616
     75 1617
     72 1618
     72 1619
     65 1620
     77 1621
     67 1622
     82 1623
     65 1624
     59 1625
     67 1626
     74 1627
     72 1628
     65 1629
     76 1630
     69 1631
     70 1632
     61 1633
     73 1634
     75 1635
     84 1636
     61 1637
     69 1638
     79 1639
     78 1640
     73 1641
     80 1642
     71 1643
     72 1644
     59 1645
     70 1646
     62 1647
     74 1648
     68 1649
     75 1650
     85 1651
     71 1652
     63 1653
     63 1654
     74 1655
     72 1656
     97 1657
     81 1658
     58 1659
     68 1660
     67 1661
     64 1662
     72 1663
     74 1664
     82 1665
     79 1666
     57 1667
     72 1668
     65 1669
     72 1670
     69 1671
     64 1672
     75 1673
     73 1674
     80 1675
     70 1676
     68 1677
     87 1678
     74 1679
     64 1680
     74 1681
     75 1682
     76 1683
     68 1684
     64 1685
     71 1686
     89 1687
     60 1688
     66 1689
     70 1690
     65 1691
     74 1692
     71 1693
     60 1694
     52 1695
     53 1696
     63 1697
     77 1698
     63 1699
     70 1700
     71 1701
     67 1702
     74 1703
     63 1704
     65 1705
     74 1706
     94 1707
     78 1708
     64 1709
     52 1710
     79 1711
     80 1712
     70 1713
     61 1714
     73 1715
     75 1716
     71 1717
     70 1718
     79 1719
     79 1720
     78 1721
     74 1722
     59 1723
     74 1724
     80 1725
     78 1726
     74 1727
     60 1728
     64 1729
     64 1730
     78 1731
     71 1732
     69 1733
     50 1734
     83 1735
     69 1736
     70 1737
     65 1738
     76 1739
     72 1740
     70 1741
     66 1742
     61 1743
     64 1744
     80 1745
     62 1746
     66 1747
     57 1748
     61 1749
     74 1750
     57 1751
     70 1752
     61 1753
     71 1754
     71 1755
     61 1756
     50 1757
     80 1758
     56 1759
     71 1760
     70 1761
     58 1762
     65 1763
     55 1764
     65 1765
     70 1766
     74 1767
     59 1768
     69 1769
     65 1770
     77 1771
     57 1772
     53 1773
     62 1774
     74 1775
     59 1776
     67 1777
     66 1778
     73 1779
     62 1780
     61 1781
     80 1782
     66 1783
     63 1784
     71 1785
     62 1786
     73 1787
     66 1788
     65 1789
     73 1790
     78 1791
     69 1792
     61 1793
     56 1794
     60 1795
     64 1796
     73 1797
     64 1798
     66 1799
     67 1800
     62 1801
     74 1802
     63 1803
     80 1804
     54 1805
     79 1806
     68 1807
     52 1808
     71 1809
     54 1810
     53 1811
     78 1812
     50 1813
     57 1814
     73 1815
     60 1816
     58 1817
     58 1818
     67 1819
     72 1820
     78 1821
     70 1822
     72 1823
     64 1824
     60 1825
     62 1826
     71 1827
     63 1828
     64 1829
     68 1830
     51 1831
     66 1832
     66 1833
     55 1834
     63 1835
     72 1836
     54 1837
     63 1838
     61 1839
     70 1840
     56 1841
     60 1842
     59 1843
     76 1844
     82 1845
     57 1846
     73 1847
     64 1848
     44 1849
     73 1850
     74 1851
     57 1852
     55 1853
     59 1854
     68 1855
     65 1856
     59 1857
     66 1858
     63 1859
     64 1860
     70 1861
     66 1862
     69 1863
     49 1864
     57 1865
     72 1866
     61 1867
     72 1868
     65 1869
     58 1870
     55 1871
     57 1872
     68 1873
     74 1874
     72 1875
     59 1876
     62 1877
     60 1878
     55 1879
     62 1880
     66 1881
     55 1882
     57 1883
     45 1884
     46 1885
     47 1886
     61 1887
     58 1888
     66 1889
     62 1890
     58 1891
     58 1892
     50 1893
     67 1894
     49 1895
     70 1896
     60 1897
     52 1898
     59 1899
     58 1900
     62 1901
     64 1902
     37 1903
     59 1904
     67 1905
     44 1906
     59 1907
     54 1908
     48 1909
     35 1910
     62 1911
     55 1912
     59 1913
     51 1914
     51 1915
     62 1916
     49 1917
     50 1918
     59 1919
     56 1920
     60 1921
     46 1922
     61 1923
     52 1924
     59 1925
     45 1926
     73 1927
     55 1928
     54 1929
     40 1930
     70 1931
     55 1932
     70 1933
     55 1934
     58 1935
     65 1936
     53 1937
     67 1938
     53 1939
     58 1940
     58 1941
     59 1942
     58 1943
     69 1944
     57 1945
     54 1946
     59 1947
     75 1948
     41 1949
     61 1950
     62 1951
     43 1952
     55 1953
     50 1954
     59 1955
     53 1956
     65 1957
     63 1958
     42 1959
     59 1960
     55 1961
     54 1962
     53 1963
     57 1964
     66 1965
     57 1966
     49 1967
     57 1968
     66 1969
     45 1970
     67 1971
     56 1972
     52 1973
     62 1974
     55 1975
     68 1976
     63 1977
     42 1978
     60 1979
     54 1980
     61 1981
     59 1982
     44 1983
     43 1984
     55 1985
     63 1986
     44 1987
     55 1988
     51 1989
     74 1990
     48 1991
     61 1992
     47 1993
     49 1994
     75 1995
     60 1996
     57 1997
     54 1998
     44 1999
     59 2000
     70 2001
     60 2002
     61 2003
     64 2004
     60 2005
     52 2006
     63 2007
     56 2008
     67 2009
     61 2010
     67 2011
     72 2012
     67 2013
     45 2014
     72 2015
     42 2016
     65 2017
     49 2018
     53 2019
     64 2020
     55 2021
     56 2022
     44 2023
     54 2024
     48 2025
     55 2026
     46 2027
     55 2028
     50 2029
     61 2030
     64 2031
     49 2032
     52 2033
     60 2034
     59 2035
     54 2036
     64 2037
     44 2038
     52 2039
     65 2040
     48 2041
     55 2042
     54 2043
     65 2044
     52 2045
     59 2046
     51 2047
     45 2048
     65 2049
     43 2050
     51 2051
     54 2052
     58 2053
     61 2054
     56 2055
     54 2056
     63 2057
     63 2058
     49 2059
     55 2060
     64 2061
     59 2062
     54 2063
     41 2064
     54 2065
     52 2066
     48 2067
     63 2068
     47 2069
     47 2070
     61 2071
     60 2072
     66 2073
     65 2074
     41 2075
     61 2076
     56 2077
     59 2078
     55 2079
     49 2080
     61 2081
     66 2082
     65 2083
     47 2084
     60 2085
     54 2086
     45 2087
     53 2088
     62 2089
     54 2090
     60 2091
     59 2092
     55 2093
     50 2094
     65 2095
     60 2096
     53 2097
     57 2098
     46 2099
     49 2100
     65 2101
     57 2102
     64 2103
     46 2104
     64 2105
     59 2106
     53 2107
     65 2108
     53 2109
     42 2110
     67 2111
     58 2112
     76 2113
     64 2114
     59 2115
     50 2116
     48 2117
     45 2118
     51 2119
     55 2120
     49 2121
     53 2122
     49 2123
     61 2124
     57 2125
     55 2126
     58 2127
     51 2128
     52 2129
     46 2130
     43 2131
     62 2132
     51 2133
     68 2134
     60 2135
     56 2136
     53 2137
     38 2138
     55 2139
     59 2140
     56 2141
     52 2142
     50 2143
     57 2144
     57 2145
     59 2146
     53 2147
     58 2148
     49 2149
     42 2150
     43 2151
     60 2152
     57 2153
     55 2154
     66 2155
     73 2156
     61 2157
     72 2158
     53 2159
     54 2160
     50 2161
     73 2162
     60 2163
     68 2164
     71 2165
     65 2166
     53 2167
     68 2168
     63 2169
     70 2170
     49 2171
     52 2172
     41 2173
     55 2174
     57 2175
     54 2176
     62 2177
     57 2178
     65 2179
     52 2180
     60 2181
     62 2182
     58 2183
     55 2184
     43 2185
     55 2186
     66 2187
     50 2188
     66 2189
     55 2190
     69 2191
     65 2192
     59 2193
     61 2194
     65 2195
     55 2196
     70 2197
     61 2198
     73 2199
     73 2200
     69 2201
     63 2202
     75 2203
     65 2204
     58 2205
     58 2206
     70 2207
     53 2208
     71 2209
     62 2210
     52 2211
     77 2212
     59 2213
     64 2214
     53 2215
     50 2216
     52 2217
     73 2218
     68 2219
     69 2220
     63 2221
     61 2222
     55 2223
     52 2224
     72 2225
     68 2226
     77 2227
     56 2228
     71 2229
     73 2230
     77 2231
     63 2232
     66 2233
     56 2234
     60 2235
     75 2236
     74 2237
     73 2238
     61 2239
     73 2240
     80 2241
     72 2242
     74 2243
     63 2244
     72 2245
     74 2246
     66 2247
     77 2248
     72 2249
     85 2250
     90 2251
     78 2252
     63 2253
     67 2254
     85 2255
     62 2256
     84 2257
     73 2258
     60 2259
     77 2260
     76 2261
     70 2262
     75 2263
     74 2264
     75 2265
     72 2266
     60 2267
     76 2268
     68 2269
     65 2270
     64 2271
     65 2272
     64 2273
     65 2274
     69 2275
     54 2276
     83 2277
     58 2278
     60 2279
     62 2280
     67 2281
     57 2282
     71 2283
     59 2284
     71 2285
     74 2286
     62 2287
     57 2288
     71 2289
     72 2290
     57 2291
     77 2292
     63 2293
     67 2294
     80 2295
     73 2296
     54 2297
     78 2298
     63 2299
     79 2300
     68 2301
     75 2302
     73 2303
     77 2304
     64 2305
     69 2306
     63 2307
     72 2308
     66 2309
     69 2310
     60 2311
     57 2312
     61 2313
     84 2314
     44 2315
     65 2316
     69 2317
     81 2318
     63 2319
     74 2320
     60 2321
     70 2322
     68 2323
     68 2324
     62 2325
     74 2326
     62 2327
     71 2328
     72 2329
     76 2330
     79 2331
     73 2332
     61 2333
     85 2334
     66 2335
     70 2336
     71 2337
     58 2338
     59 2339
     77 2340
     66 2341
     75 2342
     79 2343
     75 2344
     67 2345
     57 2346
     57 2347
     61 2348
     72 2349
     69 2350
     75 2351
     71 2352
     73 2353
     80 2354
     70 2355
     75 2356
     74 2357
     65 2358
     76 2359
     77 2360
     67 2361
     62 2362
     88 2363
     79 2364
     83 2365
     57 2366
     56 2367
     76 2368
     55 2369
     80 2370
     85 2371
     78 2372
     83 2373
     68 2374
     74 2375
     63 2376
     69 2377
     79 2378
     63 2379
     71 2380
     49 2381
     82 2382
     79 2383
     60 2384
     67 2385
     68 2386
     54 2387
     64 2388
     60 2389
     74 2390
     61 2391
     68 2392
     57 2393
     65 2394
     67 2395
     69 2396
     66 2397
     66 2398
     58 2399
     54 2400
     64 2401
     62 2402
     55 2403
     62 2404
     54 2405
     74 2406
     59 2407
     58 2408
     61 2409
     60 2410
     55 2411
     59 2412
     72 2413
     69 2414
     54 2415
     55 2416
     73 2417
     77 2418
     66 2419
     51 2420
     73 2421
     57 2422
     46 2423
     68 2424
     56 2425
     49 2426
     72 2427
     57 2428
     52 2429
     66 2430
     38 2431
     53 2432
     47 2433
     59 2434
     63 2435
     48 2436
     54 2437
     61 2438
     58 2439
     60 2440
     59 2441
     44 2442
     73 2443
     56 2444
     52 2445
     53 2446
     41 2447
     51 2448
     49 2449
     53 2450
     50 2451
     54 2452
     37 2453
     50 2454
     51 2455
     51 2456
     49 2457
     50 2458
     55 2459
     53 2460
     48 2461
     45 2462
     48 2463
     39 2464
     50 2465
     45 2466
     52 2467
     48 2468
     55 2469
     41 2470
     52 2471
     53 2472
     44 2473
     43 2474
     45 2475
     49 2476
     54 2477
     46 2478
     50 2479
     48 2480
     45 2481
     42 2482
     43 2483
     53 2484
     48 2485
     36 2486
     51 2487
     43 2488
     36 2489
     39 2490
     39 2491
     37 2492
     48 2493
     47 2494
     38 2495
     47 2496
     45 2497
     40 2498
     37 2499
     47 2500
     42 2501
     56 2502
     35 2503
     40 2504
     51 2505
     44 2506
     40 2507
     43 2508
     48 2509
     33 2510
     51 2511
     47 2512
     42 2513
     39 2514
     44 2515
     40 2516
     38 2517
     33 2518
     38 2519
     30 2520
     32 2521
     29 2522
     35 2523
     37 2524
     35 2525
     27 2526
     30 2527
     34 2528
     35 2529
     34 2530
     34 2531
     33 2532
     30 2533
     37 2534
     28 2535
     36 2536
     34 2537
     36 2538
     34 2539
     35 2540
     31 2541
     39 2542
     32 2543
     34 2544
     44 2545
     39 2546
     34 2547
     32 2548
     38 2549
     29 2550
     39 2551
     30 2552
     30 2553
     34 2554
     34 2555
     28 2556
     26 2557
     35 2558
     42 2559
     23 2560
     29 2561
     24 2562
     37 2563
     39 2564
     27 2565
     44 2566
     33 2567
     26 2568
     34 2569
     19 2570
     30 2571
     32 2572
     28 2573
     27 2574
     28 2575
     26 2576
     30 2577
     26 2578
     24 2579
     26 2580
     36 2581
     30 2582
     24 2583
     34 2584
     26 2585
     30 2586
     18 2587
     33 2588
     35 2589
     28 2590
     20 2591
     26 2592
     27 2593
     29 2594
     31 2595
     19 2596
     34 2597
     22 2598
     31 2599
     19 2600
     29 2601
     23 2602
     31 2603
     20 2604
     33 2605
     34 2606
     25 2607
     22 2608
     26 2609
     27 2610
     27 2611
     34 2612
     29 2613
     19 2614
     28 2615
     10 2616
     31 2617
     24 2618
     33 2619
     29 2620
     22 2621
     28 2622
     28 2623
     20 2624
     28 2625
     13 2626
     18 2627
     28 2628
     31 2629
     22 2630
     17 2631
     26 2632
     17 2633
     26 2634
     29 2635
     28 2636
     30 2637
     21 2638
     16 2639
     20 2640
     30 2641
     16 2642
     29 2643
     22 2644
     28 2645
     25 2646
     27 2647
     23 2648
     31 2649
     23 2650
     28 2651
     32 2652
     18 2653
     24 2654
     24 2655
     30 2656
     27 2657
     23 2658
     36 2659
     39 2660
     26 2661
     26 2662
     28 2663
     28 2664
     22 2665
     19 2666
     19 2667
     15 2668
     27 2669
     19 2670
     25 2671
     22 2672
     20 2673
     22 2674
     18 2675
     18 2676
     22 2677
     20 2678
     18 2679
     22 2680
     12 2681
     22 2682
     15 2683
     23 2684
     25 2685
     15 2686
     22 2687
     14 2688
     18 2689
     25 2690
     26 2691
     16 2692
     12 2693
     11 2694
     19 2695
     23 2696
     21 2697
     18 2698
     14 2699
     20 2700
     16 2701
     21 2702
     24 2703
     11 2704
     15 2705
     19 2706
     21 2707
     19 2708
     17 2709
     15 2710
     20 2711
     21 2712
     19 2713
     17 2714
     22 2715
     16 2716
     26 2717
     22 2718
     24 2719
     13 2720
     17 2721
     21 2722
     15 2723
     18 2724
     14 2725
     17 2726
     15 2727
     15 2728
     26 2729
     18 2730
     23 2731
     17 2732
     22 2733
     16 2734
     20 2735
     22 2736
     18 2737
     17 2738
     18 2739
     24 2740
     20 2741
     25 2742
     14 2743
     23 2744
      8 2745
     23 2746
     23 2747
     20 2748
     24 2749
     20 2750
     20 2751
     18 2752
     19 2753
     14 2754
     12 2755
     20 2756
     23 2757
     25 2758
     24 2759
     22 2760
     17 2761
     20 2762
     21 2763
     14 2764
     17 2765
     19 2766
     17 2767
     19 2768
     17 2769
     15 2770
     25 2771
     19 2772
     17 2773
     22 2774
     20 2775
     10 2776
     17 2777
     17 2778
     13 2779
     22 2780
     15 2781
     16 2782
     16 2783
     12 2784
     13 2785
     15 2786
     23 2787
     14 2788
     17 2789
     19 2790
     19 2791
     21 2792
      9 2793
     10 2794
     17 2795
     18 2796
     16 2797
     23 2798
     16 2799
     12 2800
     25 2801
     15 2802
     13 2803
     10 2804
     22 2805
     19 2806
     11 2807
     17 2808
     16 2809
     16 2810
     14 2811
     12 2812
     14 2813
     21 2814
     23 2815
     15 2816
     15 2817
     13 2818
     10 2819
     22 2820
     13 2821
     10 2822
     24 2823
     19 2824
     23 2825
     15 2826
     13 2827
     12 2828
     17 2829
     17 2830
     22 2831
     20 2832
     25 2833
     13 2834
     14 2835
     18 2836
     17 2837
     13 2838
     12 2839
     20 2840
     16 2841
     17 2842
     24 2843
     16 2844
     13 2845
     23 2846
     14 2847
     14 2848
     17 2849
      9 2850
     14 2851
     21 2852
     19 2853
     17 2854
     22 2855
     25 2856
     20 2857
     11 2858
     13 2859
     24 2860
     14 2861
     17 2862
     19 2863
     15 2864
     14 2865
     11 2866
     10 2867
     15 2868
     15 2869
     20 2870
     22 2871
     16 2872
     17 2873
     14 2874
     17 2875
     15 2876
     23 2877
     19 2878
     20 2879
     12 2880
     16 2881
     12 2882
     17 2883
     18 2884
      9 2885
     13 2886
     11 2887
      6 2888
     18 2889
     13 2890
     12 2891
     17 2892
     11 2893
     10 2894
     15 2895
     16 2896
     14 2897
     11 2898
     17 2899
     18 2900
      8 2901
     25 2902
     12 2903
     12 2904
     11 2905
     12 2906
     12 2907
     16 2908
     19 2909
      7 2910
      9 2911
      9 2912
     12 2913
     17 2914
     14 2915
      9 2916
     16 2917
     23 2918
     18 2919
     14 2920
     16 2921
     14 2922
     10 2923
     14 2924
     13 2925
     18 2926
     11 2927
     16 2928
     12 2929
     13 2930
      8 2931
     15 2932
     21 2933
     15 2934
     13 2935
     11 2936
     14 2937
     13 2938
     17 2939
     13 2940
     10 2941
      9 2942
     12 2943
     22 2944
     21 2945
     15 2946
     15 2947
     11 2948
     16 2949
     11 2950
     11 2951
     10 2952
     14 2953
     13 2954
     18 2955
     15 2956
     12 2957
     13 2958
      5 2959
     13 2960
     17 2961
     11 2962
     14 2963
     15 2964
     10 2965
     10 2966
     14 2967
     14 2968
     14 2969
     14 2970
     12 2971
     18 2972
     12 2973
     11 2974
     17 2975
     15 2976
     12 2977
     21 2978
     13 2979
     11 2980
     14 2981
     17 2982
     19 2983
     17 2984
     14 2985
     15 2986
     11 2987
     15 2988
     12 2989
     18 2990
     20 2991
     10 2992
     22 2993
     18 2994
     18 2995
     13 2996
     16 2997
     17 2998
     19 2999
     10 3000
     11 3001
     15 3002
     19 3003
     12 3004
     12 3005
     12 3006
     13 3007
     23 3008
     15 3009
     13 3010
     12 3011
     15 3012
     20 3013
     18 3014
     13 3015
     17 3016
     13 3017
      4 3018
     12 3019
     17 3020
     24 3021
     11 3022
     19 3023
     15 3024
      6 3025
     15 3026
      8 3027
      5 3028
     19 3029
      9 3030
     14 3031
      8 3032
     14 3033
     13 3034
      9 3035
     15 3036
     15 3037
     17 3038
     19 3039
     13 3040
     11 3041
     14 3042
     19 3043
     10 3044
     10 3045
     10 3046
      9 3047
     18 3048
     11 3049
     14 3050
     13 3051
     11 3052
     10 3053
     13 3054
     12 3055
     12 3056
     18 3057
     13 3058
     16 3059
     10 3060
     10 3061
     14 3062
     12 3063
      9 3064
     13 3065
     11 3066
      9 3067
     11 3068
     11 3069
      9 3070
     10 3071
     13 3072
     10 3073
     10 3074
     11 3075
     15 3076
      9 3077
     17 3078
     11 3079
     12 3080
     22 3081
     17 3082
     16 3083
     10 3084
     11 3085
     13 3086
     14 3087
     11 3088
     11 3089
     13 3090
     13 3091
     13 3092
      9 3093
     12 3094
     10 3095
     14 3096
     15 3097
     13 3098
     10 3099
      9 3100
     17 3101
     12 3102
     17 3103
     15 3104
     19 3105
     15 3106
      6 3107
     12 3108
     10 3109
     15 3110
     14 3111
     15 3112
     15 3113
     12 3114
     21 3115
     17 3116
     13 3117
     16 3118
      7 3119
     13 3120
     17 3121
     14 3122
     20 3123
     11 3124
      7 3125
     17 3126
      7 3127
     20 3128
     14 3129
      7 3130
     15 3131
     11 3132
     16 3133
     14 3134
     13 3135
     19 3136
     16 3137
     12 3138
     15 3139
     12 3140
      5 3141
     18 3142
     18 3143
     15 3144
      9 3145
     10 3146
      8 3147
     16 3148
     12 3149
     11 3150
      8 3151
     14 3152
     12 3153
     22 3154
     11 3155
     13 3156
      9 3157
     15 3158
      8 3159
      9 3160
     16 3161
      8 3162
     17 3163
     15 3164
     13 3165
     13 3166
      9 3167
     14 3168
     12 3169
     10 3170
     17 3171
     14 3172
     16 3173
      7 3174
     11 3175
     16 3176
     12 3177
     14 3178
     17 3179
     16 3180
     13 3181
     11 3182
     16 3183
     12 3184
      8 3185
     16 3186
     10 3187
     13 3188
     15 3189
     16 3190
     16 3191
      9 3192
      8 3193
     15 3194
     14 3195
     13 3196
     14 3197
     14 3198
      9 3199
     10 3200
     14 3201
     17 3202
     10 3203
     11 3204
     22 3205
     13 3206
     16 3207
     15 3208
      9 3209
     15 3210
     14 3211
     11 3212
     17 3213
     26 3214
     15 3215
     12 3216
     16 3217
     18 3218
     12 3219
     12 3220
     15 3221
     13 3222
     16 3223
     16 3224
     13 3225
     15 3226
      9 3227
     17 3228
     16 3229
     20 3230
     12 3231
     12 3232
     15 3233
     12 3234
     11 3235
     15 3236
     13 3237
     11 3238
     14 3239
     12 3240
     16 3241
     11 3242
      8 3243
     19 3244
      7 3245
     15 3246
     17 3247
     14 3248
     17 3249
     20 3250
     13 3251
     12 3252
     11 3253
     14 3254
     17 3255
     16 3256
     19 3257
     19 3258
      9 3259
     13 3260
     17 3261
      6 3262
     19 3263
     13 3264
     22 3265
     11 3266
     14 3267
     16 3268
     16 3269
     10 3270
     11 3271
     13 3272
     12 3273
      8 3274
      9 3275
     10 3276
     16 3277
     12 3278
     14 3279
      9 3280
     11 3281
     13 3282
     14 3283
     13 3284
      9 3285
      9 3286
     11 3287
     12 3288
     14 3289
     15 3290
      6 3291
     12 3292
      6 3293
      9 3294
      5 3295
     11 3296
     16 3297
     14 3298
     11 3299
     10 3300
     20 3301
     13 3302
      7 3303
     10 3304
      6 3305
     18 3306
      5 3307
     11 3308
     14 3309
      8 3310
      9 3311
      8 3312
      6 3313
     10 3314
     11 3315
      7 3316
     15 3317
     12 3318
      9 3319
     11 3320
      9 3321
     15 3322
     17 3323
     11 3324
      9 3325
      9 3326
     11 3327
      8 3328
      6 3329
      9 3330
     12 3331
      9 3332
     14 3333
      9 3334
     13 3335
     11 3336
     10 3337
     12 3338
     12 3339
     18 3340
     10 3341
     12 3342
     10 3343
     10 3344
      8 3345
     17 3346
     10 3347
     10 3348
      4 3349
      3 3350
      9 3351
      9 3352
      8 3353
     18 3354
      9 3355
     12 3356
     14 3357
     15 3358
     15 3359
     17 3360
     13 3361
     16 3362
     12 3363
     11 3364
     13 3365
     11 3366
     14 3367
      5 3368
      8 3369
      5 3370
      9 3371
     11 3372
     10 3373
      9 3374
     10 3375
      8 3376
     12 3377
     17 3378
      8 3379
      7 3380
     10 3381
     13 3382
     11 3383
     21 3384
      9 3385
      8 3386
      7 3387
     13 3388
     12 3389
     15 3390
     10 3391
     11 3392
     14 3393
     13 3394
     11 3395
      8 3396
     10 3397
     13 3398
     13 3399
     11 3400
     12 3401
     13 3402
     11 3403
      9 3404
     15 3405
     13 3406
     12 3407
     12 3408
      9 3409
      7 3410
      8 3411
     11 3412
     16 3413
     15 3414
     12 3415
      8 3416
     11 3417
      7 3418
      9 3419
      9 3420
     10 3421
     12 3422
      9 3423
      5 3424
      8 3425
     17 3426
     11 3427
      8 3428
     13 3429
      9 3430
      8 3431
     12 3432
     12 3433
     11 3434
      8 3435
     10 3436
      9 3437
     10 3438
      5 3439
     11 3440
     11 3441
      9 3442
     12 3443
      8 3444
     10 3445
      7 3446
     12 3447
     10 3448
      9 3449
     13 3450
      8 3451
     11 3452
     13 3453
     14 3454
      6 3455
      3 3456
      5 3457
      9 3458
     10 3459
     12 3460
      8 3461
      5 3462
      9 3463
      8 3464
     10 3465
     15 3466
     13 3467
      7 3468
      8 3469
      6 3470
      6 3471
      6 3472
     12 3473
     12 3474
     12 3475
      6 3476
      5 3477
     11 3478
      5 3479
      8 3480
     12 3481
     12 3482
     12 3483
      7 3484
     11 3485
     14 3486
     11 3487
      6 3488
      7 3489
     13 3490
      7 3491
     10 3492
      5 3493
      5 3494
     14 3495
     12 3496
     10 3497
      7 3499
     10 3500
     11 3501
     15 3502
      3 3503
     13 3504
     10 3505
      6 3506
      8 3507
      5 3508
      9 3509
     10 3510
     11 3511
      5 3512
     12 3513
      6 3514
      9 3515
      6 3516
      9 3517
      5 3518
     12 3519
      9 3520
      8 3521
      9 3522
      8 3523
      7 3524
      8 3525
     10 3526
     10 3527
     13 3528
     20 3529
     12 3530
     10 3531
      8 3532
      8 3533
     10 3534
     10 3535
      5 3536
     11 3537
     11 3538
      5 3539
      7 3540
     11 3541
     10 3542
      9 3543
     15 3544
      8 3545
      9 3546
     11 3547
     16 3548
      9 3549
      8 3550
      6 3551
      7 3552
     15 3553
      9 3554
     14 3555
      9 3556
     16 3557
      8 3558
      9 3559
     11 3560
      7 3561
      9 3562
      9 3563
     11 3564
     11 3565
     12 3566
      9 3567
     12 3568
      5 3569
      9 3570
      8 3571
      7 3572
     10 3573
      7 3574
      4 3575
     10 3576
      9 3577
     11 3578
      4 3579
     10 3580
      5 3581
      7 3582
      9 3583
      6 3584
      4 3585
     12 3586
     10 3587
      6 3588
     12 3589
      9 3590
     12 3591
     14 3592
      4 3593
     11 3594
      6 3595
     12 3596
      9 3597
      9 3598
      5 3599
      9 3600
      5 3601
      4 3602
      6 3603
      7 3604
      7 3605
     10 3606
     12 3607
      6 3608
     14 3609
      9 3610
      4 3611
     11 3612
     13 3613
     13 3614
     13 3615
     12 3616
     14 3617
     12 3618
      8 3619
     11 3620
      9 3621
      6 3622
      7 3623
      6 3624
     11 3625
     15 3626
     15 3627
      8 3628
      9 3629
     11 3630
     17 3631
     14 3632
     11 3633
     10 3634
      7 3635
     11 3636
      9 3637
      8 3638
     10 3639
     12 3640
     14 3641
      7 3642
     12 3643
     11 3644
      7 3645
     18 3646
      9 3647
      8 3648
     17 3649
     10 3650
      4 3651
     13 3652
      7 3653
      7 3654
     18 3655
      7 3656
     12 3657
      6 3658
      8 3659
     10 3660
      6 3661
     14 3662
     12 3663
     14 3664
     10 3665
      9 3666
     12 3667
      6 3668
      4 3669
     10 3670
      7 3671
      4 3672
     10 3673
     18 3674
      6 3675
     11 3676
      8 3677
     10 3678
      8 3679
      5 3680
     11 3681
      8 3682
      7 3683
      4 3684
      9 3685
      8 3686
      9 3687
      9 3688
      9 3689
      9 3690
     10 3691
     10 3692
      8 3693
      8 3694
      8 3695
      6 3696
     11 3697
     10 3698
      8 3699
      7 3700
      7 3701
      5 3702
      7 3703
      4 3704
     10 3705
     10 3706
      3 3707
      7 3708
      7 3709
      5 3710
      5 3711
     10 3712
      7 3713
     10 3714
      7 3715
      8 3716
     10 3717
      9 3718
      8 3719
     13 3720
      7 3721
      6 3722
     11 3723
      5 3724
     15 3725
      6 3726
      7 3727
      4 3728
     11 3729
      5 3730
      9 3731
      7 3732
      9 3733
      6 3734
      9 3735
      6 3736
      5 3737
      3 3738
      7 3739
      5 3740
      4 3741
      8 3742
      9 3743
     12 3744
     12 3745
     11 3746
     11 3747
      9 3748
      5 3749
      8 3750
      6 3751
      9 3752
     12 3753
      3 3754
      6 3755
      6 3756
      9 3757
      9 3758
      4 3759
      6 3760
      5 3761
      8 3762
      4 3763
      8 3764
      4 3765
      2 3766
      3 3767
      6 3768
      5 3769
      8 3770
      6 3771
      6 3772
      1 3773
      6 3774
      9 3775
      6 3776
      9 3777
      9 3778
      7 3779
     10 3780
      5 3781
      5 3782
     13 3783
      9 3784
      8 3785
      7 3786
      6 3787
     13 3788
      3 3789
      4 3790
     11 3791
      4 3792
     13 3793
      9 3794
      9 3795
      6 3796
     10 3797
      4 3798
      4 3799
      7 3800
      5 3801
      6 3802
      8 3803
      8 3804
      1 3805
      3 3806
      7 3807
      8 3808
      6 3809
      6 3810
      5 3811
      7 3812
      6 3813
     18 3814
      8 3815
     10 3816
      7 3817
      6 3818
     10 3819
      8 3820
      7 3821
      3 3822
      8 3823
      6 3824
      6 3825
      5 3826
      2 3827
      5 3828
      9 3829
      6 3830
      6 3831
      7 3832
      4 3833
     10 3834
     12 3835
     10 3836
      4 3837
      5 3838
      2 3839
      9 3840
      8 3841
      7 3842
      5 3843
      6 3844
      5 3845
      4 3846
      8 3847
      5 3848
      6 3849
      9 3850
      7 3851
      7 3852
      7 3853
      6 3854
      7 3855
      7 3856
     13 3857
      5 3858
      7 3859
      2 3860
     10 3861
      7 3862
      6 3863
      3 3864
      9 3865
      6 3866
      6 3867
      7 3868
      2 3869
      6 3870
      5 3871
      6 3872
     11 3873
      7 3874
      4 3875
      6 3876
     11 3877
      5 3878
      9 3879
      8 3880
      7 3881
     11 3882
      3 3883
      5 3884
     11 3885
      6 3886
     12 3887
      5 3888
     10 3889
      4 3890
      8 3891
     10 3892
      4 3893
     11 3894
      7 3895
      9 3896
      6 3897
      7 3898
     11 3899
      9 3900
      6 3901
      7 3902
      6 3903
      6 3904
      8 3905
      6 3906
     11 3907
      5 3908
      9 3909
      8 3910
      9 3911
      9 3912
      9 3913
      7 3914
      7 3915
      9 3916
      5 3917
     11 3918
      7 3919
      8 3920
      3 3921
      6 3922
      9 3923
      3 3924
      5 3925
      7 3926
      5 3927
      4 3928
     12 3929
      5 3930
     12 3931
      8 3932
      4 3933
      3 3934
      8 3935
      4 3936
      1 3937
      5 3938
      5 3939
      8 3940
      7 3941
      8 3942
      4 3943
      7 3944
      7 3945
      9 3946
      5 3947
     10 3948
      7 3949
      3 3950
      4 3951
      1 3952
      9 3954
      3 3955
      3 3956
      8 3957
      2 3958
      4 3959
      4 3960
      6 3961
      3 3962
      4 3963
     11 3964
      5 3965
      8 3966
      3 3967
     10 3968
      9 3969
      4 3970
      8 3971
      3 3972
      3 3973
      9 3974
      6 3975
      4 3976
      6 3977
      8 3978
      7 3979
      9 3980
      9 3981
      5 3982
      2 3983
      2 3984
      8 3985
      4 3986
      3 3987
      5 3988
      7 3989
     10 3990
      3 3991
      7 3992
      8 3993
      7 3994
      7 3995
      1 3996
      4 3997
      3 3998
      6 3999
      2 4000
      6 4001
      8 4002
      2 4003
      6 4004
      4 4005
      6 4006
      4 4007
      6 4008
      9 4009
      4 4010
      6 4011
      6 4012
      7 4013
      5 4014
      4 4015
      8 4016
      4 4017
      1 4018
      5 4019
      5 4020
     11 4021
      4 4022
      5 4023
      2 4024
      4 4025
      6 4026
      4 4027
      3 4028
      7 4029
      7 4030
     10 4031
      4 4032
      7 4033
      9 4034
      4 4035
      7 4036
      4 4037
      8 4038
      7 4039
      5 4040
      3 4041
      6 4042
      1 4043
      4 4044
      5 4045
      2 4046
      4 4047
      4 4048
      6 4049
      8 4050
      8 4051
      3 4052
      7 4053
      4 4054
      9 4055
      6 4056
      2 4057
      5 4058
      6 4059
      9 4060
      4 4061
      3 4062
      6 4063
      9 4064
      7 4065
      4 4066
      2 4067
      6 4068
      3 4069
      5 4070
      7 4071
      3 4072
      6 4073
      6 4074
      8 4075
      7 4076
      5 4077
      2 4078
      4 4079
     12 4080
      5 4081
      2 4082
      2 4083
      9 4084
      7 4085
      4 4086
      2 4087
      8 4088
      5 4089
      6 4090
      6 4091
      2 4092
     10 4093
      2 4094
      8 4095
     10 4096
      6 4097
      4 4098
      2 4099
     11 4100
      4 4101
      7 4102
      4 4103
      7 4104
      6 4105
      9 4106
      8 4107
     11 4108
      5 4109
     10 4110
      7 4111
      4 4112
      4 4113
      8 4114
      6 4115
      7 4116
      7 4117
     11 4118
      5 4119
      9 4120
      7 4121
      6 4122
      8 4123
      2 4124
      6 4125
      5 4126
      4 4127
      4 4128
      5 4129
      6 4130
      7 4131
      3 4132
      4 4133
      2 4134
      5 4135
      2 4136
      5 4137
      2 4138
      4 4139
      6 4140
      7 4141
      2 4142
      2 4143
      4 4144
      4 4145
      7 4146
      4 4147
      4 4148
      9 4149
      5 4150
      1 4151
      8 4152
     10 4153
      5 4154
      9 4155
      8 4156
      4 4157
      6 4158
      5 4159
      1 4160
      9 4161
      5 4162
     10 4163
      5 4164
      6 4165
      4 4166
      7 4168
      3 4169
      5 4170
      3 4171
      6 4172
      5 4173
     10 4174
      2 4175
      9 4176
      4 4177
      5 4178
      2 4179
      5 4180
      2 4181
      4 4182
      2 4183
     10 4184
      7 4185
      4 4186
      4 4187
      4 4188
      9 4189
      6 4190
      2 4191
      4 4192
      3 4193
      4 4194
      3 4195
      5 4196
      2 4197
      4 4198
      2 4199
     11 4200
      5 4201
      4 4202
      5 4203
      7 4204
      6 4205
      9 4206
      4 4207
      3 4208
      1 4209
      6 4210
      4 4211
      7 4212
      6 4213
      7 4214
      4 4215
     10 4216
      5 4217
      5 4218
      2 4219
      4 4220
      7 4221
      4 4222
      3 4223
      4 4224
      4 4225
      2 4226
      6 4227
      6 4228
      5 4229
      4 4230
      8 4231
      3 4232
      3 4233
      6 4234
      3 4235
      2 4236
      1 4237
      1 4238
      7 4239
      1 4240
      5 4241
      1 4242
      4 4243
      5 4244
      3 4245
      5 4246
      2 4247
      5 4248
      2 4249
      8 4250
      5 4251
      4 4252
      4 4253
      4 4254
      5 4255
      4 4256
      2 4257
      7 4258
      2 4259
      2 4260
      4 4261
      8 4262
      3 4263
      6 4264
      6 4265
      3 4266
      5 4267
      6 4268
      5 4269
      3 4270
      4 4271
      4 4272
      3 4273
      3 4274
      3 4275
      4 4276
      4 4277
      5 4278
      6 4279
      6 4280
      9 4281
      5 4282
      1 4283
      8 4284
      2 4285
      1 4286
      3 4287
      7 4288
      4 4289
      9 4290
      4 4291
      4 4292
      4 4293
      6 4294
      5 4297
      3 4298
      2 4299
      4 4300
      3 4301
      4 4302
      1 4303
      2 4304
      5 4305
      5 4306
      2 4307
      1 4308
      7 4309
      5 4310
      7 4311
      6 4312
      3 4313
      5 4314
      6 4315
      3 4316
      3 4317
      4 4318
      5 4319
      1 4320
      2 4321
      2 4322
      4 4323
      8 4324
      5 4325
      3 4326
      1 4327
      4 4328
      4 4329
      2 4330
      3 4331
      6 4332
      2 4333
      7 4334
      3 4335
      3 4336
      6 4337
      8 4338
      7 4339
      8 4341
      3 4342
      2 4343
      2 4344
      4 4345
      5 4346
      3 4347
      4 4348
      3 4349
      6 4350
      4 4351
      3 4352
      8 4353
      4 4354
      4 4355
      3 4356
      5 4357
      5 4358
      1 4359
      6 4360
      7 4361
      3 4362
      3 4363
      7 4364
      2 4365
      5 4366
      6 4367
      4 4368
      2 4369
      4 4370
      2 4371
      8 4372
      3 4373
      4 4374
      6 4375
      5 4376
      5 4377
      6 4378
      6 4379
      7 4380
      5 4381
      2 4382
      2 4383
      1 4384
      1 4385
      9 4386
      2 4387
      4 4388
      4 4389
     12 4390
      5 4391
      3 4392
      1 4393
      6 4394
      8 4395
      2 4396
      3 4397
      5 4398
      8 4399
      5 4400
      3 4401
      7 4402
      4 4403
      6 4404
      5 4405
      2 4406
      2 4407
      3 4408
      3 4409
      7 4410
      5 4411
      2 4412
      3 4413
      5 4414
      1 4415
      2 4416
      7 4417
      3 4418
      3 4419
      4 4420
      6 4421
      4 4422
      3 4423
      2 4424
      2 4425
      3 4426
      5 4427
      3 4428
      4 4429
      3 4430
      2 4431
      4 4432
      4 4433
      5 4434
      2 4435
      2 4436
      5 4437
      5 4438
      5 4439
      5 4440
      4 4441
      5 4442
      7 4443
      2 4444
      6 4445
      4 4446
      5 4447
      5 4448
      8 4449
      4 4450
      2 4451
      6 4452
      5 4453
      4 4454
      3 4455
      4 4456
      1 4457
      1 4458
      4 4459
      2 4460
      3 4461
      5 4462
      1 4463
      2 4464
      2 4465
      7 4466
      8 4467
      6 4468
      1 4469
      5 4470
      3 4471
      3 4472
      4 4473
      4 4474
      5 4475
      6 4476
      5 4477
      5 4478
      6 4479
      3 4480
      2 4481
      3 4482
      4 4483
      1 4484
      5 4486
      4 4487
      3 4488
      4 4489
      3 4490
      2 4491
      6 4492
      5 4493
      3 4494
      2 4495
      3 4496
      1 4497
      3 4498
      6 4499
      5 4500
      5 4501
      2 4502
      4 4503
      4 4504
      3 4505
      4 4506
      3 4507
      1 4508
      3 4509
      1 4511
      4 4512
      2 4513
      1 4514
      1 4515
      2 4516
      3 4517
      1 4518
      3 4519
      1 4520
      2 4521
      6 4522
      6 4523
      3 4524
      4 4525
      5 4526
      4 4527
      5 4528
      3 4529
      4 4530
      3 4531
      1 4532
      1 4533
      2 4534
      3 4535
      1 4536
      6 4537
      3 4538
      1 4539
      5 4540
      2 4541
      4 4542
      4 4543
      7 4545
      3 4546
      1 4547
      1 4548
      2 4549
      5 4550
      3 4551
      2 4552
      2 4553
      5 4554
      5 4555
      4 4556
      1 4557
      4 4558
      4 4559
      2 4560
      2 4561
      6 4562
      2 4563
      3 4564
      4 4565
      2 4566
      3 4567
      3 4568
      4 4569
      4 4570
      3 4571
      5 4572
      4 4573
      1 4574
      4 4575
      3 4576
      2 4577
      1 4579
      4 4580
      1 4581
      4 4582
      3 4583
      2 4584
      2 4585
      3 4586
      5 4587
      5 4588
      1 4589
      4 4590
      1 4591
      4 4592
      4 4593
      2 4594
      5 4595
      4 4596
      1 4597
      3 4598
      2 4599
      2 4600
      4 4601
      4 4602
      4 4603
      3 4604
      5 4605
      3 4606
      1 4607
      2 4608
      3 4609
      4 4610
      6 4611
      3 4612
      1 4613
      4 4614
      4 4616
      1 4617
      4 4618
      3 4619
      5 4620
      3 4621
      3 4622
      3 4624
      4 4625
      2 4626
      3 4627
      7 4628
      2 4629
      4 4630
      4 4631
      4 4632
      2 4633
      7 4634
      4 4635
      3 4636
      4 4637
      6 4638
      2 4639
      2 4640
      1 4641
      4 4642
      4 4643
      1 4644
      2 4645
      5 4646
      6 4647
      3 4648
      3 4649
      4 4650
      2 4651
      3 4652
      1 4654
      3 4655
      2 4656
      4 4657
      3 4658
      2 4659
      3 4660
      4 4661
      4 4662
      4 4663
      2 4664
      3 4665
      4 4666
      3 4667
      3 4668
      6 4669
      5 4670
      3 4671
      6 4672
      1 4673
      2 4674
      6 4675
      6 4676
      5 4677
      6 4678
      4 4679
      3 4680
      7 4681
      3 4682
      6 4683
      3 4684
      2 4685
      5 4686
      1 4687
      9 4688
      5 4690
      2 4691
      5 4692
      4 4693
      2 4695
      4 4696
      2 4697
      1 4698
      1 4699
      6 4700
      2 4701
      3 4702
      4 4703
      2 4704
      2 4705
      1 4706
      5 4707
      1 4708
      6 4709
      1 4710
      2 4711
      2 4712
      6 4713
      4 4714
      5 4715
      4 4716
      6 4717
      2 4718
      5 4719
      1 4720
      4 4721
      3 4722
      6 4723
      3 4724
      1 4725
      6 4726
      5 4727
      5 4728
      4 4729
      7 4730
      3 4731
      1 4732
      3 4733
      2 4734
      5 4735
      3 4736
      1 4737
      5 4738
      2 4739
      3 4741
      7 4742
      2 4743
      2 4744
      1 4745
      3 4746
      3 4747
      2 4748
      5 4749
      1 4750
      6 4751
      4 4752
      7 4753
      5 4754
      3 4755
      2 4756
      4 4757
      4 4758
      2 4759
      2 4760
      2 4762
      4 4763
      4 4764
      3 4765
      6 4766
      1 4767
      5 4768
      3 4769
      3 4770
      3 4771
      3 4772
      1 4774
      4 4775
      2 4776
      4 4778
      4 4780
      4 4781
      1 4782
      1 4783
      2 4784
      3 4785
      2 4786
      5 4787
      5 4788
      2 4789
      2 4790
      3 4792
      2 4793
      4 4794
      3 4795
      1 4796
      3 4797
      4 4798
      2 4799
      4 4800
      3 4801
      5 4802
      1 4803
      2 4804
      7 4805
      3 4806
      4 4807
      2 4809
      9 4810
      3 4811
      4 4812
      2 4813
      2 4814
      2 4816
      1 4817
      2 4818
      4 4819
      4 4820
      1 4821
      2 4822
      2 4823
      2 4824
      3 4825
      2 4826
      4 4827
      2 4828
      7 4829
      4 4830
      2 4831
      7 4832
      3 4833
      4 4834
      8 4835
      5 4836
      3 4837
      6 4838
      4 4839
      2 4840
      2 4841
      5 4842
      2 4843
      1 4844
      4 4845
      3 4846
      2 4847
      3 4848
      3 4849
      2 4850
      3 4852
      4 4853
      1 4854
      1 4855
      1 4856
      1 4857
      2 4858
      6 4859
      4 4860
      4 4861
      3 4862
      2 4863
      3 4864
      3 4865
      2 4866
      1 4867
      4 4868
      2 4869
      7 4870
      3 4871
      2 4872
      1 4873
      4 4874
      3 4875
      6 4876
      3 4877
      1 4878
      2 4879
      3 4880
      5 4882
      1 4883
      6 4884
      2 4885
      2 4886
      4 4887
      4 4888
      1 4889
      3 4890
      2 4891
      3 4892
      3 4893
      3 4894
      1 4895
      2 4896
      5 4897
      2 4898
      3 4899
      3 4900
      5 4901
      3 4902
      3 4903
      2 4904
      2 4905
      2 4906
      4 4907
      2 4908
      3 4909
      4 4910
      5 4911
      2 4912
      3 4913
      4 4914
      2 4915
      4 4916
      1 4917
      3 4918
      5 4919
      3 4920
      3 4921
      4 4922
      3 4923
      5 4924
      3 4926
      2 4927
      6 4928
      1 4929
      3 4930
      5 4931
      3 4932
      4 4933
      3 4935
      4 4936
      4 4937
      1 4938
      3 4939
      3 4940
      2 4941
      2 4942
      1 4943
      5 4944
      2 4945
      4 4946
      6 4947
      1 4948
      3 4949
      3 4950
      6 4951
      2 4952
      5 4953
      3 4954
      4 4955
      1 4956
      2 4957
      2 4958
      5 4959
      6 4960
      1 4961
      1 4962
      3 4963
      1 4964
      6 4965
      5 4967
      2 4968
      4 4969
      4 4970
      9 4972
      4 4973
      3 4974
      3 4975
      5 4976
      3 4977
      3 4978
      2 4979
      3 4981
      1 4982
      4 4983
      4 4984
      1 4985
      3 4986
      2 4987
      1 4988
      4 4989
      1 4990
      8 4991
      4 4992
      6 4993
      3 4994
      4 4996
      2 4997
      3 4998
      3 4999
      1 5000
      6 5001
      4 5002
      2 5003
      3 5004
      3 5005
      3 5006
      3 5007
      1 5008
      3 5009
      1 5010
      3 5011
      2 5012
      1 5013
      1 5014
      1 5015
      2 5016
      2 5017
      4 5018
      3 5019
      3 5020
      5 5021
      5 5023
      1 5024
      3 5025
      1 5026
      3 5027
      3 5028
      4 5029
      2 5030
      1 5031
      3 5032
      4 5033
      2 5034
      2 5035
      2 5036
      4 5037
      3 5038
      2 5039
      2 5040
      3 5041
      3 5042
      3 5043
      1 5044
      5 5045
      2 5046
      4 5047
      4 5048
      2 5049
      7 5051
      2 5052
      3 5053
      3 5054
      2 5055
      2 5056
      2 5057
      4 5058
      1 5059
      3 5060
      2 5061
      1 5062
      3 5063
      2 5064
      1 5065
      4 5066
      2 5067
      4 5068
      2 5069
      3 5070
      1 5071
      2 5072
      1 5073
      4 5074
      1 5075
      4 5076
      2 5077
      1 5078
      1 5079
      3 5080
      7 5081
      3 5082
      2 5083
      5 5085
      4 5086
      2 5087
      2 5088
      4 5089
      3 5090
      4 5091
      2 5092
      5 5093
      2 5094
      1 5095
      5 5096
      1 5097
      4 5098
      2 5099
      2 5100
      2 5101
      5 5102
      4 5103
      4 5104
      1 5106
      5 5107
      4 5109
      5 5110
      2 5111
      1 5112
      6 5113
      1 5114
      2 5115
      4 5116
      4 5117
      4 5118
      5 5119
      1 5120
      4 5121
      4 5122
      2 5123
      3 5124
      2 5125
      4 5126
      1 5127
      1 5128
      2 5129
      2 5130
      4 5132
      1 5133
      2 5134
      2 5135
      1 5136
      4 5137
      3 5138
      2 5139
      4 5140
      3 5141
      4 5142
      2 5143
      2 5144
      1 5145
      5 5146
      3 5147
      2 5148
      1 5149
      5 5150
      3 5151
      2 5152
      6 5153
      1 5154
      3 5155
      7 5156
      5 5157
      4 5158
      5 5159
      1 5160
      1 5161
      2 5162
      4 5163
      5 5164
      7 5165
      2 5166
      5 5167
      3 5168
      5 5169
      2 5170
      7 5171
      3 5172
      2 5173
      1 5174
      2 5175
      2 5176
      2 5177
      5 5178
      2 5179
     10 5180
      4 5181
      3 5182
      1 5183
      5 5184
      2 5185
      1 5186
      6 5187
      1 5188
      6 5189
      3 5190
      1 5191
      3 5192
      5 5193
      3 5194
      2 5195
      3 5196
      2 5197
      1 5198
      6 5199
      2 5200
      1 5201
      5 5202
      1 5203
      1 5204
      2 5205
      5 5206
      3 5207
      5 5208
      1 5209
      1 5210
      2 5211
      3 5212
      2 5213
      1 5214
      5 5215
      2 5216
      2 5217
      3 5218
      4 5219
      2 5220
      3 5221
      5 5222
      2 5223
      1 5224
      1 5225
      4 5226
      1 5227
      5 5229
      2 5230
      3 5231
      2 5232
      2 5233
      3 5234
      3 5235
      2 5236
      5 5237
      6 5238
      1 5239
      4 5240
      4 5241
      2 5242
      3 5243
      3 5244
      1 5245
      3 5246
      1 5247
      5 5248
      1 5249
      2 5250
      3 5251
      2 5252
      2 5253
      2 5254
      1 5255
      2 5256
      1 5257
      2 5258
      4 5259
      1 5260
      1 5261
      4 5262
      5 5263
      2 5264
      4 5265
      4 5266
      1 5267
      3 5268
      2 5269
      2 5270
      3 5271
      1 5273
      1 5274
      2 5275
      2 5276
      5 5277
      2 5278
      3 5279
      1 5280
      2 5281
      1 5282
      2 5284
      2 5286
      6 5287
      5 5288
      2 5289
      2 5290
      5 5291
      2 5292
      2 5294
      1 5295
      1 5296
      1 5297
      2 5298
      2 5299
      2 5300
      4 5301
      1 5302
      1 5303
      2 5304
      1 5305
      3 5306
      1 5307
      1 5308
      3 5310
      4 5311
      3 5312
      2 5313
      3 5314
      3 5316
      2 5317
      2 5319
      3 5320
      2 5321
      4 5322
      3 5323
      3 5324
      3 5326
      5 5327
      5 5328
      1 5329
      1 5330
      1 5331
      2 5332
      4 5334
      2 5335
      1 5336
      3 5337
      2 5338
      3 5339
      1 5340
      1 5341
      3 5342
      2 5343
      1 5344
      2 5347
      2 5348
      4 5349
      2 5350
      3 5351
      6 5352
      1 5353
      1 5354
      2 5357
      2 5358
      4 5361
      4 5362
      2 5363
      1 5364
      1 5365
      3 5366
      1 5367
      3 5368
      2 5369
      4 5370
      3 5371
      2 5372
      2 5373
      4 5374
      5 5375
      1 5378
      2 5379
      2 5380
      1 5381
      1 5382
      1 5383
      3 5384
      1 5385
      4 5386
      1 5387
      4 5388
      1 5390
      2 5391
      1 5393
      2 5394
      2 5395
      1 5397
      5 5399
      3 5400
      3 5401
      2 5402
      3 5403
      2 5404
      3 5405
      1 5406
      6 5407
      3 5408
      2 5409
      2 5410
      5 5411
      4 5413
      1 5414
      3 5415
      4 5416
      3 5417
      5 5418
      1 5419
      2 5420
      2 5421
      1 5422
      3 5423
      3 5424
      2 5425
      2 5426
      1 5427
      1 5428
      1 5429
      2 5430
      1 5431
      4 5432
      4 5433
      1 5435
      4 5436
      2 5437
      2 5438
      3 5439
      3 5440
      2 5441
      1 5442
      5 5443
      4 5444
      2 5445
      3 5446
      2 5447
      3 5448
      1 5449
      3 5450
      2 5451
      3 5452
      1 5453
      1 5454
      3 5456
      6 5457
      1 5458
      2 5459
      2 5460
      3 5462
      3 5463
      2 5464
      5 5465
      4 5466
      1 5468
      1 5469
      3 5470
      2 5471
      3 5473
      2 5474
      2 5475
      1 5476
      1 5477
      5 5478
      2 5479
      1 5480
      1 5481
      2 5482
      1 5483
      2 5484
      2 5487
      1 5488
      3 5489
      3 5490
      2 5493
      1 5494
      1 5495
      2 5498
      1 5499
      6 5502
      2 5503
      4 5505
      2 5506
      1 5508
      1 5509
      3 5510
      1 5511
      2 5512
      2 5513
      2 5514
      2 5516
      1 5517
      3 5518
      3 5520
      1 5521
      2 5522
      2 5523
      1 5524
      1 5525
      3 5526
      1 5527
      5 5528
      4 5529
      2 5531
      3 5532
      1 5533
      1 5535
      5 5536
      2 5537
      1 5538
      1 5539
      6 5540
      1 5542
      2 5544
      1 5545
      1 5546
      3 5547
      4 5548
      3 5549
      2 5550
      2 5551
      4 5552
      3 5553
      1 5554
      2 5555
      2 5556
      2 5557
      3 5558
      3 5559
      2 5560
      3 5562
      1 5563
      1 5564
      2 5565
      1 5566
      3 5567
      2 5568
      3 5569
      3 5570
      1 5571
      6 5572
      1 5573
      1 5574
      4 5575
      2 5576
      2 5577
      1 5579
      1 5581
      4 5582
      2 5583
      2 5584
      2 5585
      1 5586
      1 5587
      3 5588
      2 5589
      1 5591
      1 5592
      4 5593
      3 5594
      1 5595
      2 5596
      1 5597
      2 5598
      2 5600
      3 5601
      2 5602
      4 5603
      4 5604
      2 5605
      3 5606
      1 5607
      4 5608
      3 5609
      4 5610
      1 5611
      4 5612
      2 5613
      2 5614
      3 5615
      2 5616
      2 5617
      4 5618
      3 5619
      2 5620
      3 5621
      1 5622
      3 5624
      1 5625
      1 5626
      2 5628
      2 5629
      1 5631
      1 5632
      1 5633
      3 5636
      1 5637
      3 5638
      4 5639
      4 5640
      4 5641
      5 5642
      2 5643
      1 5644
      2 5645
      2 5646
      5 5647
      2 5648
      1 5649
      4 5650
      3 5651
      1 5652
      2 5653
      3 5654
      5 5655
      4 5656
      1 5657
      2 5658
      3 5659
      1 5660
      3 5662
      3 5663
      5 5664
      3 5665
      3 5666
      1 5667
      2 5668
      5 5669
      2 5670
      3 5671
      1 5672
      1 5673
      2 5674
      2 5675
      1 5676
      1 5677
      3 5678
      1 5679
      3 5680
      2 5682
      2 5683
      3 5684
      2 5685
      2 5686
      4 5687
      5 5688
      4 5689
      1 5690
      3 5691
      1 5692
      2 5693
      2 5695
      2 5696
      3 5697
      3 5698
      4 5699
      2 5700
      1 5701
      2 5702
      2 5704
      3 5705
      2 5706
      4 5707
      1 5708
      2 5709
      3 5710
      4 5711
      2 5713
      5 5714
      3 5715
      1 5716
      2 5717
      3 5718
      1 5719
      1 5720
      4 5721
      2 5722
      3 5723
      2 5724
      3 5725
      1 5726
      4 5728
      3 5729
      2 5730
      1 5732
      2 5733
      2 5735
      1 5736
      2 5737
      1 5738
      5 5739
      2 5740
      4 5741
      2 5744
      2 5745
      1 5746
      3 5747
      1 5748
      2 5749
      3 5750
      1 5751
      2 5752
      1 5753
      2 5754
      3 5755
      3 5756
      1 5758
      2 5759
      2 5760
      1 5761
      2 5762
      1 5763
      3 5764
      1 5765
      3 5766
      1 5767
      4 5768
      3 5769
      2 5770
      5 5771
      5 5772
      1 5773
      3 5774
      3 5775
      3 5776
      3 5777
      1 5778
      5 5780
      3 5781
      2 5782
      1 5783
      1 5784
      1 5786
      5 5787
      2 5788
      3 5789
      2 5790
      2 5792
      3 5793
      3 5794
      1 5795
      2 5796
      3 5797
      2 5798
      2 5799
      2 5800
      1 5801
      2 5802
      5 5803
      3 5804
      1 5805
      2 5806
      2 5807
      1 5808
      4 5810
      2 5811
      1 5813
      3 5814
      3 5815
      1 5817
      2 5818
      3 5819
      3 5821
      1 5822
      2 5824
      5 5826
      1 5828
      2 5829
      3 5830
      1 5831
      4 5832
      1 5833
      2 5834
      2 5835
      2 5836
      1 5837
      4 5838
      3 5839
      2 5840
      4 5841
      2 5842
      3 5843
      2 5844
      2 5845
      2 5846
      7 5847
      2 5848
      1 5849
      1 5850
      3 5851
      3 5852
      3 5853
      5 5854
      1 5855
      4 5856
      3 5857
      3 5858
      2 5859
      3 5860
      2 5861
      2 5862
      4 5863
      5 5864
      2 5865
      6 5866
      2 5867
      1 5869
      1 5870
      5 5872
      3 5873
      1 5874
      3 5875
      5 5876
      5 5877
      5 5879
      4 5880
      1 5881
      4 5883
      2 5884
      2 5885
      1 5886
      2 5887
      5 5889
      3 5890
      3 5891
      2 5892
      1 5893
      2 5894
      5 5895
      4 5896
      1 5897
      1 5899
      3 5900
      1 5901
      4 5902
      3 5903
      2 5904
      5 5905
      1 5908
      1 5909
      4 5910
      2 5911
      1 5912
      1 5913
      1 5915
      2 5916
      2 5917
      2 5918
      4 5919
      3 5920
      2 5921
      3 5922
      2 5923
      3 5924
      2 5926
      2 5927
      1 5928
      2 5929
      2 5931
      1 5932
      2 5934
      2 5935
      3 5936
      2 5938
      3 5939
      1 5940
      3 5941
      2 5944
      1 5946
      2 5948
      3 5949
      1 5950
      5 5951
      4 5952
      3 5954
      1 5955
      1 5958
      2 5959
      2 5960
      3 5962
      3 5965
      2 5967
      5 5968
      2 5969
      3 5971
      1 5973
      2 5974
      1 5975
      2 5976
      2 5977
      2 5978
      3 5980
      1 5981
      5 5982
      1 5983
      1 5984
      3 5985
      4 5986
      1 5987
      2 5988
      1 5989
      1 5991
      2 5992
      1 5993
      3 5995
      1 5997
      2 5998
      2 6001
      2 6002
      3 6003
      6 6004
      1 6006
      4 6007
      3 6008
      1 6009
      2 6010
      3 6011
      4 6012
      1 6013
      2 6014
      2 6015
      2 6016
      2 6017
      3 6018
      3 6019
      2 6020
      2 6021
      5 6022
      2 6023
      2 6024
      1 6025
      3 6026
      3 6027
      4 6028
      4 6029
      4 6030
      3 6031
      2 6032
      1 6033
      4 6035
      2 6036
      3 6037
      2 6038
      3 6039
      4 6040
      3 6041
      5 6043
      2 6044
      1 6045
      4 6046
      1 6047
      2 6048
      2 6049
      1 6050
      3 6051
      4 6052
      2 6053
      5 6054
      2 6055
      4 6057
      1 6059
      2 6060
      2 6061
      2 6062
      3 6063
      2 6064
      2 6065
      4 6066
      1 6067
      2 6068
      2 6069
      1 6071
      1 6073
      2 6074
      3 6075
      1 6076
      4 6078
      2 6079
      1 6080
      1 6081
      2 6082
      1 6083
      1 6084
      2 6085
      2 6087
      7 6088
      1 6089
      2 6090
      3 6091
      2 6092
      1 6093
      1 6094
      1 6095
      1 6098
      3 6099
      3 6100
      1 6101
      2 6102
      4 6103
      1 6104
      2 6105
      2 6106
      3 6107
      2 6108
      2 6109
      2 6110
      2 6111
      2 6112
      4 6113
      2 6114
      1 6115
      2 6117
      1 6118
      3 6120
      3 6121
      1 6122
      2 6124
      2 6125
      2 6126
      1 6127
      3 6128
      1 6129
      1 6130
      2 6131
      2 6133
      2 6135
      2 6136
      1 6139
      3 6140
      3 6141
      2 6142
      1 6143
      1 6144
      1 6145
      2 6147
      1 6150
      2 6151
      1 6152
      1 6153
      2 6154
      3 6155
      2 6156
      2 6157
      1 6158
      2 6159
      4 6163
      1 6164
      1 6165
      1 6167
      2 6168
      3 6169
      2 6171
      1 6174
      2 6175
      2 6176
      3 6177
      3 6178
      1 6181
      1 6182
      2 6183
      1 6184
      2 6186
      4 6188
      1 6189
      1 6190
      2 6191
      2 6193
      2 6194
      2 6195
      2 6196
      1 6197
      3 6198
      1 6200
      2 6201
      1 6202
      1 6203
      3 6206
      4 6207
      3 6208
      1 6210
      1 6211
      1 6212
      3 6213
      1 6214
      2 6215
      2 6216
      2 6217
      1 6218
      1 6219
      1 6220
      4 6223
      4 6225
      3 6226
      2 6227
      4 6228
      3 6229
      2 6230
      2 6231
      1 6233
      2 6234
      1 6235
      1 6237
      1 6242
      3 6243
      1 6244
      2 6245
      1 6246
      1 6247
      4 6248
      1 6249
      2 6250
      3 6251
      1 6252
      3 6253
      1 6255
      3 6256
      2 6257
      1 6258
      1 6259
      1 6261
      1 6262
      1 6263
      1 6264
      2 6266
      3 6267
      1 6268
      2 6269
      1 6270
      4 6271
      1 6272
      1 6273
      1 6274
      3 6275
      1 6278
      2 6279
      1 6280
      1 6281
      2 6282
      3 6283
      2 6285
      2 6288
      2 6289
      2 6290
      1 6291
      2 6293
      2 6294
      1 6296
      4 6297
      1 6300
      1 6302
      2 6303
      1 6304
      2 6305
      2 6306
      2 6308
      1 6309
      1 6310
      3 6311
      3 6312
      2 6313
      1 6314
      1 6315
      1 6316
      1 6317
      2 6318
      2 6319
      1 6320
      2 6321
      1 6322
      1 6323
      1 6324
      1 6325
      4 6326
      1 6327
      3 6329
      2 6331
      1 6332
      1 6333
      1 6334
      2 6335
      6 6336
      1 6337
      2 6338
      1 6340
      3 6341
      4 6343
      1 6344
      3 6346
      2 6348
      1 6349
      1 6350
      1 6351
      1 6352
      4 6353
      1 6354
      1 6355
      5 6356
      4 6357
      2 6358
      4 6359
      1 6361
      3 6362
      1 6364
      3 6365
      1 6366
      2 6367
      1 6368
      3 6369
      3 6370
      1 6371
      2 6372
      3 6373
      1 6374
      4 6376
      1 6377
      3 6379
      2 6380
      2 6381
      3 6382
      2 6385
      2 6386
      3 6387
      2 6388
      2 6389
      3 6390
      1 6391
      2 6392
      1 6396
      2 6397
      2 6399
      2 6401
      3 6403
      2 6404
      2 6405
      3 6406
      1 6407
      1 6408
      1 6412
      1 6414
      1 6415
      2 6416
      3 6417
      1 6418
      2 6419
      3 6420
      2 6422
      1 6423
      2 6424
      2 6425
      4 6427
      1 6428
      1 6429
      2 6430
      1 6431
      1 6433
      1 6434
      2 6435
      1 6436
      2 6437
      1 6440
      2 6441
      3 6442
      4 6443
      1 6446
      1 6450
      3 6451
      2 6452
      2 6453
      3 6454
      1 6456
      2 6458
      2 6459
      2 6461
      1 6462
      3 6463
      1 6464
      1 6465
      3 6466
      1 6467
      2 6468
      1 6470
      2 6471
      2 6472
      2 6474
      4 6475
      1 6476
      1 6477
      2 6478
      2 6479
      2 6480
      1 6481
      4 6482
      6 6483
      1 6484
      1 6485
      2 6487
      1 6488
      3 6489
      2 6490
      1 6491
      1 6492
      1 6493
      1 6494
      1 6495
      2 6496
      4 6497
      2 6498
      4 6499
      3 6501
      1 6503
      1 6504
      1 6506
      1 6507
      3 6508
      1 6509
      1 6511
      1 6512
      3 6513
      2 6514
      2 6515
      1 6516
      3 6517
      2 6518
      3 6519
      1 6520
      1 6522
      2 6523
      2 6524
      2 6525
      2 6526
      2 6527
      2 6528
      1 6529
      1 6530
      2 6531
      1 6533
      3 6534
      2 6535
      1 6536
      1 6537
      1 6538
      2 6539
      1 6540
      1 6541
      4 6542
      4 6543
      1 6544
      1 6545
      1 6546
      5 6547
      2 6548
      2 6549
      1 6552
      2 6553
      2 6554
      1 6555
      1 6560
      1 6561
      3 6562
      1 6563
      1 6564
      1 6565
      1 6566
      1 6567
      1 6568
      1 6569
      1 6571
      3 6572
      2 6573
      2 6574
      1 6576
      2 6577
      4 6578
      3 6579
      1 6580
      3 6581
      1 6582
      2 6583
      2 6584
      1 6585
      2 6586
      1 6587
      3 6589
      2 6590
      3 6591
      3 6592
      2 6593
      1 6594
      2 6595
      1 6596
      1 6597
      3 6598
      2 6599
      1 6600
      3 6602
      1 6603
      2 6605
      1 6606
      2 6607
      1 6609
      1 6610
      1 6611
      1 6612
      2 6614
      1 6615
      2 6616
      1 6617
      2 6618
      3 6619
      1 6620
      2 6621
      3 6622
      5 6623
      5 6624
      3 6626
      3 6627
      1 6628
      1 6629
      2 6630
      1 6631
      1 6632
      1 6633
      1 6634
      2 6635
      3 6636
      2 6638
      4 6639
      2 6640
      1 6641
      2 6642
      1 6645
      2 6646
      3 6647
      2 6648
      3 6649
      1 6650
      1 6651
      3 6652
      1 6653
      4 6654
      2 6655
      2 6657
      3 6658
      1 6660
      1 6663
      1 6664
      2 6666
      1 6668
      4 6669
      1 6670
      1 6671
      3 6672
      3 6673
      4 6674
      2 6675
      4 6677
      1 6678
      2 6679
      3 6680
      1 6681
      2 6682
      2 6683
      1 6684
      1 6686
      3 6687
      2 6688
      2 6689
      3 6690
      3 6691
      4 6693
      1 6694
      1 6695
      1 6696
      2 6697
      3 6698
      1 6699
      1 6700
      2 6701
      5 6702
      2 6703
      2 6704
      1 6705
      3 6706
      4 6707
      3 6708
      4 6709
      4 6710
      3 6711
      2 6712
      2 6713
      4 6714
      3 6716
      2 6717
      4 6718
      2 6719
      1 6720
      5 6721
      2 6722
      2 6723
      4 6724
      2 6725
      1 6726
      3 6727
      1 6728
      3 6730
      8 6731
      1 6732
      3 6733
      4 6734
      3 6735
      1 6736
      2 6737
      1 6739
      3 6741
      3 6742
      4 6743
      3 6744
      2 6745
      3 6746
      9 6747
      1 6748
      6 6749
      4 6752
      4 6753
      3 6755
      3 6756
      4 6757
      2 6759
      4 6760
      1 6763
      1 6764
      3 6765
      1 6766
      2 6767
      3 6769
      2 6772
      1 6774
      2 6775
      1 6776
      2 6777
      2 6778
      1 6781
      1 6782
      1 6783
      1 6784
      1 6785
      1 6786
      5 6787
      4 6788
      3 6789
      2 6791
      2 6793
      1 6795
      2 6796
      1 6797
      1 6800
      3 6801
      1 6802
      2 6803
      1 6804
      3 6805
      3 6806
      4 6807
      2 6809
      3 6810
      1 6811
      2 6812
      1 6814
      1 6815
      1 6816
      1 6817
      5 6818
      1 6819
      2 6820
      1 6822
      2 6823
      1 6825
      1 6826
      1 6827
      3 6828
      1 6831
      2 6832
      1 6833
      4 6834
      1 6835
      1 6838
      1 6840
      1 6842
      2 6844
      3 6845
      2 6846
      1 6847
      2 6849
      1 6850
      1 6851
      1 6852
      1 6853
      1 6855
      3 6856
      3 6857
      1 6858
      4 6859
      1 6861
      3 6863
      2 6865
      2 6866
      2 6867
      1 6870
      2 6871
      2 6872
      2 6873
      1 6874
      1 6875
      1 6876
      2 6877
      2 6879
      3 6880
      1 6882
      1 6884
      2 6885
      1 6888
      3 6889
      2 6890
      2 6891
      2 6892
      1 6893
      3 6894
      1 6895
      1 6897
      2 6898
      1 6901
      2 6903
      3 6906
      1 6910
      1 6911
      1 6913
      2 6914
      2 6917
      1 6918
      1 6919
      1 6920
      3 6923
      1 6926
      1 6927
      1 6929
      1 6930
      2 6933
      2 6938
      1 6942
      1 6943
      1 6947
      2 6948
      1 6951
      1 6952
      1 6956
      1 6958
      1 6959
      2 6961
      1 6966
      1 6968
      1 6969
      1 6971
      2 6974
      1 6976
      1 6978
      1 6979
      2 6980
      2 6981
      2 6988
      2 6991
      3 6992
      2 6993
      2 6994
      2 6999
      1 7000
      2 7002
      2 7003
      1 7004
      2 7007
      1 7009
      2 7010
      1 7011
      3 7012
      3 7013
      1 7017
      1 7018
      3 7019
      1 7020
      1 7021
      1 7022
      1 7024
      4 7025
      1 7026
      1 7027
      2 7030
      2 7032
      1 7033
      2 7035
      2 7036
      2 7037
      4 7038
      1 7039
      1 7040
      1 7042
      3 7043
      2 7044
      2 7045
      1 7046
      3 7047
      1 7050
      1 7051
      2 7052
      3 7053
      1 7055
      2 7057
      4 7058
      3 7060
      1 7061
      1 7062
      1 7063
      1 7064
      1 7065
      1 7066
      1 7067
      1 7068
      1 7069
      1 7071
      1 7072
      2 7075
      1 7076
      2 7078
      1 7079
      2 7080
      3 7081
      1 7084
      2 7086
      3 7088
      2 7090
      1 7091
      1 7093
      1 7094
      1 7096
      1 7097
      2 7100
      3 7101
      1 7104
      4 7106
      3 7107
      2 7109
      2 7110
      2 7111
      1 7112
      2 7118
      1 7120
      1 7121
      4 7122
      4 7125
      2 7126
      1 7127
      1 7129
      2 7130
      1 7131
      2 7132
      2 7135
      5 7138
      1 7139
      1 7140
      2 7142
      1 7143
      1 7145
      6 7147
      3 7150
      1 7154
      1 7155
      1 7156
      1 7157
      1 7158
      3 7159
      2 7160
      1 7161
      1 7162
      1 7163
      1 7164
      1 7166
      1 7167
      1 7168
      1 7171
      2 7172
      1 7173
      1 7174
      1 7175
      1 7177
      2 7179
      1 7180
      1 7181
      1 7183
      3 7184
      1 7186
      1 7188
      3 7190
      1 7191
      1 7194
      3 7196
      1 7197
      1 7199
      4 7200
      1 7201
      2 7202
      4 7206
      1 7209
      3 7210
      2 7213
      2 7214
      1 7215
      2 7216
      4 7217
      3 7218
      4 7220
      1 7221
      2 7222
      1 7223
      1 7224
      2 7225
      2 7226
      2 7227
      4 7228
      2 7230
      1 7232
      4 7233
      2 7234
      2 7235
      2 7236
      2 7237
      3 7239
      4 7240
      4 7241
      5 7242
      3 7243
      3 7244
      2 7245
      1 7246
      3 7247
      2 7248
      3 7249
      2 7250
      2 7252
      2 7253
      4 7255
      3 7256
      3 7257
      2 7258
      1 7261
      1 7262
      1 7264
      2 7265
      2 7266
      2 7267
      1 7268
      1 7269
      1 7270
      1 7271
      1 7272
      1 7273
      1 7274
      2 7275
      1 7276
      2 7280
      1 7281
      1 7282
      2 7283
      4 7284
      2 7285
      1 7287
      1 7288
      1 7289
      3 7290
      2 7291
      1 7292
      3 7295
      1 7296
      3 7301
      2 7302
      2 7303
      1 7304
      1 7305
      2 7306
      1 7307
      3 7308
      2 7309
      3 7310
      1 7311
      1 7313
      2 7314
      3 7315
      1 7316
      2 7317
      2 7318
      5 7319
      2 7320
      4 7321
      2 7322
      2 7324
      2 7325
      2 7326
      1 7327
      1 7329
      3 7330
      3 7331
      2 7332
      1 7333
      2 7335
      2 7337
      1 7339
      3 7340
      6 7341
      5 7344
      2 7345
      2 7347
      1 7348
      1 7349
      1 7350
      1 7351
      1 7352
      1 7353
      1 7354
      2 7355
      1 7356
      3 7357
      2 7358
      1 7359
      2 7361
      1 7362
      3 7363
      1 7367
      5 7369
      1 7372
      1 7373
      2 7374
      1 7375
      4 7376
      1 7377
      1 7381
      3 7382
      1 7383
      1 7384
      2 7386
      3 7387
      1 7388
      1 7389
      1 7392
      3 7393
      2 7395
      2 7397
      1 7398
      1 7399
      1 7402
      1 7403
      2 7405
      1 7407
      1 7413
      1 7417
      1 7418
      1 7419
      1 7420
      1 7423
      1 7428
      1 7429
      1 7430
      1 7432
      2 7434
      1 7436
      1 7438
      1 7439
      1 7440
      1 7441
      1 7450
      1 7452
      1 7455
      1 7458
      1 7459
      2 7461
      1 7464
      1 7476
      1 7480
      1 7481
      1 7485
      1 7487
      1 7489
      1 7492
      1 7497
      1 7503
      2 7509
      1 7511
      2 7515
      3 7521
      1 7522
      1 7525
      1 7531
      2 7533
      1 7534
      1 7536
      3 7542
      1 7543
      1 7545
      1 7548
      1 7549
      1 7551
      1 7553
      1 7559
      1 7567
      1 7569
      2 7574
      1 7578
      1 7585
      1 7587
      1 7602
      1 7603
      1 7607
      1 7614
      1 7617
      1 7619
      1 7623
      1 7624
      1 7625
      1 7627
      1 7628
      1 7637
      1 7638
      1 7640
      2 7641
      1 7643
      1 7645
      1 7647
      1 7649
      1 7652
      2 7659
      1 7662
      1 7667
      1 7669
      1 7672
      1 7675
      1 7682
      1 7692
      1 7694
      1 7696
      1 7699
      1 7703
      1 7705
      1 7708
      2 7711
      2 7712
      1 7715
      1 7716
      1 7720
      1 7732
      1 7735
      1 7751
      1 7760
      1 7763
      1 7765
      1 7770
      1 7775
      1 7779
      1 7783
      1 7784
      1 7791
      1 7797
      1 7800
      1 7806
      1 7820
      2 7824
      1 7826
      1 7837
      1 7840
      1 7847
      1 7851
      2 7856
      2 7861
      1 7862
      1 7863
      1 7869
      1 7872
      1 7873
      2 7875
      3 7878
      2 7879
      3 7881
      2 7882
      4 7883
      1 7884
      3 7885
      3 7886
      2 7887
      1 7888
      1 7889
      5 7890
      4 7891
      2 7892
      6 7893
      4 7896
      3 7897
      5 7898
      2 7899
      2 7900
      1 7903
      5 7904
      3 7905
      3 7906
      3 7907
      7 7908
      4 7909
      2 7910
      4 7911
      4 7912
      4 7913
      4 7914
      2 7915
      2 7916
      4 7917
      2 7918
      4 7919
      5 7920
      3 7921
      4 7922
      2 7923
      4 7924
      4 7925
      4 7926
      3 7927
      5 7928
      2 7929
      4 7930
      3 7931
      5 7932
      4 7933
      6 7934
      6 7935
      4 7936
      4 7937
      6 7938
      3 7939
      4 7940
      2 7941
      2 7942
      4 7943
      2 7944
      1 7945
      1 7946
      1 7947
      2 7948
      1 7950
      1 7953
      3 7954
      2 7955
      1 7956
      1 7957
      2 7959
      1 7961
      1 7962
      1 7966
      1 7967
      1 7970
      2 7975
      4 7976
      1 7978
      1 7979
      1 7980
      1 7981
      1 7982
      2 7983
      1 7984
      1 7985
      1 7986
