 206989 0
166136547 1
322942774 2
454644952 3
501584757 4
456694171 5
355611535 6
243084902 7
148643723 8
82854912 9
42684695 10
20710872 11
9723919 12
4583934 13
2285839 14
1290996 15
 827323 16
 600689 17
 473681 18
 388421 19
 330020 20
 286352 21
 248845 22
 219636 23
 194528 24
 171956 25
 154681 26
 138187 27
 124595 28
 112641 29
 101786 30
  91479 31
  83467 32
  77067 33
  70119 34
  64666 35
  59534 36
  55555 37
  52495 38
  48565 39
  46083 40
  43301 41
  40997 42
  39283 43
  37022 44
  35342 45
  33640 46
  32483 47
  31221 48
  29666 49
  28274 50
  27115 51
  25996 52
  24864 53
  24111 54
  23229 55
  22798 56
  22022 57
  21249 58
  20867 59
  20361 60
  19390 61
  19005 62
  18591 63
  17932 64
  17636 65
  17547 66
  16928 67
  16690 68
  16080 69
  16079 70
  15525 71
  15107 72
  14573 73
  14445 74
  14085 75
  13588 76
  13573 77
  12996 78
  12737 79
  12440 80
  12366 81
  12120 82
  11685 83
  11426 84
  11439 85
  11186 86
  11136 87
  10710 88
  10457 89
  10161 90
  10033 91
   9858 92
  10024 93
   9887 94
   9653 95
   9372 96
   9119 97
   9033 98
   8980 99
   9210 100
   8819 101
   8476 102
   8354 103
   8251 104
   8084 105
   8072 106
   7730 107
   7553 108
   7584 109
   7592 110
   7367 111
   7281 112
   7199 113
   7067 114
   6931 115
   6948 116
   6780 117
   6541 118
   6384 119
   6306 120
   6333 121
   6201 122
   6062 123
   5877 124
   5862 125
   5837 126
   5810 127
   5618 128
   5640 129
   5535 130
   5521 131
   5519 132
   5406 133
   5405 134
   5141 135
   5180 136
   5070 137
   4997 138
   4933 139
   4900 140
   4719 141
   4636 142
   4551 143
   4373 144
   4450 145
   4424 146
   4315 147
   4318 148
   4284 149
   4298 150
   4095 151
   4205 152
   4072 153
   4003 154
   3855 155
   4031 156
   3811 157
   3857 158
   3840 159
   3825 160
   3683 161
   3610 162
   3636 163
   3372 164
   3352 165
   3501 166
   3454 167
   3424 168
   3354 169
   3368 170
   3324 171
   3272 172
   3117 173
   3114 174
   3134 175
   3073 176
   3106 177
   3008 178
   3148 179
   2878 180
   2976 181
   2887 182
   2834 183
   2848 184
   2905 185
   2891 186
   2824 187
   2806 188
   2812 189
   2856 190
   2743 191
   2856 192
   2799 193
   2775 194
   2638 195
   2650 196
   2720 197
   2582 198
   2461 199
   2633 200
   2585 201
   2691 202
   2539 203
   2578 204
   2504 205
   2545 206
   2460 207
   2516 208
   2361 209
   2419 210
   2409 211
   2440 212
   2359 213
   2387 214
   2260 215
   2303 216
   2366 217
   2333 218
   2307 219
   2282 220
   2287 221
   2290 222
   2313 223
   2265 224
   2160 225
   2281 226
   2338 227
   2285 228
   2250 229
   2254 230
   2194 231
   2149 232
   2180 233
   2126 234
   2096 235
   2075 236
   2082 237
   2085 238
   2066 239
   2068 240
   2011 241
   2090 242
   1989 243
   2143 244
   2025 245
   1976 246
   2078 247
   2009 248
   1961 249
   1917 250
   2024 251
   1963 252
   1994 253
   1957 254
   2023 255
   2020 256
   2002 257
   1992 258
   1966 259
   1875 260
   1866 261
   1887 262
   1988 263
   1946 264
   1835 265
   1867 266
   1978 267
   1871 268
   1927 269
   1848 270
   1889 271
   1856 272
   1882 273
   1825 274
   1807 275
   1843 276
   1819 277
   1877 278
   1894 279
   1815 280
   1783 281
   1750 282
   1633 283
   1796 284
   1803 285
   1757 286
   1887 287
   1792 288
   1809 289
   1747 290
   1711 291
   1714 292
   1798 293
   1789 294
   1852 295
   1747 296
   1772 297
   1697 298
   1745 299
   1751 300
   1833 301
   1870 302
   1793 303
   1789 304
   1847 305
   1817 306
   1753 307
   1834 308
   1778 309
   1764 310
   1806 311
   1742 312
   1811 313
   1738 314
   1751 315
   1779 316
   1799 317
   1827 318
   1875 319
   1761 320
   1735 321
   1898 322
   1800 323
   1868 324
   1898 325
   1867 326
   1857 327
   1773 328
   1855 329
   1788 330
   1725 331
   1847 332
   1726 333
   1769 334
   1696 335
   1788 336
   1813 337
   1736 338
   1804 339
   1813 340
   1764 341
   1751 342
   1737 343
   1710 344
   1723 345
   1695 346
   1727 347
   1608 348
   1711 349
   1644 350
   1696 351
   1697 352
   1663 353
   1656 354
   1637 355
   1647 356
   1613 357
   1497 358
   1658 359
   1639 360
   1610 361
   1595 362
   1602 363
   1593 364
   1590 365
   1497 366
   1504 367
   1529 368
   1458 369
   1524 370
   1495 371
   1564 372
   1486 373
   1495 374
   1520 375
   1429 376
   1487 377
   1579 378
   1431 379
   1434 380
   1447 381
   1470 382
   1409 383
   1377 384
   1341 385
   1315 386
   1401 387
   1387 388
   1383 389
   1420 390
   1375 391
   1443 392
   1433 393
   1345 394
   1395 395
   1354 396
   1339 397
   1329 398
   1331 399
   1338 400
   1267 401
   1322 402
   1234 403
   1277 404
   1222 405
   1218 406
   1193 407
   1211 408
   1201 409
   1182 410
   1185 411
   1126 412
   1196 413
   1207 414
   1124 415
   1144 416
   1106 417
   1068 418
   1049 419
   1117 420
   1059 421
   1016 422
   1066 423
   1081 424
   1007 425
    979 426
    968 427
    926 428
    912 429
    952 430
    963 431
    957 432
    961 433
    922 434
    864 435
    900 436
    842 437
    789 438
    850 439
    866 440
    839 441
    843 442
    795 443
    841 444
    788 445
    729 446
    813 447
    789 448
    794 449
    776 450
    753 451
    742 452
    738 453
    758 454
    735 455
    737 456
    719 457
    752 458
    732 459
    720 460
    705 461
    685 462
    706 463
    700 464
    720 465
    647 466
    658 467
    653 468
    673 469
    612 470
    593 471
    616 472
    592 473
    566 474
    575 475
    547 476
    550 477
    566 478
    581 479
    584 480
    545 481
    545 482
    591 483
    564 484
    599 485
    563 486
    582 487
    575 488
    618 489
    540 490
    560 491
    545 492
    541 493
    561 494
    518 495
    544 496
    533 497
    500 498
    544 499
    500 500
    505 501
    512 502
    495 503
    469 504
    480 505
    496 506
    467 507
    495 508
    484 509
    464 510
    477 511
    454 512
    510 513
    430 514
    449 515
    472 516
    423 517
    479 518
    479 519
    441 520
    432 521
    435 522
    458 523
    436 524
    404 525
    483 526
    421 527
    478 528
    436 529
    427 530
    434 531
    414 532
    493 533
    437 534
    439 535
    428 536
    453 537
    441 538
    427 539
    450 540
    427 541
    419 542
    411 543
    428 544
    389 545
    416 546
    397 547
    412 548
    461 549
    440 550
    380 551
    417 552
    406 553
    427 554
    406 555
    422 556
    424 557
    373 558
    387 559
    457 560
    395 561
    425 562
    372 563
    382 564
    401 565
    421 566
    402 567
    396 568
    419 569
    384 570
    409 571
    399 572
    385 573
    415 574
    421 575
    371 576
    365 577
    394 578
    397 579
    357 580
    420 581
    367 582
    381 583
    407 584
    355 585
    400 586
    399 587
    381 588
    384 589
    385 590
    375 591
    391 592
    393 593
    376 594
    381 595
    390 596
    384 597
    353 598
    346 599
    376 600
    370 601
    349 602
    350 603
    359 604
    374 605
    341 606
    358 607
    391 608
    350 609
    386 610
    380 611
    377 612
    364 613
    386 614
    378 615
    370 616
    375 617
    345 618
    390 619
    367 620
    359 621
    352 622
    364 623
    358 624
    332 625
    355 626
    355 627
    321 628
    322 629
    358 630
    336 631
    330 632
    361 633
    320 634
    355 635
    353 636
    352 637
    359 638
    377 639
    351 640
    373 641
    375 642
    356 643
    354 644
    333 645
    361 646
    333 647
    304 648
    321 649
    319 650
    303 651
    324 652
    333 653
    352 654
    330 655
    328 656
    333 657
    333 658
    317 659
    293 660
    308 661
    298 662
    334 663
    304 664
    340 665
    307 666
    330 667
    324 668
    302 669
    312 670
    318 671
    286 672
    339 673
    312 674
    299 675
    336 676
    326 677
    296 678
    329 679
    297 680
    317 681
    318 682
    312 683
    312 684
    324 685
    340 686
    322 687
    300 688
    302 689
    303 690
    319 691
    302 692
    300 693
    354 694
    263 695
    291 696
    306 697
    306 698
    317 699
    290 700
    299 701
    286 702
    294 703
    288 704
    283 705
    281 706
    281 707
    308 708
    341 709
    284 710
    292 711
    302 712
    275 713
    296 714
    295 715
    316 716
    308 717
    293 718
    300 719
    312 720
    277 721
    256 722
    272 723
    319 724
    261 725
    286 726
    268 727
    313 728
    287 729
    277 730
    253 731
    269 732
    274 733
    275 734
    249 735
    264 736
    293 737
    280 738
    291 739
    260 740
    253 741
    306 742
    269 743
    246 744
    248 745
    260 746
    283 747
    280 748
    269 749
    270 750
    244 751
    264 752
    260 753
    247 754
    262 755
    276 756
    244 757
    264 758
    244 759
    288 760
    269 761
    260 762
    258 763
    293 764
    246 765
    249 766
    248 767
    261 768
    244 769
    241 770
    255 771
    277 772
    264 773
    288 774
    263 775
    276 776
    275 777
    242 778
    244 779
    251 780
    280 781
    239 782
    273 783
    256 784
    243 785
    252 786
    279 787
    269 788
    266 789
    230 790
    249 791
    244 792
    276 793
    288 794
    249 795
    252 796
    292 797
    235 798
    267 799
    249 800
    273 801
    255 802
    270 803
    239 804
    247 805
    227 806
    289 807
    284 808
    245 809
    267 810
    260 811
    257 812
    269 813
    271 814
    239 815
    244 816
    249 817
    280 818
    255 819
    269 820
    252 821
    257 822
    256 823
    234 824
    286 825
    238 826
    303 827
    274 828
    266 829
    265 830
    249 831
    254 832
    256 833
    213 834
    272 835
    235 836
    236 837
    250 838
    237 839
    233 840
    220 841
    252 842
    237 843
    254 844
    254 845
    260 846
    223 847
    233 848
    219 849
    214 850
    253 851
    237 852
    214 853
    258 854
    221 855
    220 856
    223 857
    232 858
    219 859
    264 860
    249 861
    245 862
    208 863
    232 864
    251 865
    220 866
    231 867
    212 868
    229 869
    216 870
    216 871
    204 872
    188 873
    225 874
    233 875
    199 876
    250 877
    202 878
    231 879
    208 880
    213 881
    212 882
    230 883
    209 884
    238 885
    210 886
    227 887
    221 888
    197 889
    219 890
    235 891
    239 892
    232 893
    228 894
    230 895
    227 896
    216 897
    220 898
    207 899
    218 900
    234 901
    214 902
    217 903
    215 904
    227 905
    225 906
    203 907
    246 908
    244 909
    203 910
    234 911
    219 912
    199 913
    263 914
    208 915
    225 916
    242 917
    213 918
    256 919
    243 920
    222 921
    237 922
    210 923
    234 924
    245 925
    214 926
    220 927
    218 928
    189 929
    215 930
    216 931
    222 932
    235 933
    209 934
    238 935
    216 936
    193 937
    209 938
    230 939
    199 940
    209 941
    195 942
    184 943
    211 944
    199 945
    215 946
    213 947
    213 948
    207 949
    187 950
    225 951
    235 952
    203 953
    225 954
    197 955
    197 956
    211 957
    216 958
    215 959
    194 960
    188 961
    196 962
    198 963
    170 964
    184 965
    207 966
    197 967
    165 968
    154 969
    143 970
    194 971
    177 972
    172 973
    185 974
    190 975
    193 976
    172 977
    167 978
    199 979
    164 980
    201 981
    194 982
    183 983
    192 984
    186 985
    188 986
    212 987
    188 988
    187 989
    214 990
    195 991
    204 992
    188 993
    184 994
    204 995
    205 996
    182 997
    216 998
    198 999
    197 1000
    185 1001
    194 1002
    181 1003
    191 1004
    207 1005
    216 1006
    198 1007
    212 1008
    216 1009
    221 1010
    209 1011
    188 1012
    205 1013
    220 1014
    214 1015
    215 1016
    205 1017
    167 1018
    225 1019
    199 1020
    211 1021
    194 1022
    202 1023
    199 1024
    220 1025
    216 1026
    182 1027
    170 1028
    192 1029
    188 1030
    196 1031
    190 1032
    181 1033
    185 1034
    181 1035
    196 1036
    153 1037
    188 1038
    189 1039
    161 1040
    194 1041
    183 1042
    184 1043
    186 1044
    201 1045
    172 1046
    175 1047
    197 1048
    185 1049
    176 1050
    169 1051
    153 1052
    192 1053
    179 1054
    177 1055
    180 1056
    150 1057
    166 1058
    169 1059
    196 1060
    163 1061
    180 1062
    173 1063
    154 1064
    171 1065
    170 1066
    148 1067
    165 1068
    186 1069
    170 1070
    173 1071
    189 1072
    180 1073
    158 1074
    158 1075
    195 1076
    164 1077
    161 1078
    173 1079
    175 1080
    181 1081
    163 1082
    180 1083
    155 1084
    169 1085
    192 1086
    183 1087
    177 1088
    174 1089
    196 1090
    179 1091
    170 1092
    175 1093
    159 1094
    158 1095
    186 1096
    162 1097
    157 1098
    183 1099
    165 1100
    175 1101
    205 1102
    167 1103
    178 1104
    166 1105
    164 1106
    175 1107
    136 1108
    156 1109
    147 1110
    150 1111
    163 1112
    149 1113
    139 1114
    158 1115
    170 1116
    154 1117
    164 1118
    162 1119
    148 1120
    154 1121
    164 1122
    138 1123
    149 1124
    153 1125
    150 1126
    158 1127
    160 1128
    143 1129
    135 1130
    152 1131
    121 1132
    132 1133
    136 1134
    145 1135
    118 1136
    152 1137
    137 1138
    148 1139
    148 1140
    146 1141
    145 1142
    129 1143
    132 1144
    137 1145
    132 1146
    147 1147
    145 1148
    137 1149
    159 1150
    160 1151
    143 1152
    148 1153
    146 1154
    137 1155
    149 1156
    121 1157
    122 1158
    134 1159
    139 1160
    128 1161
    132 1162
    158 1163
    129 1164
    128 1165
    105 1166
    131 1167
    126 1168
    126 1169
    129 1170
    129 1171
    128 1172
    131 1173
    116 1174
    138 1175
    122 1176
    134 1177
    122 1178
    132 1179
    120 1180
    128 1181
    131 1182
    139 1183
    158 1184
    147 1185
    150 1186
    137 1187
    127 1188
    137 1189
    128 1190
    120 1191
    147 1192
    133 1193
    143 1194
    142 1195
    150 1196
    128 1197
    123 1198
    141 1199
    122 1200
    136 1201
    119 1202
    131 1203
    113 1204
    155 1205
    113 1206
    133 1207
    113 1208
    114 1209
    117 1210
    119 1211
    101 1212
    123 1213
    107 1214
    125 1215
    106 1216
    118 1217
     98 1218
    125 1219
    104 1220
    106 1221
    114 1222
    111 1223
    118 1224
    126 1225
    110 1226
    108 1227
     97 1228
    120 1229
    108 1230
    104 1231
    100 1232
    107 1233
    105 1234
     98 1235
     90 1236
    106 1237
    113 1238
    128 1239
    110 1240
    105 1241
     96 1242
    111 1243
     91 1244
     88 1245
     84 1246
    103 1247
    101 1248
     96 1249
    116 1250
    124 1251
    101 1252
     83 1253
     94 1254
     94 1255
     95 1256
    105 1257
     88 1258
     81 1259
    106 1260
     93 1261
     93 1262
     97 1263
     99 1264
     85 1265
    115 1266
     87 1267
     90 1268
     99 1269
    101 1270
    103 1271
     97 1272
     97 1273
     91 1274
    105 1275
    113 1276
     91 1277
     85 1278
     90 1279
     81 1280
     85 1281
     88 1282
     83 1283
     90 1284
     80 1285
     77 1286
     85 1287
     95 1288
    101 1289
     94 1290
    110 1291
     87 1292
     91 1293
     97 1294
     98 1295
     87 1296
     81 1297
    102 1298
    103 1299
    109 1300
     87 1301
     98 1302
     88 1303
     99 1304
     88 1305
    107 1306
     89 1307
     82 1308
    115 1309
     82 1310
     94 1311
     77 1312
    101 1313
     98 1314
     93 1315
    101 1316
    101 1317
     90 1318
     84 1319
    101 1320
     85 1321
     89 1322
     99 1323
     84 1324
     94 1325
     85 1326
     82 1327
     90 1328
     86 1329
     89 1330
     91 1331
     86 1332
     79 1333
     87 1334
     95 1335
     87 1336
    105 1337
     76 1338
     83 1339
     83 1340
    101 1341
     93 1342
     75 1343
     88 1344
     82 1345
    101 1346
    105 1347
     73 1348
     89 1349
     89 1350
     95 1351
     82 1352
    114 1353
     81 1354
     79 1355
     94 1356
     90 1357
     85 1358
     91 1359
     84 1360
     73 1361
     88 1362
     80 1363
     72 1364
    108 1365
     73 1366
     82 1367
     83 1368
     83 1369
     92 1370
     75 1371
     82 1372
    103 1373
     77 1374
     78 1375
    109 1376
     72 1377
    108 1378
     96 1379
     86 1380
    105 1381
     82 1382
     85 1383
     85 1384
     67 1385
     93 1386
     90 1387
     87 1388
     67 1389
    103 1390
     80 1391
     90 1392
     91 1393
     94 1394
     86 1395
     82 1396
     69 1397
     92 1398
     94 1399
     73 1400
     96 1401
     84 1402
     92 1403
     78 1404
     89 1405
     75 1406
     82 1407
     81 1408
     81 1409
     67 1410
     78 1411
     89 1412
     92 1413
     76 1414
     96 1415
     84 1416
     83 1417
     84 1418
     80 1419
     85 1420
     91 1421
     90 1422
     68 1423
     82 1424
     78 1425
     86 1426
     68 1427
     71 1428
     77 1429
     76 1430
     94 1431
     70 1432
     79 1433
     80 1434
     79 1435
     74 1436
     72 1437
     71 1438
     58 1439
     78 1440
     77 1441
     77 1442
     93 1443
     80 1444
     76 1445
    100 1446
     71 1447
     67 1448
     91 1449
     91 1450
     74 1451
     89 1452
     75 1453
     81 1454
     80 1455
     76 1456
     82 1457
     42 1458
     83 1459
     75 1460
     73 1461
     91 1462
     68 1463
     73 1464
     79 1465
     66 1466
     81 1467
     73 1468
     80 1469
     67 1470
     98 1471
     90 1472
     89 1473
     69 1474
     79 1475
     81 1476
     73 1477
     78 1478
     70 1479
     89 1480
     67 1481
     70 1482
     83 1483
     57 1484
     75 1485
     71 1486
     76 1487
     78 1488
     79 1489
     79 1490
     58 1491
     61 1492
     76 1493
     81 1494
     80 1495
     54 1496
     69 1497
     72 1498
     83 1499
     76 1500
     77 1501
     52 1502
     61 1503
     62 1504
     72 1505
     53 1506
     83 1507
     63 1508
     66 1509
     60 1510
     69 1511
     68 1512
     70 1513
     63 1514
     56 1515
     56 1516
     72 1517
     68 1518
     75 1519
     65 1520
     68 1521
     70 1522
     67 1523
     63 1524
     52 1525
     69 1526
     54 1527
     63 1528
     63 1529
     50 1530
     58 1531
     72 1532
     72 1533
     63 1534
     66 1535
     62 1536
     53 1537
     62 1538
     55 1539
     55 1540
     60 1541
     66 1542
     58 1543
     46 1544
     65 1545
     55 1546
     69 1547
     74 1548
     66 1549
     50 1550
     69 1551
     60 1552
     57 1553
     66 1554
     66 1555
     50 1556
     65 1557
     64 1558
     65 1559
     47 1560
     67 1561
     81 1562
     68 1563
     57 1564
     56 1565
     70 1566
     57 1567
     51 1568
     66 1569
     69 1570
     67 1571
     59 1572
     68 1573
     65 1574
     65 1575
     67 1576
     72 1577
     68 1578
     56 1579
     54 1580
     71 1581
     61 1582
     65 1583
     62 1584
     48 1585
     64 1586
     67 1587
     66 1588
     63 1589
     64 1590
     57 1591
     60 1592
     60 1593
     64 1594
     66 1595
     60 1596
     65 1597
     63 1598
     54 1599
     54 1600
     61 1601
     63 1602
     58 1603
     82 1604
     65 1605
     63 1606
     55 1607
     74 1608
     70 1609
     64 1610
     52 1611
     75 1612
     60 1613
     71 1614
     62 1615
     53 1616
     59 1617
     61 1618
     64 1619
     53 1620
     56 1621
     55 1622
     60 1623
     62 1624
     59 1625
     60 1626
     50 1627
     59 1628
     57 1629
     64 1630
     54 1631
     56 1632
     61 1633
     49 1634
     56 1635
     45 1636
     66 1637
     52 1638
     59 1639
     65 1640
     51 1641
     55 1642
     60 1643
     54 1644
     69 1645
     55 1646
     58 1647
     48 1648
     53 1649
     51 1650
     49 1651
     51 1652
     54 1653
     65 1654
     64 1655
     58 1656
     50 1657
     54 1658
     54 1659
     41 1660
     48 1661
     40 1662
     52 1663
     40 1664
     58 1665
     74 1666
     58 1667
     49 1668
     50 1669
     59 1670
     54 1671
     52 1672
     55 1673
     53 1674
     57 1675
     37 1676
     52 1677
     54 1678
     59 1679
     48 1680
     56 1681
     50 1682
     45 1683
     56 1684
     60 1685
     51 1686
     55 1687
     53 1688
     47 1689
     45 1690
     64 1691
     40 1692
     56 1693
     54 1694
     38 1695
     46 1696
     56 1697
     44 1698
     36 1699
     43 1700
     44 1701
     61 1702
     51 1703
     45 1704
     54 1705
     39 1706
     54 1707
     49 1708
     62 1709
     53 1710
     59 1711
     51 1712
     46 1713
     47 1714
     47 1715
     58 1716
     51 1717
     49 1718
     50 1719
     45 1720
     50 1721
     50 1722
     46 1723
     55 1724
     52 1725
     53 1726
     32 1727
     45 1728
     55 1729
     40 1730
     51 1731
     40 1732
     55 1733
     55 1734
     54 1735
     51 1736
     47 1737
     42 1738
     43 1739
     52 1740
     38 1741
     40 1742
     39 1743
     50 1744
     47 1745
     52 1746
     54 1747
     47 1748
     54 1749
     42 1750
     56 1751
     39 1752
     48 1753
     38 1754
     43 1755
     47 1756
     45 1757
     50 1758
     47 1759
     35 1760
     50 1761
     56 1762
     40 1763
     41 1764
     55 1765
     50 1766
     43 1767
     60 1768
     44 1769
     34 1770
     39 1771
     51 1772
     38 1773
     47 1774
     42 1775
     43 1776
     56 1777
     46 1778
     56 1779
     39 1780
     45 1781
     41 1782
     39 1783
     56 1784
     49 1785
     53 1786
     39 1787
     41 1788
     52 1789
     41 1790
     45 1791
     49 1792
     40 1793
     44 1794
     46 1795
     46 1796
     51 1797
     36 1798
     52 1799
     55 1800
     45 1801
     31 1802
     45 1803
     46 1804
     36 1805
     43 1806
     47 1807
     52 1808
     27 1809
     45 1810
     48 1811
     44 1812
     48 1813
     42 1814
     48 1815
     53 1816
     46 1817
     30 1818
     46 1819
     40 1820
     42 1821
     40 1822
     36 1823
     49 1824
     39 1825
     49 1826
     29 1827
     48 1828
     47 1829
     41 1830
     45 1831
     48 1832
     47 1833
     35 1834
     50 1835
     48 1836
     40 1837
     44 1838
     47 1839
     40 1840
     34 1841
     47 1842
     36 1843
     34 1844
     38 1845
     50 1846
     35 1847
     52 1848
     43 1849
     40 1850
     39 1851
     52 1852
     33 1853
     33 1854
     33 1855
     33 1856
     50 1857
     37 1858
     38 1859
     40 1860
     43 1861
     33 1862
     33 1863
     45 1864
     36 1865
     34 1866
     48 1867
     30 1868
     32 1869
     37 1870
     38 1871
     36 1872
     25 1873
     35 1874
     39 1875
     50 1876
     47 1877
     36 1878
     22 1879
     41 1880
     39 1881
     42 1882
     35 1883
     36 1884
     38 1885
     47 1886
     36 1887
     37 1888
     35 1889
     34 1890
     33 1891
     42 1892
     40 1893
     32 1894
     44 1895
     48 1896
     39 1897
     43 1898
     42 1899
     42 1900
     34 1901
     28 1902
     39 1903
     31 1904
     32 1905
     35 1906
     29 1907
     32 1908
     41 1909
     36 1910
     26 1911
     36 1912
     40 1913
     40 1914
     29 1915
     38 1916
     28 1917
     25 1918
     34 1919
     39 1920
     33 1921
     34 1922
     29 1923
     45 1924
     29 1925
     26 1926
     47 1927
     31 1928
     31 1929
     40 1930
     31 1931
     33 1932
     38 1933
     28 1934
     45 1935
     43 1936
     45 1937
     29 1938
     34 1939
     38 1940
     32 1941
     31 1942
     43 1943
     35 1944
     35 1945
     32 1946
     27 1947
     38 1948
     27 1949
     33 1950
     40 1951
     35 1952
     35 1953
     34 1954
     36 1955
     42 1956
     45 1957
     32 1958
     28 1959
     38 1960
     38 1961
     34 1962
     43 1963
     28 1964
     34 1965
     22 1966
     46 1967
     39 1968
     30 1969
     35 1970
     35 1971
     44 1972
     32 1973
     30 1974
     32 1975
     38 1976
     32 1977
     52 1978
     40 1979
     36 1980
     35 1981
     34 1982
     31 1983
     35 1984
     44 1985
     37 1986
     38 1987
     24 1988
     42 1989
     35 1990
     33 1991
     36 1992
     40 1993
     39 1994
     30 1995
     40 1996
     33 1997
     24 1998
     40 1999
     42 2000
     36 2001
     35 2002
     35 2003
     42 2004
     37 2005
     31 2006
     27 2007
     30 2008
     47 2009
     32 2010
     28 2011
     47 2012
     38 2013
     34 2014
     43 2015
     27 2016
     33 2017
     47 2018
     28 2019
     34 2020
     27 2021
     39 2022
     32 2023
     40 2024
     36 2025
     30 2026
     44 2027
     31 2028
     33 2029
     34 2030
     29 2031
     25 2032
     37 2033
     39 2034
     22 2035
     26 2036
     32 2037
     31 2038
     48 2039
     29 2040
     29 2041
     35 2042
     27 2043
     40 2044
     33 2045
     38 2046
     42 2047
     43 2048
     38 2049
     30 2050
     24 2051
     19 2052
     30 2053
     34 2054
     28 2055
     35 2056
     36 2057
     21 2058
     27 2059
     28 2060
     39 2061
     39 2062
     33 2063
     31 2064
     25 2065
     31 2066
     46 2067
     36 2068
     34 2069
     40 2070
     28 2071
     46 2072
     32 2073
     27 2074
     25 2075
     31 2076
     31 2077
     26 2078
     37 2079
     42 2080
     21 2081
     33 2082
     23 2083
     31 2084
     18 2085
     31 2086
     29 2087
     36 2088
     22 2089
     33 2090
     31 2091
     29 2092
     33 2093
     30 2094
     27 2095
     25 2096
     28 2097
     32 2098
     22 2099
     33 2100
     29 2101
     37 2102
     27 2103
     35 2104
     23 2105
     30 2106
     27 2107
     30 2108
     29 2109
     31 2110
     22 2111
     27 2112
     42 2113
     23 2114
     26 2115
     27 2116
     34 2117
     27 2118
     33 2119
     26 2120
     33 2121
     17 2122
     18 2123
     28 2124
     31 2125
     26 2126
     33 2127
     32 2128
     33 2129
     26 2130
     18 2131
     27 2132
     31 2133
     29 2134
     24 2135
     24 2136
     37 2137
     24 2138
     41 2139
     29 2140
     37 2141
     27 2142
     20 2143
     22 2144
     21 2145
     29 2146
     30 2147
     31 2148
     24 2149
     31 2150
     19 2151
     25 2152
     29 2153
     34 2154
     26 2155
     30 2156
     19 2157
     30 2158
     23 2159
     20 2160
     29 2161
     28 2162
     33 2163
     31 2164
     31 2165
     27 2166
     24 2167
     27 2168
     33 2169
     25 2170
     28 2171
     19 2172
     31 2173
     27 2174
     30 2175
     26 2176
     23 2177
     33 2178
     27 2179
     33 2180
     26 2181
     34 2182
     24 2183
     23 2184
     25 2185
     22 2186
     21 2187
     33 2188
     28 2189
     31 2190
     30 2191
     24 2192
     32 2193
     25 2194
     24 2195
     25 2196
     24 2197
     22 2198
     25 2199
     37 2200
     25 2201
     24 2202
     24 2203
     23 2204
     22 2205
     24 2206
     29 2207
     22 2208
     28 2209
     21 2210
     30 2211
     37 2212
     30 2213
     29 2214
     22 2215
     26 2216
     24 2217
     24 2218
     23 2219
     26 2220
     20 2221
     25 2222
     24 2223
     28 2224
     26 2225
     22 2226
     28 2227
     28 2228
     22 2229
     24 2230
     34 2231
     27 2232
     36 2233
     29 2234
     28 2235
     35 2236
     39 2237
     26 2238
     30 2239
     29 2240
     31 2241
     25 2242
     34 2243
     34 2244
     22 2245
     19 2246
     31 2247
     36 2248
     15 2249
     28 2250
     28 2251
     28 2252
     26 2253
     31 2254
     36 2255
     23 2256
     27 2257
     27 2258
     31 2259
     20 2260
     35 2261
     28 2262
     34 2263
     20 2264
     31 2265
     20 2266
     26 2267
     31 2268
     31 2269
     17 2270
     30 2271
     28 2272
     28 2273
     35 2274
     19 2275
     26 2276
     35 2277
     28 2278
     31 2279
     27 2280
     24 2281
     33 2282
     20 2283
     38 2284
     26 2285
     26 2286
     27 2287
     24 2288
     27 2289
     24 2290
     26 2291
     17 2292
     27 2293
     33 2294
     19 2295
     33 2296
     20 2297
     26 2298
     18 2299
     32 2300
     24 2301
     36 2302
     26 2303
     23 2304
     20 2305
     32 2306
     22 2307
     22 2308
     22 2309
     32 2310
     24 2311
     20 2312
     17 2313
     18 2314
     37 2315
     26 2316
     30 2317
     22 2318
     24 2319
     25 2320
     31 2321
     22 2322
     23 2323
     29 2324
     27 2325
     30 2326
     28 2327
     21 2328
     30 2329
     20 2330
     32 2331
     21 2332
     19 2333
     17 2334
     35 2335
     19 2336
     21 2337
     30 2338
     18 2339
     25 2340
     24 2341
     18 2342
     26 2343
     24 2344
     19 2345
     22 2346
     27 2347
     16 2348
     23 2349
     21 2350
     23 2351
     32 2352
     16 2353
     21 2354
     15 2355
     26 2356
     17 2357
     26 2358
     30 2359
     27 2360
     24 2361
     26 2362
     17 2363
     32 2364
     26 2365
     35 2366
     21 2367
     24 2368
     24 2369
     18 2370
     23 2371
     22 2372
     25 2373
     20 2374
     27 2375
     25 2376
     32 2377
     20 2378
     26 2379
     29 2380
     15 2381
     35 2382
     29 2383
     21 2384
     25 2385
     28 2386
     20 2387
     28 2388
     19 2389
     27 2390
     29 2391
     33 2392
     27 2393
     36 2394
     31 2395
     19 2396
     27 2397
     22 2398
     27 2399
     18 2400
     18 2401
     27 2402
     27 2403
     20 2404
     28 2405
     30 2406
     17 2407
     23 2408
     22 2409
     28 2410
     25 2411
     19 2412
     20 2413
     22 2414
     24 2415
     19 2416
     27 2417
     26 2418
     26 2419
     28 2420
     20 2421
     24 2422
     13 2423
     27 2424
     17 2425
     21 2426
     18 2427
     27 2428
     21 2429
     29 2430
     21 2431
     30 2432
     25 2433
     22 2434
     20 2435
     23 2436
     20 2437
     21 2438
     25 2439
     20 2440
     31 2441
     26 2442
     30 2443
     24 2444
     23 2445
     27 2446
     20 2447
     28 2448
     22 2449
     23 2450
     32 2451
     26 2452
     24 2453
     19 2454
     25 2455
     18 2456
     16 2457
     29 2458
     26 2459
     30 2460
     25 2461
     24 2462
     25 2463
     16 2464
     37 2465
     24 2466
     25 2467
     31 2468
     29 2469
     19 2470
     14 2471
     25 2472
     18 2473
     25 2474
     29 2475
     21 2476
     26 2477
     24 2478
     32 2479
     37 2480
     26 2481
     13 2482
     17 2483
     21 2484
     29 2485
     24 2486
     13 2487
     18 2488
     18 2489
     16 2490
     18 2491
     23 2492
     19 2493
     29 2494
     21 2495
     30 2496
     26 2497
     25 2498
     15 2499
     26 2500
     24 2501
     18 2502
     20 2503
     28 2504
     13 2505
     23 2506
     23 2507
     24 2508
     23 2509
     23 2510
     20 2511
     20 2512
     26 2513
     22 2514
     27 2515
     14 2516
     20 2517
     20 2518
     27 2519
     14 2520
     17 2521
     21 2522
     28 2523
     17 2524
     21 2525
     26 2526
     20 2527
     20 2528
     18 2529
     21 2530
     26 2531
     25 2532
     16 2533
     17 2534
     24 2535
     22 2536
     26 2537
     27 2538
     34 2539
     20 2540
     17 2541
     22 2542
     21 2543
     29 2544
     25 2545
     28 2546
     19 2547
     26 2548
     26 2549
     26 2550
     25 2551
     29 2552
     24 2553
     21 2554
     15 2555
     18 2556
     23 2557
     21 2558
     21 2559
     25 2560
     27 2561
     14 2562
     16 2563
     22 2564
     19 2565
     18 2566
     24 2567
     20 2568
     22 2569
     23 2570
     14 2571
     21 2572
     23 2573
     17 2574
     30 2575
     23 2576
     29 2577
     32 2578
     23 2579
     34 2580
     22 2581
     20 2582
     30 2583
     21 2584
     21 2585
     31 2586
     24 2587
     28 2588
     24 2589
     30 2590
     23 2591
     23 2592
     20 2593
     24 2594
     22 2595
     24 2596
     26 2597
     26 2598
     15 2599
     17 2600
     22 2601
     21 2602
     28 2603
     16 2604
     24 2605
     37 2606
     23 2607
     18 2608
     18 2609
     20 2610
     17 2611
     24 2612
     21 2613
     20 2614
     23 2615
     20 2616
     28 2617
     16 2618
     13 2619
     25 2620
     17 2621
     25 2622
     28 2623
     28 2624
     23 2625
     25 2626
     17 2627
     17 2628
     26 2629
     25 2630
     21 2631
     27 2632
     24 2633
     19 2634
     27 2635
     25 2636
     20 2637
     22 2638
     32 2639
     29 2640
     23 2641
     23 2642
     19 2643
     21 2644
     27 2645
     23 2646
     23 2647
     28 2648
     20 2649
     29 2650
     24 2651
     28 2652
     20 2653
     20 2654
     29 2655
     23 2656
     24 2657
     20 2658
     27 2659
     18 2660
     17 2661
     21 2662
     24 2663
     26 2664
     20 2665
     17 2666
     28 2667
     18 2668
     23 2669
     23 2670
     25 2671
     24 2672
     21 2673
     27 2674
     20 2675
     22 2676
     22 2677
     22 2678
     17 2679
     23 2680
     18 2681
     11 2682
     17 2683
     22 2684
     32 2685
     24 2686
     31 2687
     19 2688
     27 2689
     13 2690
     17 2691
     25 2692
     18 2693
     18 2694
     24 2695
     17 2696
     17 2697
     11 2698
     19 2699
     27 2700
     18 2701
     19 2702
     25 2703
     20 2704
     17 2705
     22 2706
     35 2707
     27 2708
     21 2709
     17 2710
     18 2711
     22 2712
     33 2713
     22 2714
     20 2715
     28 2716
     23 2717
     24 2718
     31 2719
     30 2720
     21 2721
     26 2722
     22 2723
     21 2724
     23 2725
     19 2726
     21 2727
     28 2728
     35 2729
     22 2730
     29 2731
     27 2732
     26 2733
     25 2734
     16 2735
     23 2736
     19 2737
     20 2738
     25 2739
     29 2740
     21 2741
     36 2742
     24 2743
     23 2744
     21 2745
     23 2746
     23 2747
     25 2748
     37 2749
     19 2750
     15 2751
     19 2752
     30 2753
     28 2754
     22 2755
     32 2756
     24 2757
     24 2758
     30 2759
     35 2760
     34 2761
     21 2762
     25 2763
     30 2764
     33 2765
     24 2766
     22 2767
     15 2768
     33 2769
     33 2770
     18 2771
     33 2772
     31 2773
     29 2774
     29 2775
     30 2776
     33 2777
     27 2778
     27 2779
     23 2780
     24 2781
     29 2782
     34 2783
     19 2784
     29 2785
     29 2786
     25 2787
     20 2788
     24 2789
     31 2790
     27 2791
     31 2792
     32 2793
     26 2794
     21 2795
     18 2796
     26 2797
     19 2798
     29 2799
     19 2800
     23 2801
     32 2802
     34 2803
     34 2804
     28 2805
     28 2806
     24 2807
     22 2808
     23 2809
     28 2810
     25 2811
     25 2812
     24 2813
     37 2814
     22 2815
     23 2816
     30 2817
     31 2818
     28 2819
     18 2820
     24 2821
     37 2822
     25 2823
     31 2824
     32 2825
     24 2826
     29 2827
     37 2828
     25 2829
     25 2830
     25 2831
     23 2832
     29 2833
     27 2834
     33 2835
     27 2836
     26 2837
     29 2838
     33 2839
     33 2840
     21 2841
     27 2842
     23 2843
     22 2844
     33 2845
     30 2846
     32 2847
     29 2848
     22 2849
     27 2850
     32 2851
     35 2852
     30 2853
     30 2854
     24 2855
     27 2856
     36 2857
     28 2858
     27 2859
     23 2860
     30 2861
     30 2862
     16 2863
     23 2864
     29 2865
     27 2866
     25 2867
     27 2868
     28 2869
     35 2870
     38 2871
     29 2872
     33 2873
     32 2874
     37 2875
     25 2876
     33 2877
     30 2878
     27 2879
     31 2880
     30 2881
     22 2882
     33 2883
     27 2884
     24 2885
     28 2886
     25 2887
     30 2888
     25 2889
     21 2890
     29 2891
     38 2892
     26 2893
     22 2894
     25 2895
     23 2896
     29 2897
     31 2898
     29 2899
     25 2900
     36 2901
     26 2902
     45 2903
     26 2904
     26 2905
     27 2906
     29 2907
     28 2908
     31 2909
     19 2910
     39 2911
     33 2912
     30 2913
     33 2914
     36 2915
     30 2916
     42 2917
     28 2918
     25 2919
     25 2920
     23 2921
     28 2922
     32 2923
     28 2924
     30 2925
     14 2926
     24 2927
     20 2928
     32 2929
     43 2930
     24 2931
     33 2932
     31 2933
     27 2934
     29 2935
     28 2936
     26 2937
     36 2938
     23 2939
     27 2940
     30 2941
     27 2942
     24 2943
     26 2944
     30 2945
     35 2946
     18 2947
     23 2948
     26 2949
     31 2950
     27 2951
     26 2952
     34 2953
     29 2954
     36 2955
     31 2956
     40 2957
     25 2958
     33 2959
     30 2960
     37 2961
     28 2962
     37 2963
     27 2964
     33 2965
     36 2966
     36 2967
     23 2968
     34 2969
     34 2970
     29 2971
     20 2972
     36 2973
     37 2974
     34 2975
     42 2976
     30 2977
     21 2978
     25 2979
     29 2980
     38 2981
     32 2982
     42 2983
     39 2984
     41 2985
     33 2986
     36 2987
     27 2988
     27 2989
     31 2990
     26 2991
     23 2992
     37 2993
     33 2994
     22 2995
     26 2996
     28 2997
     26 2998
     40 2999
     37 3000
     23 3001
     39 3002
     32 3003
     37 3004
     31 3005
     44 3006
     28 3007
     28 3008
     35 3009
     35 3010
     36 3011
     35 3012
     28 3013
     25 3014
     27 3015
     38 3016
     38 3017
     33 3018
     23 3019
     27 3020
     37 3021
     35 3022
     34 3023
     25 3024
     33 3025
     27 3026
     33 3027
     23 3028
     27 3029
     37 3030
     40 3031
     17 3032
     29 3033
     31 3034
     29 3035
     24 3036
     23 3037
     34 3038
     41 3039
     34 3040
     27 3041
     26 3042
     27 3043
     25 3044
     33 3045
     41 3046
     36 3047
     28 3048
     26 3049
     29 3050
     28 3051
     20 3052
     34 3053
     34 3054
     47 3055
     27 3056
     24 3057
     39 3058
     28 3059
     33 3060
     38 3061
     38 3062
     29 3063
     30 3064
     40 3065
     35 3066
     34 3067
     26 3068
     38 3069
     36 3070
     27 3071
     35 3072
     32 3073
     31 3074
     36 3075
     27 3076
     35 3077
     31 3078
     39 3079
     37 3080
     27 3081
     29 3082
     41 3083
     33 3084
     40 3085
     37 3086
     45 3087
     32 3088
     36 3089
     29 3090
     41 3091
     31 3092
     29 3093
     31 3094
     37 3095
     36 3096
     39 3097
     33 3098
     44 3099
     29 3100
     41 3101
     38 3102
     30 3103
     43 3104
     25 3105
     36 3106
     38 3107
     45 3108
     30 3109
     37 3110
     28 3111
     31 3112
     53 3113
     47 3114
     38 3115
     29 3116
     34 3117
     34 3118
     40 3119
     40 3120
     31 3121
     41 3122
     24 3123
     36 3124
     31 3125
     32 3126
     36 3127
     30 3128
     35 3129
     43 3130
     37 3131
     27 3132
     50 3133
     27 3134
     30 3135
     34 3136
     19 3137
     44 3138
     34 3139
     45 3140
     36 3141
     39 3142
     48 3143
     36 3144
     45 3145
     22 3146
     51 3147
     32 3148
     39 3149
     45 3150
     33 3151
     32 3152
     42 3153
     35 3154
     26 3155
     31 3156
     29 3157
     43 3158
     36 3159
     38 3160
     24 3161
     32 3162
     47 3163
     39 3164
     38 3165
     45 3166
     40 3167
     28 3168
     34 3169
     40 3170
     28 3171
     39 3172
     27 3173
     34 3174
     38 3175
     36 3176
     28 3177
     30 3178
     33 3179
     27 3180
     40 3181
     29 3182
     28 3183
     34 3184
     26 3185
     21 3186
     29 3187
     31 3188
     27 3189
     23 3190
     22 3191
     25 3192
     46 3193
     32 3194
     29 3195
     23 3196
     28 3197
     35 3198
     24 3199
     28 3200
     32 3201
     34 3202
     21 3203
     20 3204
     23 3205
     27 3206
     31 3207
     47 3208
     28 3209
     30 3210
     38 3211
     33 3212
     37 3213
     33 3214
     26 3215
     26 3216
     31 3217
     47 3218
     28 3219
     29 3220
     23 3221
     23 3222
     21 3223
     29 3224
     31 3225
     29 3226
     28 3227
     27 3228
     37 3229
     35 3230
     25 3231
     31 3232
     26 3233
     19 3234
     22 3235
     16 3236
     28 3237
     23 3238
     26 3239
     18 3240
     27 3241
     24 3242
     26 3243
     32 3244
     32 3245
     26 3246
     35 3247
     26 3248
     29 3249
     31 3250
     24 3251
     32 3252
     21 3253
     22 3254
     27 3255
     18 3256
     23 3257
     24 3258
     15 3259
     24 3260
     21 3261
     18 3262
     30 3263
     28 3264
     22 3265
     25 3266
     25 3267
     29 3268
     23 3269
     20 3270
     23 3271
     25 3272
     30 3273
     29 3274
     21 3275
     26 3276
     22 3277
     15 3278
     26 3279
     26 3280
     27 3281
     17 3282
     26 3283
     17 3284
     10 3285
     12 3286
     22 3287
     22 3288
     19 3289
     26 3290
     12 3291
     18 3292
     11 3293
     13 3294
     25 3295
     18 3296
     15 3297
     24 3298
     19 3299
     15 3300
     16 3301
     16 3302
     11 3303
     20 3304
     13 3305
     15 3306
     20 3307
     19 3308
     20 3309
     17 3310
     20 3311
     17 3312
     16 3313
     13 3314
     12 3315
     11 3316
     16 3317
     14 3318
     16 3319
     20 3320
     10 3321
     16 3322
     12 3323
     19 3324
      9 3325
     13 3326
     17 3327
     17 3328
     15 3329
     15 3330
     22 3331
      8 3332
     10 3333
     16 3334
     12 3335
     14 3336
     13 3337
     11 3338
     17 3339
     19 3340
     21 3341
     17 3342
     15 3343
     21 3344
     15 3345
     17 3346
     18 3347
     17 3348
     16 3349
     14 3350
     15 3351
     15 3352
     11 3353
     19 3354
     23 3355
     21 3356
     13 3357
     19 3358
     15 3359
     18 3360
     13 3361
     15 3362
     23 3363
     19 3364
     16 3365
     15 3366
     16 3367
      9 3368
      9 3369
     14 3370
     11 3371
     10 3372
     19 3373
      5 3374
     21 3375
     21 3376
     12 3377
      8 3378
      9 3379
     14 3380
     20 3381
      7 3382
      9 3383
     11 3384
     13 3385
     13 3386
     19 3387
     12 3388
     19 3389
     23 3390
     18 3391
      5 3392
     12 3393
     14 3394
     16 3395
     10 3396
     12 3397
      8 3398
     13 3399
      7 3400
     17 3401
     18 3402
     10 3403
     12 3404
     14 3405
     15 3406
     13 3407
     15 3408
     13 3409
      4 3410
     20 3411
     20 3412
     10 3413
     10 3414
     13 3415
      7 3416
     13 3417
      9 3418
     16 3419
     12 3420
     13 3421
     16 3422
     17 3423
     11 3424
     17 3425
     16 3426
      7 3427
     10 3428
      7 3429
     14 3430
      8 3431
     14 3432
     11 3433
     14 3434
     13 3435
     16 3436
     12 3437
      7 3438
      5 3439
      7 3440
      6 3441
      7 3442
     10 3443
     14 3444
      5 3445
     17 3446
      7 3447
      4 3448
     18 3449
      4 3450
      5 3451
     12 3452
     11 3453
      6 3454
     10 3455
      5 3456
      6 3457
     10 3458
      8 3459
     13 3460
      7 3461
      8 3462
      7 3463
      4 3464
      6 3465
      7 3466
      7 3467
      9 3468
     15 3469
      6 3470
      9 3471
      8 3472
      7 3473
      6 3474
     10 3475
      6 3476
     12 3477
      8 3478
      6 3479
      2 3480
      7 3481
      6 3482
      6 3483
      4 3484
      4 3485
      9 3486
      6 3487
      7 3488
      5 3489
     10 3490
     14 3491
     10 3492
      7 3493
      7 3494
      4 3495
      4 3496
      6 3497
      9 3498
      7 3499
     11 3500
      3 3501
      4 3502
      4 3503
      4 3504
      3 3505
     12 3506
      8 3507
      6 3508
      7 3509
      3 3510
     10 3511
      7 3512
      7 3513
     11 3514
      7 3515
      9 3516
     10 3517
     14 3518
      9 3519
      7 3520
     10 3521
     10 3522
      7 3523
      9 3524
      7 3525
      9 3526
      4 3527
     11 3528
      8 3529
      8 3530
     11 3531
      8 3532
     12 3533
      7 3534
      3 3535
      6 3536
      6 3537
      6 3538
      8 3539
      6 3540
      4 3541
     10 3542
      2 3543
     13 3544
      4 3545
      4 3546
      7 3547
     10 3548
      6 3549
      3 3550
      8 3551
      8 3552
      5 3553
     11 3554
      7 3555
      8 3556
      1 3557
      5 3558
      9 3559
      9 3560
      5 3561
      3 3562
      6 3563
      6 3564
     10 3565
      7 3566
      5 3567
      3 3568
      2 3569
     14 3570
     10 3571
      7 3572
      5 3573
      7 3574
      3 3575
      5 3576
      7 3577
      4 3578
      5 3579
      9 3580
      8 3581
      7 3582
      4 3583
      6 3584
      6 3585
      4 3586
      6 3587
      4 3588
      5 3589
      4 3590
      8 3591
      4 3592
      6 3593
      4 3594
      9 3595
      7 3596
     14 3597
      7 3598
      9 3599
      2 3600
      7 3601
      2 3602
      5 3603
      5 3604
      6 3605
      5 3606
     10 3607
      4 3608
      8 3609
      4 3610
      6 3611
      6 3612
      4 3613
      8 3614
      3 3615
      1 3616
     10 3617
     11 3618
     10 3619
      5 3620
      6 3621
     10 3622
      5 3623
      5 3624
      9 3625
      3 3626
      8 3627
      9 3628
     10 3629
      8 3630
      6 3631
      6 3632
      6 3633
      5 3634
      9 3635
      3 3636
      9 3637
      6 3638
      7 3639
     10 3640
      5 3641
      4 3642
     11 3643
      5 3644
      4 3645
      6 3646
      6 3647
      3 3648
      5 3649
      5 3650
      3 3651
     11 3652
      7 3653
      9 3654
      5 3655
     10 3656
      7 3657
      6 3658
     10 3659
     11 3660
      5 3661
      8 3662
      8 3663
     11 3664
      4 3665
      9 3666
      6 3667
      5 3668
     11 3669
      9 3670
      8 3671
      3 3672
     11 3673
     12 3674
      9 3675
      5 3676
     11 3677
      7 3678
      9 3679
     12 3680
      5 3681
      2 3682
      5 3683
      7 3684
      4 3685
      4 3686
      4 3687
      6 3688
      2 3689
      5 3690
      4 3691
      3 3692
      8 3693
      4 3694
      5 3695
      4 3696
      9 3697
      5 3698
      9 3699
      4 3700
      3 3702
      6 3703
      5 3704
     11 3705
      6 3706
      3 3707
      3 3708
      4 3709
      7 3710
      3 3711
      3 3712
      3 3713
      6 3714
      4 3715
      3 3716
      3 3717
      4 3718
      5 3719
      3 3720
      2 3721
      3 3722
      4 3723
      5 3724
     10 3725
      5 3726
      4 3727
      5 3728
      6 3729
      8 3730
      5 3731
      7 3732
      4 3733
      5 3734
      6 3735
      5 3736
      8 3737
      3 3738
      6 3739
      3 3740
      6 3741
      5 3742
      4 3743
      5 3744
      6 3745
      1 3746
      5 3747
      3 3748
      4 3749
      2 3750
      3 3751
      5 3752
      4 3753
      3 3754
      7 3756
      3 3757
      4 3758
      5 3759
      6 3760
      2 3761
      5 3762
      3 3763
      3 3764
      5 3765
      4 3766
      2 3767
      6 3768
      3 3769
      3 3770
      3 3771
      3 3772
      3 3773
      6 3774
      6 3775
      9 3776
      4 3777
     11 3778
      7 3779
      2 3780
      7 3781
      6 3782
      3 3783
      4 3784
      8 3785
      3 3786
      2 3787
      7 3788
      4 3789
      5 3790
      3 3791
      2 3792
      3 3793
      2 3794
      3 3795
      6 3796
      3 3797
      1 3798
      1 3799
      6 3800
      6 3801
      4 3802
      4 3803
      3 3804
      2 3805
      8 3806
      2 3807
      2 3808
      2 3810
      4 3811
      2 3812
      5 3813
      7 3814
      4 3815
      2 3816
      3 3817
      7 3818
      3 3819
      4 3820
      4 3821
      4 3822
      4 3823
      2 3824
      5 3825
      3 3826
      4 3827
      5 3828
      4 3829
      4 3830
      3 3831
      2 3832
      5 3833
      2 3834
      5 3835
      6 3836
      2 3837
      2 3838
      4 3839
      4 3840
      3 3841
      4 3842
      6 3843
      4 3844
      5 3845
      3 3846
      3 3847
      6 3848
      2 3849
      2 3850
      6 3851
      1 3852
      2 3853
      2 3854
      2 3855
      2 3857
      1 3858
      5 3859
      4 3860
      5 3861
      4 3862
      2 3863
      6 3864
      5 3865
      3 3866
      5 3867
      4 3868
      3 3869
      1 3870
      6 3871
      3 3872
      6 3873
      1 3874
      7 3875
      4 3876
      4 3877
      2 3878
      3 3879
      5 3880
      4 3881
      4 3882
      3 3883
      7 3884
      3 3885
      2 3886
      4 3887
      6 3888
      2 3889
      2 3890
      6 3891
      4 3892
      3 3893
      1 3894
      2 3896
      3 3897
      3 3898
      2 3899
      2 3901
      3 3902
      3 3903
      3 3905
      4 3906
      2 3907
      3 3908
      3 3909
      8 3910
      1 3911
      4 3912
      6 3913
      4 3914
      5 3915
      3 3916
      4 3917
      4 3918
      6 3919
      3 3920
      3 3921
      2 3922
      6 3923
      4 3924
      3 3925
      2 3926
      5 3927
      3 3928
      4 3929
      3 3930
      5 3931
      4 3932
      5 3933
      3 3934
      2 3935
      3 3936
      2 3937
      5 3938
      2 3939
      4 3940
      7 3941
      4 3942
      1 3943
      6 3944
      2 3945
      5 3946
      4 3947
      3 3948
      5 3949
      3 3950
      3 3951
      3 3953
      5 3954
      6 3955
      3 3956
      5 3957
      3 3958
      8 3959
      4 3960
      2 3961
      4 3962
      1 3963
      5 3964
      6 3965
      1 3967
      5 3968
      7 3969
      3 3970
      2 3971
      4 3972
      3 3973
      1 3974
      3 3975
      1 3976
      7 3977
      4 3978
      2 3979
      9 3980
      5 3981
      3 3982
      6 3983
      2 3984
      2 3985
      4 3986
      2 3987
      3 3988
      2 3989
      4 3990
      3 3991
      1 3992
      1 3993
      6 3994
      6 3995
      3 3996
      8 3997
      5 3998
      2 3999
      5 4000
      6 4001
      3 4002
      4 4003
      4 4004
      1 4005
      4 4006
      3 4007
      6 4008
      4 4010
      5 4011
      3 4012
      1 4013
      2 4014
      3 4015
      2 4016
      2 4017
      3 4018
      2 4019
      6 4020
      7 4021
      5 4022
      4 4023
      3 4024
      4 4025
      1 4026
      4 4027
      3 4029
      2 4030
      2 4031
      2 4032
      2 4033
      2 4034
      1 4035
      3 4036
      2 4037
      4 4038
      4 4039
      2 4040
      7 4041
      1 4042
      4 4043
      1 4044
      1 4045
      2 4046
      3 4047
      3 4048
      1 4049
      2 4050
      4 4051
      3 4052
      6 4053
      2 4054
      4 4055
      2 4056
      1 4057
      2 4058
      2 4059
      4 4060
      4 4061
      4 4062
      6 4063
      4 4064
      2 4065
      3 4066
      3 4067
      2 4068
      1 4069
      2 4070
      5 4071
      6 4072
      5 4073
      2 4074
      4 4075
      2 4076
      9 4077
      6 4078
      1 4079
      5 4080
      4 4081
      4 4082
      4 4083
      2 4084
      1 4085
      3 4086
      3 4087
      3 4088
      6 4089
      3 4090
      3 4091
      7 4092
      3 4093
      4 4094
      5 4095
      5 4096
      2 4097
      1 4098
      3 4100
      3 4101
      6 4102
      2 4103
      2 4104
      4 4105
      4 4106
      4 4107
      3 4108
      2 4109
      2 4110
      2 4111
      1 4112
      1 4113
      2 4115
      3 4116
      1 4117
      3 4118
      3 4119
      3 4120
      1 4121
      2 4122
      2 4123
      7 4124
      2 4125
      5 4126
      6 4127
      3 4128
      1 4129
      1 4131
      2 4132
      1 4133
      1 4134
      5 4135
      3 4136
      5 4137
      2 4138
      8 4139
      1 4141
      1 4142
      2 4143
      1 4144
      1 4145
      3 4146
      5 4147
      2 4148
      3 4150
      2 4151
      4 4152
      3 4154
      3 4155
      1 4156
      1 4157
      4 4158
      4 4159
      5 4160
      3 4161
      3 4162
      3 4163
      6 4164
      4 4165
      2 4166
      1 4167
      1 4168
      4 4170
      4 4171
      3 4172
      6 4173
      4 4174
      2 4176
      1 4177
      1 4178
      1 4180
      4 4181
      2 4182
      2 4183
      2 4184
      2 4185
      7 4186
      3 4187
      2 4188
      2 4189
      4 4190
      2 4191
      3 4192
      6 4193
      3 4194
      1 4195
      4 4196
      3 4197
      4 4198
      2 4199
      1 4200
      5 4201
      3 4202
      2 4203
      2 4204
      2 4205
      3 4206
      3 4207
      2 4208
      4 4210
      4 4211
      2 4212
      4 4213
      1 4214
      1 4215
      3 4217
      3 4218
      1 4219
      2 4220
      1 4222
      2 4223
      3 4224
      4 4225
      6 4226
      1 4227
      2 4228
      4 4229
      2 4230
      3 4231
      4 4232
      4 4233
      1 4235
      1 4236
      2 4237
      1 4238
      1 4239
      1 4241
      2 4242
      5 4243
      3 4244
      6 4245
      3 4246
      2 4247
      3 4248
      2 4249
      4 4250
      1 4251
      1 4252
      1 4253
      4 4254
      1 4255
      3 4256
      2 4257
      4 4260
      2 4261
      6 4262
      2 4263
      2 4264
      1 4265
      4 4266
      2 4267
      5 4268
      5 4269
      1 4270
      3 4271
      1 4272
      2 4273
      3 4274
      2 4275
      1 4276
      4 4277
      3 4278
      4 4279
      3 4280
      2 4281
      3 4283
      2 4284
      3 4285
      3 4286
      3 4288
      2 4289
      3 4290
      1 4292
      2 4293
      4 4294
      1 4295
      2 4297
      2 4298
      3 4299
      2 4300
      5 4301
      2 4302
      3 4303
      5 4305
      4 4308
      3 4309
      4 4311
      2 4312
      4 4313
      6 4314
      2 4315
      1 4316
      4 4317
      3 4318
      2 4319
      1 4320
      2 4321
      3 4322
      1 4323
      2 4324
      1 4326
      1 4328
      2 4329
      1 4330
      1 4331
      3 4332
      2 4333
      2 4334
      2 4335
      2 4336
      2 4337
      3 4338
      4 4339
      1 4340
      4 4341
      4 4342
      3 4343
      2 4344
      3 4345
      1 4346
      1 4347
      2 4348
      2 4350
      4 4351
      2 4352
      1 4353
      2 4354
      3 4355
      1 4356
      3 4357
      3 4358
      7 4359
      3 4360
      1 4361
      2 4362
      6 4363
      2 4364
      2 4365
      3 4366
      3 4367
      3 4369
      1 4370
      1 4371
      3 4372
      2 4373
      2 4374
      3 4375
      1 4377
      3 4378
      2 4379
      5 4380
      1 4381
      1 4382
      1 4384
      3 4385
      1 4386
      1 4387
      1 4388
      3 4389
      4 4390
      3 4391
      1 4393
      1 4394
      1 4396
      3 4397
      3 4398
      3 4400
      2 4401
      1 4402
      1 4403
      4 4404
      1 4405
      1 4407
      1 4408
      2 4409
      3 4410
      1 4411
      3 4412
      2 4413
      5 4414
      3 4415
      3 4416
      5 4417
      1 4418
      3 4419
      4 4420
      2 4421
      1 4422
      2 4423
      3 4424
      4 4425
      1 4426
      1 4428
      2 4429
      3 4430
      2 4431
      3 4432
      5 4433
      2 4434
      2 4435
      1 4436
      3 4437
      1 4438
      4 4440
      3 4441
      1 4442
      3 4443
      1 4444
      2 4445
      2 4446
      8 4447
      1 4448
      3 4449
      2 4450
      2 4451
      3 4452
      3 4453
      1 4454
      2 4455
      2 4456
      4 4457
      2 4458
      5 4459
      5 4460
      3 4461
      3 4462
      1 4463
      2 4465
      2 4466
      2 4467
      1 4468
      1 4469
      1 4470
      6 4471
      2 4472
      4 4474
      2 4475
      1 4476
      2 4477
      2 4478
      2 4479
      2 4480
      2 4481
      1 4482
      3 4483
      3 4484
      3 4485
      4 4486
      2 4487
      2 4488
      1 4489
      3 4490
      1 4492
      4 4493
      2 4494
      2 4495
      1 4497
      2 4499
      3 4500
      2 4502
      1 4503
      1 4505
      2 4506
      3 4507
      1 4508
      1 4510
      1 4511
      1 4512
      3 4514
      1 4515
      4 4516
      2 4517
      2 4518
      2 4519
      1 4520
      2 4521
      1 4522
      1 4523
      1 4524
      1 4525
      2 4526
      3 4528
      1 4529
      1 4530
      1 4531
      4 4532
      4 4534
      1 4535
      3 4536
      1 4537
      1 4538
      1 4539
      1 4540
      3 4541
      1 4542
      1 4543
      2 4544
      1 4547
      1 4550
      1 4551
      2 4554
      1 4555
      2 4556
      2 4557
      1 4558
      2 4559
      1 4560
      2 4561
      3 4562
      1 4563
      1 4564
      5 4565
      1 4566
      4 4568
      4 4569
      1 4570
      1 4571
      4 4572
      1 4573
      2 4574
      2 4575
      3 4576
      1 4577
      5 4578
      1 4579
      1 4580
      2 4581
      1 4582
      2 4583
      2 4584
      3 4585
      3 4586
      1 4587
      1 4588
      1 4589
      1 4590
      2 4591
      3 4592
      1 4594
      1 4596
      1 4597
      2 4598
      1 4599
      1 4600
      3 4601
      3 4603
      1 4604
      2 4605
      1 4606
      4 4607
      2 4609
      1 4610
      2 4611
      2 4612
      2 4613
      1 4615
      1 4616
      2 4617
      2 4618
      1 4619
      2 4621
      5 4622
      1 4623
      5 4624
      1 4625
      2 4626
      3 4627
      2 4629
      2 4630
      1 4631
      2 4633
      2 4634
      1 4635
      1 4636
      1 4637
      2 4638
      2 4639
      4 4640
      4 4641
      1 4642
      1 4643
      3 4644
      4 4645
      3 4646
      2 4647
      4 4649
      1 4650
      1 4651
      3 4652
      1 4653
      4 4654
      2 4655
      1 4656
      5 4657
      2 4658
      2 4659
      1 4660
      2 4661
      3 4662
      1 4663
      1 4664
      1 4665
      3 4666
      5 4667
      2 4669
      4 4670
      1 4671
      7 4672
      2 4673
      3 4674
      2 4675
      1 4676
      4 4677
      1 4678
      3 4679
      2 4680
      1 4682
      2 4683
      1 4684
      3 4685
      2 4686
      5 4687
      2 4688
      1 4689
      3 4690
      2 4691
      1 4692
      3 4694
      1 4697
      5 4698
      4 4699
      3 4700
      2 4701
      1 4702
      1 4703
      4 4704
      2 4705
      2 4706
      3 4707
      5 4708
      4 4709
      3 4710
      3 4711
      4 4712
      2 4714
      3 4716
      2 4717
      4 4718
      2 4720
      1 4721
      1 4722
      1 4724
      2 4725
      3 4726
      2 4727
      4 4728
      3 4729
      1 4730
      3 4731
      3 4732
      3 4734
      2 4735
      3 4736
      4 4737
      1 4738
      6 4739
      2 4740
      2 4741
      1 4742
      4 4743
      1 4744
      4 4745
      1 4746
      2 4747
      3 4748
      1 4749
      3 4750
      1 4751
      3 4753
      1 4754
      1 4755
      1 4756
      4 4758
      1 4759
      1 4760
      3 4761
      1 4763
      3 4764
      4 4766
      5 4767
      3 4768
      1 4769
      2 4770
      1 4771
      1 4772
      2 4773
      2 4774
      2 4776
      1 4777
      2 4778
      2 4779
      3 4780
      3 4781
      2 4782
      1 4783
      4 4785
      3 4786
      3 4787
      3 4788
      2 4789
      3 4790
      2 4791
      5 4792
      3 4793
      4 4794
      2 4795
      1 4796
      3 4797
      2 4798
      4 4799
      1 4800
      3 4801
      3 4802
      1 4803
      4 4804
      3 4805
      1 4808
      3 4810
      3 4811
      2 4812
      3 4813
      3 4814
      2 4815
      3 4816
      3 4817
      2 4818
      2 4819
      4 4820
      2 4821
      2 4823
      1 4824
      2 4825
      2 4827
      3 4828
      2 4829
      3 4830
      1 4831
      3 4832
      2 4833
      2 4834
      2 4835
      3 4836
      3 4837
      3 4838
      2 4839
      1 4840
      1 4841
      3 4842
      1 4843
      3 4844
      4 4845
      1 4846
      3 4847
      1 4848
      3 4849
      1 4850
      1 4851
      1 4852
      3 4853
      1 4854
      2 4855
      2 4856
      2 4857
      2 4858
      3 4859
      2 4860
      3 4862
      5 4863
      1 4864
      1 4865
      2 4866
      1 4867
      1 4868
      1 4870
      4 4871
      1 4872
      3 4873
      3 4874
      3 4875
      1 4876
      1 4878
      2 4879
      1 4880
      1 4881
      1 4882
      1 4883
      4 4884
      1 4885
      5 4886
      3 4887
      4 4890
      1 4891
      2 4892
      1 4893
      1 4894
      1 4896
      3 4897
      2 4898
      2 4899
      2 4900
      4 4901
      7 4902
      5 4903
      2 4904
      3 4905
      2 4906
      1 4907
      2 4908
      2 4909
      4 4910
      2 4911
      1 4912
      4 4913
      5 4914
      4 4916
      2 4918
      4 4919
      2 4920
      3 4921
      1 4922
      2 4924
      1 4925
      5 4926
      2 4927
      1 4928
      2 4929
      1 4930
      5 4931
     10 4932
      5 4933
      1 4934
      2 4935
      2 4936
      2 4938
      5 4939
      2 4940
      2 4941
      1 4942
      4 4943
      2 4944
      1 4945
      2 4946
      2 4947
      6 4949
      1 4950
      1 4951
      5 4953
      2 4954
      1 4955
      3 4956
      1 4959
      3 4960
      1 4961
      1 4963
      2 4964
      1 4965
      3 4966
      1 4967
      1 4968
      2 4969
      1 4970
      1 4971
      2 4972
      1 4973
      1 4974
      2 4975
      2 4976
      5 4977
      2 4978
      3 4979
      5 4980
      2 4982
      2 4983
      4 4984
      1 4986
      1 4987
      1 4988
      1 4989
      3 4991
      1 4992
      2 4994
      2 4995
      3 4997
      4 4998
      3 4999
      2 5000
      1 5001
      2 5002
      4 5003
      3 5004
      2 5005
      5 5006
      1 5008
      3 5009
      1 5010
      1 5011
      3 5012
      1 5013
      1 5014
      1 5015
      1 5016
      2 5017
      1 5018
      4 5019
      2 5020
      2 5021
      5 5022
      3 5023
      3 5024
      1 5025
      1 5026
      1 5027
      2 5028
      1 5029
      2 5030
      1 5032
      2 5033
      3 5034
      2 5035
      2 5036
      3 5037
      2 5039
      2 5040
      1 5042
      1 5043
      3 5044
      3 5045
      4 5046
      1 5047
      3 5048
      3 5049
      2 5051
      2 5052
      3 5053
      1 5054
      1 5055
      2 5056
      1 5057
      2 5058
      2 5059
      2 5060
      1 5061
      2 5062
      1 5063
      3 5065
      1 5066
      3 5067
      1 5068
      1 5069
      3 5070
      3 5071
      5 5072
      3 5073
      2 5076
      5 5077
      2 5078
      1 5079
      1 5080
      2 5081
      1 5082
      2 5083
      4 5084
      3 5085
      6 5086
      3 5088
      2 5089
      3 5090
      2 5091
      3 5092
      2 5093
      3 5094
      3 5095
      2 5096
      3 5097
      4 5098
      2 5099
      1 5100
      1 5101
      1 5102
      2 5103
      2 5104
      1 5105
      4 5106
      3 5107
      1 5109
      2 5111
      3 5112
      2 5113
      1 5114
      1 5116
      3 5117
      3 5118
      2 5119
      2 5120
      3 5121
      3 5122
      2 5123
      2 5124
      2 5125
      1 5126
      1 5127
      1 5128
      4 5129
      1 5130
      4 5131
      1 5132
      1 5133
      2 5134
      2 5135
      1 5136
      3 5137
      4 5138
      1 5139
      6 5141
      1 5142
      2 5143
      1 5144
      2 5145
      3 5147
      1 5148
      3 5149
      1 5150
      2 5151
      2 5152
      3 5153
      3 5154
      5 5155
      2 5156
      2 5157
      3 5159
      2 5160
      2 5161
      2 5162
      4 5163
      2 5164
      2 5165
      2 5167
      1 5168
      2 5170
      4 5171
      6 5172
      1 5174
      6 5175
      2 5176
      1 5177
      1 5178
      4 5179
      2 5180
      3 5181
      1 5182
      1 5184
      2 5185
      6 5186
      2 5187
      2 5188
      4 5189
      1 5190
      1 5191
      3 5192
      4 5193
      2 5194
      4 5195
      3 5196
      1 5197
      2 5198
      3 5199
      1 5200
      2 5201
      3 5202
      2 5203
      2 5205
      3 5206
      3 5207
      5 5208
      2 5209
      4 5210
      3 5211
      4 5212
      2 5214
      4 5216
      2 5217
      3 5218
      3 5219
      1 5220
      2 5221
      3 5222
      3 5223
      2 5224
      1 5225
      3 5226
      4 5227
      1 5228
      2 5229
      3 5230
      2 5231
      2 5233
      2 5234
      3 5235
      1 5236
      2 5237
      2 5238
      1 5239
      3 5241
      3 5243
      2 5244
      1 5245
      1 5246
      1 5247
      6 5248
      1 5249
      1 5250
      3 5251
      2 5252
      5 5253
      2 5254
      2 5256
      4 5257
      2 5258
      3 5259
      5 5260
      1 5261
      1 5262
      2 5263
      1 5265
      2 5266
      2 5269
      1 5270
      2 5273
      1 5274
      3 5275
      2 5276
      3 5277
      1 5278
      1 5279
      1 5280
      3 5281
      2 5282
      4 5283
      1 5284
      1 5285
      3 5286
      1 5287
      4 5288
      1 5289
      2 5290
      2 5291
      1 5292
      1 5293
      2 5294
      1 5295
      2 5296
      1 5297
      2 5299
      3 5301
      1 5303
      3 5304
      4 5305
      2 5306
      1 5307
      3 5308
      4 5310
      1 5311
      1 5313
      1 5317
      2 5318
      1 5319
      1 5320
      2 5322
      3 5323
      1 5325
      1 5326
      4 5327
      1 5328
      1 5329
      3 5330
      2 5331
      1 5332
      2 5333
      2 5334
      1 5335
      1 5336
      1 5337
      2 5338
      1 5339
      1 5340
      1 5341
      4 5342
      1 5343
      2 5345
      1 5347
      2 5351
      1 5352
      2 5353
      3 5354
      1 5355
      3 5356
      2 5357
      2 5358
      3 5359
      1 5360
      2 5361
      1 5364
      3 5365
      2 5366
      2 5367
      4 5368
      3 5369
      1 5370
      3 5371
      1 5372
      2 5374
      2 5375
      2 5376
      4 5377
      6 5378
      1 5379
      2 5381
      2 5383
      1 5385
      2 5388
      3 5389
      1 5390
      1 5391
      1 5394
      2 5395
      2 5396
      2 5397
      2 5398
      5 5399
      2 5400
      1 5401
      3 5402
      4 5403
      2 5404
      3 5405
      2 5406
      3 5407
      4 5409
      1 5410
      1 5411
      2 5412
      2 5414
      2 5415
      2 5416
      4 5417
      1 5420
      3 5421
      1 5422
      3 5423
      3 5424
      2 5426
      1 5427
      4 5428
      2 5429
      3 5430
      4 5432
      2 5433
      1 5434
      2 5436
      2 5437
      2 5438
      1 5439
      1 5440
      3 5441
      4 5442
      2 5443
      1 5444
      3 5445
      3 5446
      1 5447
      4 5448
      2 5449
      1 5450
      1 5451
      4 5452
      1 5453
      5 5456
      2 5457
      2 5458
      2 5459
      2 5460
      1 5462
      2 5463
      3 5464
      1 5465
      2 5466
      3 5467
      2 5468
      3 5469
      1 5470
      2 5471
      1 5473
      1 5475
      1 5476
      4 5477
      1 5478
      1 5479
      1 5480
      4 5482
      2 5484
      3 5485
      5 5486
      1 5487
      2 5488
      2 5489
      2 5490
      2 5491
      2 5492
      5 5493
      1 5494
      3 5495
      1 5497
      3 5498
      2 5499
      1 5500
      1 5501
      1 5503
      1 5504
      2 5505
      2 5506
      2 5507
      1 5508
      1 5509
      1 5510
      1 5511
      2 5512
      1 5513
      1 5514
      2 5515
      2 5516
      2 5517
      1 5519
      1 5520
      1 5521
      3 5523
      2 5524
      1 5525
      3 5527
      1 5529
      2 5530
      2 5531
      1 5532
      2 5534
      4 5535
      1 5536
      2 5537
      3 5538
      2 5539
      1 5541
      3 5542
      3 5543
      2 5544
      1 5546
      4 5549
      3 5550
      2 5551
      1 5556
      2 5557
      1 5558
      1 5559
      1 5560
      1 5561
      2 5562
      1 5563
      4 5565
      1 5566
      1 5568
      1 5569
      2 5570
      4 5571
      1 5572
      2 5573
      1 5574
      2 5575
      3 5578
      1 5579
      2 5580
      3 5581
      1 5582
      1 5584
      2 5585
      2 5586
      2 5588
      1 5590
      3 5591
      2 5592
      4 5594
      1 5595
      1 5596
      1 5597
      1 5598
      2 5599
      2 5600
      1 5601
      1 5603
      1 5604
      2 5605
      1 5606
      1 5608
      1 5610
      1 5611
      3 5612
      1 5613
      2 5616
      2 5617
      4 5619
      1 5621
      1 5622
      2 5623
      1 5625
      2 5627
      1 5628
      2 5632
      5 5633
      2 5634
      2 5635
      1 5636
      1 5637
      2 5638
      3 5640
      1 5642
      1 5643
      1 5645
      1 5646
      1 5647
      1 5649
      3 5650
      1 5651
      2 5652
      1 5653
      2 5654
      1 5655
      1 5656
      3 5658
      1 5659
      3 5660
      1 5662
      1 5663
      1 5665
      1 5666
      1 5667
      2 5668
      2 5670
      2 5671
      1 5672
      1 5673
      2 5674
      3 5675
      1 5678
      1 5679
      1 5681
      1 5683
      2 5684
      1 5685
      2 5686
      3 5687
      2 5688
      3 5689
      2 5690
      2 5691
      1 5692
      3 5693
      1 5694
      1 5696
      2 5697
      1 5698
      1 5699
      2 5700
      1 5701
      2 5703
      3 5704
      2 5706
      2 5708
      1 5709
      1 5710
      2 5711
      2 5713
      2 5715
      1 5719
      2 5720
      3 5721
      2 5722
      3 5723
      2 5724
      1 5725
      5 5726
      1 5727
      3 5730
      1 5731
      3 5732
      1 5733
      4 5735
      2 5736
      1 5738
      1 5739
      3 5740
      2 5742
      2 5743
      1 5744
      1 5746
      2 5747
      2 5748
      2 5752
      3 5753
      1 5754
      1 5755
      2 5756
      1 5757
      2 5758
      1 5759
      1 5763
      4 5764
      3 5765
      1 5766
      2 5767
      2 5768
      1 5769
      1 5770
      1 5771
      2 5772
      4 5774
      1 5775
      2 5776
      1 5777
      1 5778
      3 5779
      1 5780
      1 5781
      2 5782
      3 5783
      2 5784
      1 5786
      2 5787
      2 5789
      1 5791
      2 5792
      1 5793
      1 5794
      1 5795
      3 5796
      1 5798
      1 5800
      1 5802
      1 5804
      1 5806
      2 5808
      3 5809
      1 5810
      2 5811
      1 5812
      1 5814
      1 5816
      3 5817
      1 5819
      1 5820
      1 5821
      1 5822
      2 5823
      1 5824
      1 5825
      1 5826
      3 5827
      3 5828
      2 5829
      1 5830
      3 5831
      2 5832
      1 5833
      1 5835
      2 5837
      2 5838
      2 5839
      3 5840
      3 5841
      1 5842
      1 5843
      4 5845
      2 5846
      2 5847
      1 5849
      2 5850
      2 5852
      4 5853
      1 5856
      2 5858
      1 5861
      1 5862
      1 5864
      1 5866
      3 5867
      3 5869
      2 5870
      2 5871
      1 5872
      2 5873
      1 5874
      1 5875
      1 5876
      1 5879
      4 5880
      1 5883
      2 5884
      3 5885
      2 5886
      2 5887
      2 5888
      1 5889
      1 5891
      4 5892
      1 5893
      3 5894
      1 5895
      1 5898
      1 5900
      1 5902
      4 5903
      2 5906
      2 5910
      2 5912
      1 5913
      1 5915
      2 5916
      1 5917
      1 5918
      3 5921
      2 5922
      2 5923
      2 5924
      1 5925
      1 5926
      3 5928
      1 5929
      2 5930
      3 5931
      3 5932
      2 5933
      3 5934
      3 5935
      2 5936
      1 5937
      2 5938
      1 5939
      1 5940
      2 5941
      2 5942
      2 5943
      1 5944
      2 5946
      2 5947
      2 5948
      2 5950
      4 5951
      1 5952
      2 5953
      1 5954
      2 5955
      5 5956
      4 5957
      1 5958
      3 5959
      2 5960
      2 5961
      2 5962
      1 5963
      2 5964
      1 5965
      1 5966
      4 5967
      1 5968
      1 5969
      4 5970
      4 5971
      4 5972
      4 5973
      3 5974
      2 5975
      3 5977
      1 5978
      4 5979
      1 5980
      2 5982
      4 5983
      3 5984
      2 5985
      1 5986
      2 5987
      1 5988
      5 5989
      3 5990
      3 5991
      2 5992
      4 5993
      1 5994
      1 5995
      1 5996
      2 5997
      1 5998
      4 5999
      2 6000
      1 6001
      2 6002
      2 6003
      2 6004
      4 6005
      2 6006
      1 6007
      2 6008
      2 6009
      5 6011
      1 6012
      1 6014
      2 6015
      2 6016
      1 6017
      2 6018
      3 6019
      2 6021
      1 6022
      1 6024
      1 6025
      2 6026
      1 6027
      2 6028
      1 6030
      3 6032
      1 6033
      4 6034
      1 6035
      1 6036
      2 6037
      2 6038
      2 6039
      2 6040
      2 6041
      3 6042
      4 6043
      1 6045
      1 6046
      5 6047
      1 6048
      2 6049
      1 6050
      1 6052
      1 6054
      2 6055
      3 6058
      1 6059
      3 6060
      1 6061
      2 6065
      5 6067
      2 6068
      1 6069
      1 6071
      2 6073
      4 6075
      1 6077
      2 6080
      1 6081
      1 6082
      2 6083
      2 6084
      1 6085
      3 6086
      1 6088
      2 6089
      3 6090
      2 6091
      1 6093
      2 6094
      2 6095
      1 6096
      1 6100
      1 6101
      1 6102
      1 6103
      1 6104
      2 6106
      1 6107
      1 6109
      1 6112
      2 6116
      1 6117
      1 6119
      1 6121
      1 6122
      1 6123
      2 6124
      1 6126
      2 6127
      2 6128
      1 6130
      2 6131
      2 6132
      2 6133
      2 6134
      1 6135
      1 6136
      1 6138
      2 6139
      1 6140
      4 6142
      4 6143
      2 6145
      1 6148
      1 6149
      3 6150
      3 6151
      1 6152
      2 6153
      2 6155
      1 6156
      1 6157
      1 6158
      2 6159
      1 6160
      2 6161
      1 6162
      2 6163
      1 6164
      2 6165
      3 6166
      1 6167
      3 6169
      1 6170
      2 6171
      1 6172
      2 6173
      2 6174
      2 6176
      1 6177
      1 6178
      2 6179
      1 6180
      2 6181
      1 6182
      1 6183
      1 6184
      2 6186
      2 6187
      1 6188
      1 6190
      1 6191
      1 6194
      2 6197
      1 6198
      4 6199
      1 6200
      1 6201
      2 6202
      1 6203
      3 6204
      1 6206
      1 6207
      2 6209
      2 6210
      1 6212
      2 6213
      2 6215
      2 6217
      2 6218
      1 6219
      1 6220
      1 6221
      1 6222
      1 6223
      1 6224
      1 6225
      2 6226
      3 6227
      1 6228
      3 6229
      1 6231
      1 6232
      4 6234
      1 6235
      1 6237
      1 6239
      1 6240
      1 6241
      2 6243
      1 6244
      1 6247
      1 6250
      1 6253
      2 6258
      1 6259
      2 6264
      1 6265
      2 6266
      1 6267
      1 6273
      1 6275
      1 6277
      1 6281
      1 6283
      2 6284
      1 6285
      1 6287
      1 6288
      1 6289
      1 6290
      1 6292
      3 6293
      2 6294
      1 6295
      2 6298
      1 6299
      1 6300
      1 6301
      2 6302
      1 6303
      1 6305
      1 6306
      2 6307
      1 6312
      1 6313
      1 6318
      1 6320
      1 6323
      4 6324
      2 6327
      2 6328
      1 6330
      1 6331
      1 6332
      1 6333
      1 6336
      1 6338
      1 6340
      1 6341
      4 6343
      1 6344
      2 6345
      2 6346
      1 6349
      1 6351
      1 6352
      2 6353
      1 6354
      1 6355
      2 6356
      1 6357
      3 6358
      1 6359
      2 6362
      1 6363
      2 6365
      1 6367
      1 6368
      2 6370
      2 6371
      4 6372
      1 6373
      1 6374
      3 6375
      2 6377
      1 6378
      1 6383
      1 6387
      3 6388
      2 6389
      2 6392
      1 6394
      2 6396
      1 6399
      1 6402
      1 6406
      1 6407
      1 6411
      1 6412
      1 6413
      1 6415
      2 6416
      2 6417
      1 6419
      3 6424
      1 6428
      1 6429
      3 6430
      2 6431
      1 6432
      1 6434
      1 6437
      3 6440
      1 6442
      1 6446
      1 6447
      2 6449
      1 6450
      1 6451
      1 6455
      1 6459
      1 6460
      1 6462
      1 6463
      1 6467
      1 6468
      1 6469
      1 6470
      2 6472
      1 6473
      1 6475
      1 6477
      1 6479
      1 6482
      1 6484
      2 6486
      1 6487
      1 6489
      1 6490
      1 6493
      1 6497
      2 6498
      1 6501
      3 6502
      1 6503
      1 6505
      1 6508
      1 6509
      1 6511
      2 6512
      2 6513
      1 6515
      2 6516
      3 6517
      1 6519
      1 6520
      1 6527
      2 6530
      1 6531
      2 6535
      1 6537
      3 6540
      1 6543
      2 6545
      2 6547
      4 6548
      1 6549
      1 6552
      1 6554
      1 6556
      1 6557
      2 6558
      1 6560
      1 6561
      2 6563
      1 6564
      2 6565
      1 6567
      1 6568
      1 6569
      1 6570
      1 6572
      1 6574
      1 6576
      1 6580
      2 6582
      1 6583
      2 6584
      2 6586
      1 6587
      1 6590
      1 6591
      1 6593
      3 6594
      1 6597
      1 6598
      1 6599
      1 6605
      1 6607
      1 6609
      4 6611
      2 6612
      1 6615
      1 6617
      2 6618
      1 6620
      1 6621
      2 6625
      1 6629
      1 6631
      1 6632
      1 6633
      1 6634
      1 6635
      1 6637
      2 6639
      1 6644
      2 6648
      2 6650
      1 6655
      1 6657
      1 6659
      2 6660
      1 6662
      1 6665
      1 6667
      1 6668
      1 6670
      1 6675
      1 6676
      1 6677
      1 6679
      1 6680
      1 6684
      1 6687
      2 6690
      2 6691
      1 6698
      2 6699
      1 6703
      1 6705
      1 6706
      1 6707
      1 6709
      1 6711
      1 6714
      2 6717
      1 6720
      3 6722
      1 6723
      1 6725
      1 6727
      1 6728
      1 6729
      1 6731
      1 6732
      1 6736
      1 6738
      2 6740
      1 6742
      2 6743
      1 6746
      1 6750
      2 6752
      1 6753
      1 6757
      1 6758
      1 6759
      1 6762
      1 6766
      1 6767
      1 6768
      1 6770
      1 6773
      2 6774
      1 6776
      1 6788
      1 6789
      1 6792
      1 6793
      2 6795
      1 6796
      1 6797
      1 6801
      1 6804
      1 6805
      1 6807
      2 6808
      1 6810
      1 6811
      2 6813
      2 6814
      2 6815
      1 6817
      1 6818
      2 6819
      1 6822
      1 6823
      2 6824
      2 6826
      1 6829
      3 6830
      2 6833
      1 6837
      1 6840
      2 6843
      1 6844
      1 6845
      1 6847
      1 6854
      1 6857
      1 6858
      1 6865
      1 6866
      1 6872
      1 6873
      1 6876
      1 6879
      2 6880
      1 6881
      1 6883
      1 6885
      1 6890
      1 6894
      1 6895
      1 6899
      1 6901
      1 6904
      2 6905
      1 6907
      1 6908
      2 6913
      1 6921
      1 6925
      1 6926
      2 6927
      1 6928
      1 6929
      2 6935
      2 6940
      1 6960
      1 6963
      1 6967
      2 6969
      1 6973
      1 6974
      1 6976
      1 6978
      2 6980
      2 6983
      1 6986
      1 6989
      2 6992
      1 6995
      1 6996
      1 6997
      1 7001
      1 7003
      1 7010
      1 7016
      1 7017
      1 7022
      1 7030
      1 7031
      2 7032
      1 7034
      1 7035
      1 7039
      1 7041
      1 7042
      3 7043
      2 7046
      1 7053
      1 7057
      1 7068
      2 7069
      1 7072
      1 7073
      1 7089
      1 7092
      1 7105
      1 7106
      2 7108
      1 7109
      2 7112
      1 7113
      1 7121
      1 7123
      2 7126
      1 7128
      1 7132
      1 7133
      1 7137
      1 7145
      2 7153
      1 7160
      1 7163
      1 7168
      2 7187
      1 7189
      1 7190
      2 7192
      1 7202
      1 7204
      1 7213
      1 7221
      2 7222
      1 7237
      1 7243
      1 7245
      1 7246
      1 7252
      1 7264
      1 7265
      1 7266
      1 7271
      1 7274
      1 7275
      1 7277
      1 7284
      1 7288
      1 7294
      1 7302
      1 7303
      1 7308
      1 7313
      1 7314
      1 7315
      1 7316
      1 7320
      2 7326
      1 7328
      2 7333
      1 7337
      1 7339
      1 7344
      1 7351
      1 7352
      1 7354
      1 7356
      1 7357
      1 7359
      2 7360
      1 7364
      1 7366
      1 7370
      2 7371
      1 7375
      1 7377
      1 7381
      1 7386
      1 7392
      1 7395
      1 7410
      1 7413
      1 7425
      2 7431
      1 7448
      1 7452
      1 7453
      2 7456
      1 7457
      1 7463
      1 7466
      1 7470
      1 7476
      1 7486
      1 7488
      1 7504
      1 7509
      2 7515
      2 7522
      1 7523
      2 7533
      1 7540
      2 7546
      1 7550
      1 7553
      1 7559
      2 7562
      2 7565
      1 7585
      1 7589
      1 7601
      2 7603
      1 7607
      1 7610
      1 7618
      2 7620
      1 7624
      1 7625
      1 7630
      1 7635
      1 7637
      1 7640
      1 7650
      2 7653
      1 7658
      2 7664
      1 7676
      1 7679
      1 7686
      1 7706
      1 7709
      1 7720
      1 7721
      1 7730
      1 7740
      1 7749
      1 7757
      1 7761
      1 7771
      1 7777
      1 7800
      1 7801
      1 7802
      1 7808
      1 7818
      1 7822
      1 7833
      1 7838
      1 7844
      1 7847
      1 7852
      1 7859
      1 7884
      1 7885
      1 7888
      1 7890
      2 7892
      1 7899
      1 7900
      1 7905
      1 7914
      1 7915
      1 7918
      1 7919
      1 7922
      1 7923
      1 7924
      1 7925
      2 7927
      1 7928
      2 7929
      2 7933
      1 7934
      1 7936
      1 7939
      1 7942
      1 7943
      1 7945
      1 7949
      3 7951
      1 7954
      2 7955
      1 7959
      1 7960
      1 7963
      1 7970
      1 7973
      1 7975
      1 7978
      2 7980
      1 7982
      1 7984
      1 7986
      1 7990
      1 7996
