 254840 0
121983322 1
244980948 2
369769243 3
450244112 4
459650754 5
402988924 6
309531018 7
211640378 8
130619587 9
73840291 10
38730692 11
19199394 12
9225700 13
4485175 14
2320654 15
1346718 16
 892117 17
 660947 18
 526757 19
 431970 20
 367910 21
 318367 22
 277538 23
 244936 24
 217504 25
 194590 26
 173619 27
 155107 28
 139976 29
 125584 30
 113469 31
 101959 32
  91674 33
  82376 34
  75682 35
  68960 36
  62982 37
  58864 38
  56128 39
  52304 40
  49335 41
  46668 42
  44129 43
  41307 44
  39530 45
  38476 46
  36779 47
  36074 48
  35609 49
  34532 50
  33760 51
  32604 52
  32223 53
  31411 54
  31058 55
  29969 56
  29098 57
  28079 58
  27077 59
  26381 60
  25594 61
  24474 62
  24413 63
  23333 64
  22702 65
  22303 66
  21342 67
  20521 68
  19335 69
  18471 70
  17681 71
  16862 72
  16527 73
  15820 74
  14989 75
  14872 76
  14661 77
  14042 78
  13694 79
  13183 80
  13174 81
  12488 82
  12355 83
  12186 84
  11721 85
  11899 86
  11620 87
  10961 88
  10907 89
  10714 90
  10544 91
  10622 92
  10202 93
  10017 94
   9945 95
   9877 96
   9399 97
   9311 98
   9414 99
   9026 100
   8772 101
   8665 102
   8524 103
   8434 104
   8052 105
   8141 106
   8195 107
   8288 108
   8084 109
   8139 110
   7930 111
   7913 112
   7835 113
   7582 114
   7196 115
   7209 116
   7148 117
   7027 118
   7164 119
   6984 120
   6898 121
   6853 122
   6708 123
   6781 124
   6686 125
   6421 126
   6055 127
   6111 128
   6164 129
   6062 130
   6051 131
   6110 132
   5814 133
   5708 134
   5684 135
   5643 136
   5599 137
   5548 138
   5289 139
   5385 140
   5471 141
   5249 142
   5183 143
   5043 144
   5023 145
   5067 146
   4829 147
   4814 148
   4830 149
   4819 150
   4606 151
   4630 152
   4629 153
   4613 154
   4550 155
   4547 156
   4454 157
   4337 158
   4425 159
   4214 160
   4194 161
   4111 162
   4080 163
   4052 164
   4043 165
   4088 166
   4030 167
   3881 168
   3867 169
   3777 170
   3889 171
   3854 172
   3713 173
   3750 174
   3793 175
   3693 176
   3780 177
   3545 178
   3589 179
   3540 180
   3569 181
   3515 182
   3301 183
   3579 184
   3420 185
   3301 186
   3175 187
   3186 188
   3313 189
   3259 190
   3303 191
   3230 192
   3196 193
   3260 194
   3132 195
   3156 196
   3110 197
   3164 198
   2947 199
   2972 200
   3009 201
   2989 202
   2947 203
   2984 204
   2989 205
   2865 206
   2983 207
   2859 208
   2824 209
   2793 210
   2744 211
   2739 212
   2743 213
   2769 214
   2727 215
   2667 216
   2706 217
   2660 218
   2710 219
   2584 220
   2514 221
   2407 222
   2382 223
   2455 224
   2437 225
   2486 226
   2402 227
   2316 228
   2387 229
   2324 230
   2402 231
   2351 232
   2306 233
   2360 234
   2218 235
   2237 236
   2225 237
   2226 238
   2288 239
   2207 240
   2202 241
   2282 242
   2263 243
   2276 244
   2232 245
   2205 246
   2196 247
   2266 248
   2178 249
   2111 250
   2207 251
   2226 252
   2174 253
   2141 254
   2136 255
   2125 256
   2234 257
   2181 258
   2169 259
   2128 260
   2125 261
   2034 262
   2130 263
   2096 264
   2099 265
   2030 266
   2064 267
   2007 268
   2067 269
   2039 270
   2063 271
   2040 272
   2045 273
   1959 274
   1916 275
   1908 276
   1985 277
   1897 278
   1936 279
   1936 280
   1944 281
   1933 282
   1940 283
   1942 284
   1788 285
   1865 286
   1812 287
   1815 288
   1766 289
   1763 290
   1840 291
   1693 292
   1761 293
   1775 294
   1667 295
   1760 296
   1724 297
   1655 298
   1640 299
   1672 300
   1681 301
   1665 302
   1638 303
   1662 304
   1675 305
   1574 306
   1654 307
   1657 308
   1652 309
   1593 310
   1583 311
   1554 312
   1549 313
   1636 314
   1485 315
   1521 316
   1515 317
   1524 318
   1550 319
   1512 320
   1451 321
   1459 322
   1541 323
   1394 324
   1501 325
   1491 326
   1428 327
   1423 328
   1371 329
   1442 330
   1431 331
   1377 332
   1380 333
   1371 334
   1298 335
   1375 336
   1323 337
   1336 338
   1279 339
   1310 340
   1307 341
   1264 342
   1261 343
   1340 344
   1240 345
   1285 346
   1303 347
   1320 348
   1246 349
   1252 350
   1280 351
   1296 352
   1252 353
   1253 354
   1194 355
   1271 356
   1210 357
   1216 358
   1182 359
   1267 360
   1166 361
   1252 362
   1215 363
   1115 364
   1073 365
   1138 366
   1134 367
   1208 368
   1095 369
   1168 370
   1157 371
   1098 372
   1139 373
   1182 374
   1126 375
   1166 376
   1062 377
   1102 378
   1095 379
   1051 380
   1116 381
   1155 382
   1128 383
   1106 384
   1136 385
   1059 386
   1087 387
   1053 388
   1004 389
   1013 390
   1042 391
    981 392
   1044 393
   1052 394
    996 395
    997 396
   1028 397
    970 398
    994 399
   1063 400
    931 401
    958 402
    936 403
    912 404
    982 405
    884 406
    951 407
    922 408
    895 409
    921 410
    919 411
    875 412
    889 413
    894 414
    937 415
    933 416
    917 417
    876 418
    880 419
    943 420
    843 421
    882 422
    902 423
    837 424
    808 425
    869 426
    891 427
    862 428
    866 429
    872 430
    850 431
    832 432
    834 433
    844 434
    798 435
    893 436
    872 437
    841 438
    804 439
    828 440
    801 441
    827 442
    810 443
    804 444
    809 445
    837 446
    844 447
    783 448
    820 449
    852 450
    766 451
    832 452
    807 453
    784 454
    772 455
    764 456
    773 457
    770 458
    795 459
    730 460
    703 461
    744 462
    744 463
    760 464
    710 465
    674 466
    717 467
    731 468
    713 469
    730 470
    691 471
    725 472
    758 473
    759 474
    765 475
    736 476
    761 477
    690 478
    701 479
    747 480
    752 481
    772 482
    750 483
    783 484
    682 485
    722 486
    707 487
    713 488
    718 489
    717 490
    745 491
    691 492
    654 493
    685 494
    691 495
    678 496
    679 497
    700 498
    642 499
    641 500
    655 501
    611 502
    607 503
    594 504
    651 505
    580 506
    582 507
    589 508
    583 509
    595 510
    575 511
    611 512
    587 513
    615 514
    609 515
    614 516
    613 517
    595 518
    612 519
    591 520
    584 521
    595 522
    605 523
    633 524
    634 525
    619 526
    563 527
    555 528
    594 529
    555 530
    568 531
    575 532
    517 533
    521 534
    537 535
    526 536
    542 537
    519 538
    568 539
    579 540
    544 541
    551 542
    491 543
    562 544
    550 545
    532 546
    560 547
    552 548
    553 549
    546 550
    527 551
    527 552
    530 553
    539 554
    521 555
    517 556
    522 557
    491 558
    568 559
    540 560
    517 561
    574 562
    583 563
    536 564
    509 565
    594 566
    512 567
    541 568
    511 569
    555 570
    534 571
    537 572
    526 573
    539 574
    538 575
    564 576
    572 577
    527 578
    503 579
    496 580
    507 581
    476 582
    485 583
    538 584
    506 585
    516 586
    522 587
    525 588
    504 589
    477 590
    463 591
    511 592
    529 593
    509 594
    496 595
    506 596
    499 597
    491 598
    470 599
    492 600
    482 601
    484 602
    486 603
    447 604
    457 605
    485 606
    440 607
    478 608
    452 609
    395 610
    466 611
    451 612
    445 613
    467 614
    475 615
    463 616
    436 617
    484 618
    466 619
    461 620
    443 621
    458 622
    440 623
    417 624
    451 625
    431 626
    455 627
    467 628
    397 629
    454 630
    438 631
    431 632
    436 633
    424 634
    460 635
    419 636
    410 637
    439 638
    440 639
    452 640
    458 641
    454 642
    418 643
    425 644
    444 645
    489 646
    403 647
    411 648
    437 649
    480 650
    445 651
    430 652
    442 653
    425 654
    451 655
    442 656
    464 657
    439 658
    421 659
    465 660
    432 661
    434 662
    400 663
    424 664
    435 665
    433 666
    478 667
    453 668
    401 669
    418 670
    477 671
    413 672
    435 673
    415 674
    432 675
    442 676
    397 677
    373 678
    394 679
    393 680
    437 681
    371 682
    391 683
    403 684
    354 685
    389 686
    417 687
    408 688
    390 689
    370 690
    416 691
    379 692
    387 693
    379 694
    355 695
    344 696
    382 697
    357 698
    354 699
    355 700
    385 701
    342 702
    392 703
    391 704
    374 705
    360 706
    370 707
    401 708
    344 709
    387 710
    380 711
    420 712
    413 713
    409 714
    374 715
    389 716
    326 717
    332 718
    355 719
    375 720
    338 721
    344 722
    327 723
    339 724
    316 725
    344 726
    358 727
    321 728
    308 729
    330 730
    341 731
    353 732
    381 733
    304 734
    347 735
    330 736
    334 737
    349 738
    323 739
    357 740
    337 741
    363 742
    315 743
    346 744
    326 745
    329 746
    341 747
    324 748
    294 749
    284 750
    308 751
    298 752
    307 753
    319 754
    348 755
    306 756
    297 757
    313 758
    291 759
    338 760
    318 761
    321 762
    285 763
    309 764
    296 765
    299 766
    308 767
    285 768
    292 769
    278 770
    321 771
    285 772
    301 773
    323 774
    339 775
    341 776
    292 777
    301 778
    300 779
    274 780
    299 781
    286 782
    323 783
    321 784
    288 785
    268 786
    294 787
    288 788
    246 789
    308 790
    264 791
    240 792
    268 793
    268 794
    283 795
    251 796
    250 797
    249 798
    250 799
    279 800
    263 801
    252 802
    226 803
    245 804
    244 805
    234 806
    252 807
    266 808
    303 809
    273 810
    273 811
    264 812
    250 813
    272 814
    270 815
    228 816
    239 817
    230 818
    245 819
    215 820
    248 821
    216 822
    230 823
    249 824
    240 825
    241 826
    234 827
    241 828
    211 829
    239 830
    234 831
    245 832
    214 833
    232 834
    210 835
    243 836
    253 837
    225 838
    225 839
    221 840
    222 841
    206 842
    219 843
    200 844
    262 845
    232 846
    227 847
    220 848
    249 849
    215 850
    209 851
    217 852
    217 853
    208 854
    218 855
    217 856
    208 857
    211 858
    234 859
    205 860
    205 861
    232 862
    217 863
    242 864
    227 865
    227 866
    230 867
    206 868
    224 869
    222 870
    236 871
    188 872
    213 873
    213 874
    212 875
    210 876
    196 877
    188 878
    213 879
    207 880
    220 881
    201 882
    221 883
    198 884
    212 885
    208 886
    210 887
    220 888
    207 889
    239 890
    211 891
    241 892
    208 893
    245 894
    220 895
    249 896
    211 897
    234 898
    228 899
    230 900
    224 901
    256 902
    231 903
    208 904
    256 905
    210 906
    212 907
    217 908
    249 909
    212 910
    207 911
    233 912
    239 913
    220 914
    225 915
    233 916
    232 917
    230 918
    189 919
    192 920
    222 921
    229 922
    186 923
    218 924
    212 925
    191 926
    213 927
    195 928
    212 929
    200 930
    203 931
    246 932
    210 933
    210 934
    233 935
    222 936
    228 937
    195 938
    226 939
    201 940
    213 941
    217 942
    214 943
    223 944
    208 945
    211 946
    218 947
    203 948
    189 949
    179 950
    211 951
    221 952
    209 953
    198 954
    227 955
    224 956
    205 957
    199 958
    203 959
    186 960
    220 961
    210 962
    217 963
    182 964
    162 965
    208 966
    196 967
    212 968
    193 969
    186 970
    168 971
    191 972
    181 973
    195 974
    192 975
    202 976
    201 977
    209 978
    193 979
    193 980
    207 981
    195 982
    189 983
    184 984
    192 985
    226 986
    201 987
    199 988
    194 989
    205 990
    184 991
    214 992
    209 993
    211 994
    210 995
    160 996
    190 997
    197 998
    208 999
    207 1000
    204 1001
    182 1002
    192 1003
    182 1004
    222 1005
    194 1006
    195 1007
    188 1008
    202 1009
    176 1010
    171 1011
    196 1012
    209 1013
    187 1014
    196 1015
    200 1016
    191 1017
    214 1018
    194 1019
    194 1020
    204 1021
    151 1022
    190 1023
    201 1024
    186 1025
    193 1026
    171 1027
    171 1028
    195 1029
    201 1030
    191 1031
    203 1032
    189 1033
    195 1034
    170 1035
    194 1036
    171 1037
    181 1038
    184 1039
    217 1040
    198 1041
    199 1042
    199 1043
    196 1044
    198 1045
    196 1046
    192 1047
    200 1048
    188 1049
    180 1050
    197 1051
    185 1052
    198 1053
    161 1054
    165 1055
    184 1056
    195 1057
    207 1058
    188 1059
    193 1060
    178 1061
    179 1062
    181 1063
    204 1064
    183 1065
    205 1066
    187 1067
    171 1068
    185 1069
    201 1070
    181 1071
    189 1072
    212 1073
    205 1074
    192 1075
    181 1076
    193 1077
    224 1078
    188 1079
    205 1080
    189 1081
    221 1082
    226 1083
    191 1084
    195 1085
    229 1086
    185 1087
    196 1088
    173 1089
    208 1090
    189 1091
    171 1092
    185 1093
    194 1094
    189 1095
    202 1096
    199 1097
    193 1098
    224 1099
    215 1100
    225 1101
    192 1102
    206 1103
    202 1104
    220 1105
    197 1106
    191 1107
    194 1108
    186 1109
    187 1110
    207 1111
    180 1112
    181 1113
    160 1114
    167 1115
    155 1116
    177 1117
    172 1118
    161 1119
    189 1120
    177 1121
    195 1122
    159 1123
    182 1124
    207 1125
    196 1126
    186 1127
    180 1128
    201 1129
    179 1130
    184 1131
    188 1132
    202 1133
    197 1134
    165 1135
    225 1136
    174 1137
    179 1138
    211 1139
    188 1140
    183 1141
    175 1142
    189 1143
    172 1144
    206 1145
    211 1146
    203 1147
    197 1148
    176 1149
    197 1150
    195 1151
    192 1152
    175 1153
    182 1154
    198 1155
    209 1156
    176 1157
    203 1158
    177 1159
    175 1160
    209 1161
    207 1162
    176 1163
    186 1164
    186 1165
    161 1166
    166 1167
    206 1168
    197 1169
    192 1170
    173 1171
    169 1172
    193 1173
    184 1174
    177 1175
    203 1176
    169 1177
    172 1178
    147 1179
    200 1180
    189 1181
    208 1182
    185 1183
    173 1184
    167 1185
    179 1186
    157 1187
    174 1188
    161 1189
    174 1190
    146 1191
    178 1192
    196 1193
    167 1194
    164 1195
    152 1196
    185 1197
    183 1198
    140 1199
    188 1200
    192 1201
    166 1202
    169 1203
    188 1204
    182 1205
    179 1206
    166 1207
    177 1208
    184 1209
    185 1210
    200 1211
    167 1212
    175 1213
    183 1214
    190 1215
    155 1216
    194 1217
    188 1218
    173 1219
    186 1220
    181 1221
    186 1222
    173 1223
    188 1224
    175 1225
    171 1226
    170 1227
    195 1228
    196 1229
    172 1230
    199 1231
    181 1232
    187 1233
    181 1234
    200 1235
    175 1236
    190 1237
    176 1238
    177 1239
    180 1240
    161 1241
    208 1242
    180 1243
    193 1244
    175 1245
    175 1246
    155 1247
    202 1248
    165 1249
    187 1250
    168 1251
    145 1252
    181 1253
    160 1254
    189 1255
    172 1256
    156 1257
    183 1258
    197 1259
    178 1260
    181 1261
    179 1262
    203 1263
    168 1264
    190 1265
    180 1266
    189 1267
    185 1268
    189 1269
    166 1270
    170 1271
    177 1272
    168 1273
    167 1274
    179 1275
    149 1276
    161 1277
    175 1278
    170 1279
    142 1280
    154 1281
    145 1282
    147 1283
    165 1284
    168 1285
    173 1286
    166 1287
    149 1288
    164 1289
    148 1290
    170 1291
    145 1292
    183 1293
    130 1294
    166 1295
    149 1296
    157 1297
    159 1298
    149 1299
    151 1300
    131 1301
    147 1302
    173 1303
    156 1304
    150 1305
    151 1306
    140 1307
    157 1308
    172 1309
    150 1310
    175 1311
    157 1312
    152 1313
    147 1314
    173 1315
    164 1316
    170 1317
    161 1318
    144 1319
    164 1320
    134 1321
    171 1322
    167 1323
    135 1324
    138 1325
    156 1326
    136 1327
    162 1328
    146 1329
    152 1330
    153 1331
    146 1332
    150 1333
    164 1334
    160 1335
    141 1336
    158 1337
    129 1338
    149 1339
    144 1340
    151 1341
    150 1342
    142 1343
    138 1344
    134 1345
    124 1346
    131 1347
    128 1348
    117 1349
    150 1350
    149 1351
    131 1352
    148 1353
    134 1354
    133 1355
    131 1356
    149 1357
    139 1358
    134 1359
    133 1360
    158 1361
    122 1362
    138 1363
    124 1364
    135 1365
    134 1366
    124 1367
    138 1368
    128 1369
    134 1370
    118 1371
    167 1372
    132 1373
    110 1374
    155 1375
    137 1376
    143 1377
    129 1378
    137 1379
    148 1380
    153 1381
    156 1382
    153 1383
    174 1384
    137 1385
    146 1386
    118 1387
    141 1388
    134 1389
     99 1390
    115 1391
    129 1392
    134 1393
    118 1394
    127 1395
    143 1396
    132 1397
    121 1398
    128 1399
    112 1400
    123 1401
    112 1402
    117 1403
    117 1404
    117 1405
    137 1406
    115 1407
    100 1408
    112 1409
    118 1410
    111 1411
    116 1412
    116 1413
    105 1414
    118 1415
    133 1416
    106 1417
    111 1418
    132 1419
    121 1420
    125 1421
    102 1422
    116 1423
    134 1424
    117 1425
    120 1426
    104 1427
    100 1428
    102 1429
    112 1430
     98 1431
    102 1432
    122 1433
    104 1434
    127 1435
     89 1436
    121 1437
    104 1438
     98 1439
    121 1440
    103 1441
    102 1442
    120 1443
    105 1444
    104 1445
    101 1446
    115 1447
    107 1448
     98 1449
    105 1450
    100 1451
     89 1452
     87 1453
    126 1454
    112 1455
     98 1456
    119 1457
    111 1458
    107 1459
     93 1460
    110 1461
     81 1462
     83 1463
    110 1464
    110 1465
     88 1466
    109 1467
     98 1468
     93 1469
     94 1470
     85 1471
    106 1472
    109 1473
    101 1474
     92 1475
    107 1476
    108 1477
    103 1478
    102 1479
     94 1480
    102 1481
     81 1482
    106 1483
     90 1484
     86 1485
     97 1486
     93 1487
     97 1488
     97 1489
     80 1490
    102 1491
    113 1492
     79 1493
     99 1494
    101 1495
    106 1496
    107 1497
     91 1498
     82 1499
     91 1500
     95 1501
     97 1502
     87 1503
    104 1504
     89 1505
     90 1506
     90 1507
    102 1508
     74 1509
     97 1510
    103 1511
     84 1512
    118 1513
    104 1514
     96 1515
     95 1516
     96 1517
     93 1518
     90 1519
     78 1520
     82 1521
    104 1522
     92 1523
    101 1524
     90 1525
     85 1526
    116 1527
     95 1528
     90 1529
     92 1530
     73 1531
    105 1532
     93 1533
     98 1534
     80 1535
    101 1536
     88 1537
    113 1538
    108 1539
    103 1540
     82 1541
     94 1542
    109 1543
     99 1544
    100 1545
     77 1546
     92 1547
     97 1548
     96 1549
     84 1550
     91 1551
     86 1552
    107 1553
     95 1554
     96 1555
     91 1556
     75 1557
     88 1558
     96 1559
     99 1560
    114 1561
    134 1562
    116 1563
    100 1564
     92 1565
    114 1566
     94 1567
     85 1568
     97 1569
     87 1570
     93 1571
     98 1572
    106 1573
    101 1574
    116 1575
    110 1576
    110 1577
     83 1578
    103 1579
    104 1580
    112 1581
     93 1582
     98 1583
     95 1584
    104 1585
    100 1586
     93 1587
    110 1588
     87 1589
     93 1590
     80 1591
     84 1592
     68 1593
     98 1594
     88 1595
     83 1596
     79 1597
     97 1598
     87 1599
     78 1600
     70 1601
     77 1602
     99 1603
     99 1604
     77 1605
     87 1606
     95 1607
     78 1608
     69 1609
     66 1610
     99 1611
     80 1612
     74 1613
     88 1614
     61 1615
     69 1616
     79 1617
     96 1618
     89 1619
     75 1620
     78 1621
     83 1622
     81 1623
     86 1624
     87 1625
     66 1626
     85 1627
     68 1628
     88 1629
     70 1630
     77 1631
     79 1632
     90 1633
     67 1634
     84 1635
     73 1636
     85 1637
     87 1638
     74 1639
     83 1640
     78 1641
     71 1642
     85 1643
     84 1644
     86 1645
     81 1646
     92 1647
     85 1648
     77 1649
     79 1650
     89 1651
     81 1652
     78 1653
     85 1654
    101 1655
     79 1656
     71 1657
     75 1658
     72 1659
     99 1660
     68 1661
     69 1662
     75 1663
     78 1664
     67 1665
     90 1666
     86 1667
     76 1668
     68 1669
     71 1670
     90 1671
     92 1672
     90 1673
     93 1674
     84 1675
     87 1676
     87 1677
     69 1678
     75 1679
     77 1680
     94 1681
     82 1682
     67 1683
     62 1684
     88 1685
     84 1686
     79 1687
     89 1688
     81 1689
     65 1690
     80 1691
     82 1692
     65 1693
     61 1694
     58 1695
     65 1696
     61 1697
     71 1698
     65 1699
     78 1700
     58 1701
     75 1702
     75 1703
     86 1704
     76 1705
     81 1706
     67 1707
     68 1708
     70 1709
     79 1710
     73 1711
     62 1712
     78 1713
     75 1714
     67 1715
     72 1716
     72 1717
     52 1718
     73 1719
     71 1720
     67 1721
     71 1722
     61 1723
     69 1724
     68 1725
     64 1726
     68 1727
     77 1728
     76 1729
     84 1730
     75 1731
     80 1732
     88 1733
     70 1734
     74 1735
     60 1736
     61 1737
     70 1738
     57 1739
     75 1740
     75 1741
     86 1742
     66 1743
     74 1744
     81 1745
     66 1746
     70 1747
     79 1748
     78 1749
     69 1750
     70 1751
     63 1752
     78 1753
     69 1754
     58 1755
     75 1756
     82 1757
     68 1758
     83 1759
     66 1760
     70 1761
     79 1762
     54 1763
     72 1764
     66 1765
     77 1766
     83 1767
     73 1768
     68 1769
     68 1770
     90 1771
     91 1772
     70 1773
     61 1774
     63 1775
     65 1776
     69 1777
     62 1778
     56 1779
     64 1780
     76 1781
     64 1782
     68 1783
     71 1784
     77 1785
     76 1786
     73 1787
     78 1788
     76 1789
     85 1790
     71 1791
     62 1792
     52 1793
     70 1794
     77 1795
     68 1796
     65 1797
     61 1798
     62 1799
     59 1800
     67 1801
     76 1802
     64 1803
     64 1804
     68 1805
     72 1806
     83 1807
     68 1808
     70 1809
     71 1810
     64 1811
     71 1812
     64 1813
     72 1814
     80 1815
     74 1816
     87 1817
     70 1818
     68 1819
     72 1820
     73 1821
     80 1822
     58 1823
     71 1824
     69 1825
     61 1826
     65 1827
     60 1828
     59 1829
     59 1830
     61 1831
     64 1832
     61 1833
     74 1834
     75 1835
     74 1836
     66 1837
     65 1838
     70 1839
     67 1840
     63 1841
     61 1842
     62 1843
     77 1844
     53 1845
     50 1846
     58 1847
     75 1848
     84 1849
     83 1850
     52 1851
     71 1852
     59 1853
     76 1854
     62 1855
     77 1856
     75 1857
     66 1858
     58 1859
     49 1860
     62 1861
     62 1862
     60 1863
     57 1864
     73 1865
     58 1866
     61 1867
     78 1868
     66 1869
     66 1870
     72 1871
     68 1872
     67 1873
     74 1874
     65 1875
     60 1876
     78 1877
     67 1878
     57 1879
     61 1880
     68 1881
     73 1882
     61 1883
     61 1884
     60 1885
     69 1886
     69 1887
     57 1888
     68 1889
     75 1890
     65 1891
     64 1892
     67 1893
     59 1894
     61 1895
     71 1896
     51 1897
     63 1898
     69 1899
     58 1900
     71 1901
     79 1902
     56 1903
     64 1904
     74 1905
     77 1906
     73 1907
     58 1908
     65 1909
     71 1910
     66 1911
     67 1912
     60 1913
     70 1914
     74 1915
     76 1916
     70 1917
     80 1918
     74 1919
     72 1920
     67 1921
     69 1922
     61 1923
     60 1924
     70 1925
     56 1926
     71 1927
     62 1928
     77 1929
     75 1930
     73 1931
     67 1932
     71 1933
     76 1934
     73 1935
     70 1936
     67 1937
     61 1938
     66 1939
     73 1940
     74 1941
     84 1942
     63 1943
     68 1944
     74 1945
     69 1946
     67 1947
     65 1948
     74 1949
     66 1950
     84 1951
     75 1952
     65 1953
     64 1954
     65 1955
     66 1956
     74 1957
     70 1958
     93 1959
     72 1960
     78 1961
     61 1962
     79 1963
     64 1964
     52 1965
     57 1966
     68 1967
     61 1968
     61 1969
     75 1970
     69 1971
     69 1972
     67 1973
     64 1974
     66 1975
     61 1976
     71 1977
     69 1978
     66 1979
     66 1980
     80 1981
     67 1982
     73 1983
     80 1984
     75 1985
     67 1986
     79 1987
     89 1988
     67 1989
     65 1990
     77 1991
     79 1992
     74 1993
     86 1994
     77 1995
     86 1996
     65 1997
     86 1998
     85 1999
     76 2000
     76 2001
     92 2002
     93 2003
     83 2004
     96 2005
     74 2006
     92 2007
     76 2008
     81 2009
     76 2010
     85 2011
     86 2012
     88 2013
     70 2014
     70 2015
     92 2016
     90 2017
     73 2018
     81 2019
     83 2020
     71 2021
     78 2022
     76 2023
    102 2024
     78 2025
     82 2026
     91 2027
     76 2028
     79 2029
     78 2030
     77 2031
     76 2032
     84 2033
     80 2034
     67 2035
     75 2036
     95 2037
     89 2038
     69 2039
     97 2040
     93 2041
     74 2042
     72 2043
     77 2044
     98 2045
     84 2046
     91 2047
     80 2048
     96 2049
     69 2050
     80 2051
     89 2052
     78 2053
     77 2054
     82 2055
     80 2056
     81 2057
     82 2058
     69 2059
     79 2060
     81 2061
     96 2062
     94 2063
     95 2064
     85 2065
    107 2066
     94 2067
    104 2068
     75 2069
     81 2070
     92 2071
     91 2072
     78 2073
     75 2074
     72 2075
     75 2076
     86 2077
     79 2078
     93 2079
     75 2080
     95 2081
     96 2082
    102 2083
     75 2084
     78 2085
     93 2086
     80 2087
     99 2088
     85 2089
     91 2090
     77 2091
     99 2092
    108 2093
    110 2094
     77 2095
     96 2096
     91 2097
    109 2098
    109 2099
     92 2100
    108 2101
    106 2102
     98 2103
    107 2104
     90 2105
    101 2106
    107 2107
     99 2108
    106 2109
     92 2110
    103 2111
    102 2112
     92 2113
    100 2114
    100 2115
     94 2116
    102 2117
    101 2118
    105 2119
     92 2120
     99 2121
     85 2122
     96 2123
     85 2124
    113 2125
    102 2126
     79 2127
    107 2128
    107 2129
    116 2130
     94 2131
     95 2132
     80 2133
    102 2134
    108 2135
     91 2136
    105 2137
    107 2138
     90 2139
     94 2140
     94 2141
     78 2142
     79 2143
     91 2144
    104 2145
    100 2146
     84 2147
    101 2148
     83 2149
     89 2150
     82 2151
     78 2152
     83 2153
     88 2154
     93 2155
     83 2156
     88 2157
     87 2158
     61 2159
     77 2160
     76 2161
     77 2162
     78 2163
     78 2164
     84 2165
     95 2166
     89 2167
     69 2168
     74 2169
     63 2170
     69 2171
     64 2172
     77 2173
     70 2174
     74 2175
     60 2176
     65 2177
     51 2178
     62 2179
     72 2180
     68 2181
     74 2182
     76 2183
     75 2184
     73 2185
     73 2186
     61 2187
     63 2188
     69 2189
     65 2190
     66 2191
     64 2192
     69 2193
     72 2194
     65 2195
     77 2196
     66 2197
     59 2198
     64 2199
     68 2200
     58 2201
     64 2202
     62 2203
     64 2204
     66 2205
     56 2206
     67 2207
     59 2208
     55 2209
     42 2210
     50 2211
     62 2212
     68 2213
     55 2214
     74 2215
     69 2216
     57 2217
     59 2218
     64 2219
     58 2220
     62 2221
     51 2222
     57 2223
     59 2224
     58 2225
     46 2226
     53 2227
     54 2228
     55 2229
     63 2230
     45 2231
     67 2232
     59 2233
     71 2234
     50 2235
     56 2236
     56 2237
     68 2238
     57 2239
     51 2240
     66 2241
     65 2242
     66 2243
     55 2244
     47 2245
     52 2246
     55 2247
     44 2248
     60 2249
     56 2250
     59 2251
     56 2252
     61 2253
     46 2254
     50 2255
     54 2256
     40 2257
     57 2258
     52 2259
     48 2260
     62 2261
     46 2262
     39 2263
     50 2264
     46 2265
     53 2266
     48 2267
     53 2268
     51 2269
     48 2270
     49 2271
     40 2272
     39 2273
     49 2274
     54 2275
     59 2276
     49 2277
     54 2278
     51 2279
     55 2280
     48 2281
     43 2282
     37 2283
     54 2284
     58 2285
     42 2286
     48 2287
     44 2288
     50 2289
     36 2290
     51 2291
     51 2292
     37 2293
     59 2294
     47 2295
     40 2296
     50 2297
     41 2298
     44 2299
     49 2300
     34 2301
     41 2302
     47 2303
     56 2304
     46 2305
     44 2306
     39 2307
     42 2308
     45 2309
     52 2310
     49 2311
     51 2312
     46 2313
     46 2314
     32 2315
     39 2316
     47 2317
     38 2318
     48 2319
     42 2320
     37 2321
     49 2322
     50 2323
     48 2324
     45 2325
     42 2326
     39 2327
     60 2328
     58 2329
     50 2330
     37 2331
     42 2332
     42 2333
     30 2334
     49 2335
     43 2336
     42 2337
     35 2338
     40 2339
     34 2340
     36 2341
     45 2342
     36 2343
     34 2344
     34 2345
     44 2346
     41 2347
     33 2348
     28 2349
     29 2350
     34 2351
     42 2352
     40 2353
     39 2354
     25 2355
     37 2356
     36 2357
     24 2358
     36 2359
     40 2360
     38 2361
     43 2362
     32 2363
     37 2364
     31 2365
     32 2366
     34 2367
     33 2368
     36 2369
     35 2370
     25 2371
     27 2372
     25 2373
     44 2374
     46 2375
     32 2376
     49 2377
     34 2378
     41 2379
     36 2380
     28 2381
     33 2382
     38 2383
     32 2384
     33 2385
     32 2386
     37 2387
     33 2388
     37 2389
     41 2390
     36 2391
     34 2392
     31 2393
     32 2394
     37 2395
     41 2396
     47 2397
     31 2398
     32 2399
     35 2400
     39 2401
     33 2402
     32 2403
     26 2404
     31 2405
     29 2406
     41 2407
     25 2408
     40 2409
     36 2410
     28 2411
     34 2412
     29 2413
     35 2414
     34 2415
     25 2416
     45 2417
     30 2418
     29 2419
     31 2420
     27 2421
     31 2422
     41 2423
     42 2424
     24 2425
     27 2426
     37 2427
     30 2428
     34 2429
     20 2430
     29 2431
     39 2432
     37 2433
     27 2434
     22 2435
     25 2436
     27 2437
     31 2438
     30 2439
     34 2440
     29 2441
     31 2442
     27 2443
     34 2444
     31 2445
     27 2446
     46 2447
     41 2448
     29 2449
     26 2450
     29 2451
     26 2452
     29 2453
     30 2454
     32 2455
     28 2456
     44 2457
     38 2458
     27 2459
     28 2460
     42 2461
     30 2462
     37 2463
     41 2464
     34 2465
     29 2466
     26 2467
     33 2468
     32 2469
     24 2470
     34 2471
     26 2472
     25 2473
     33 2474
     41 2475
     25 2476
     37 2477
     34 2478
     45 2479
     25 2480
     32 2481
     25 2482
     28 2483
     35 2484
     29 2485
     31 2486
     25 2487
     29 2488
     25 2489
     25 2490
     25 2491
     24 2492
     21 2493
     22 2494
     24 2495
     24 2496
     30 2497
     23 2498
     36 2499
     31 2500
     33 2501
     21 2502
     28 2503
     27 2504
     36 2505
     25 2506
     42 2507
     28 2508
     25 2509
     31 2510
     32 2511
     22 2512
     27 2513
     21 2514
     16 2515
     28 2516
     37 2517
     25 2518
     20 2519
     25 2520
     20 2521
     34 2522
     23 2523
     23 2524
     30 2525
     29 2526
     25 2527
     15 2528
     35 2529
     21 2530
     18 2531
     26 2532
     30 2533
     14 2534
     29 2535
     27 2536
     23 2537
     16 2538
     28 2539
     23 2540
     23 2541
     30 2542
     19 2543
     21 2544
     22 2545
     21 2546
     20 2547
     25 2548
     37 2549
     22 2550
     17 2551
     28 2552
     28 2553
     25 2554
     22 2555
     24 2556
     30 2557
     32 2558
     25 2559
     27 2560
     27 2561
     22 2562
     26 2563
     25 2564
     24 2565
     28 2566
     25 2567
     18 2568
     25 2569
     28 2570
     29 2571
     15 2572
     26 2573
     22 2574
     24 2575
     25 2576
     25 2577
     30 2578
     25 2579
     26 2580
     17 2581
     21 2582
     31 2583
     39 2584
     24 2585
     16 2586
     22 2587
     22 2588
     28 2589
     19 2590
     18 2591
     24 2592
     20 2593
     25 2594
     33 2595
     25 2596
     31 2597
     24 2598
     36 2599
     18 2600
     29 2601
     26 2602
     29 2603
     24 2604
     21 2605
     29 2606
     26 2607
     23 2608
     26 2609
     17 2610
     28 2611
     30 2612
     17 2613
     21 2614
     32 2615
     29 2616
     16 2617
     29 2618
     25 2619
     16 2620
     25 2621
     23 2622
     20 2623
     33 2624
     25 2625
     27 2626
     29 2627
     16 2628
     27 2629
     30 2630
     27 2631
     30 2632
     26 2633
     29 2634
     28 2635
     22 2636
     26 2637
     31 2638
     24 2639
     20 2640
     21 2641
     34 2642
     27 2643
     31 2644
     23 2645
     21 2646
     24 2647
     11 2648
     26 2649
     25 2650
     19 2651
     27 2652
     29 2653
     23 2654
     21 2655
     23 2656
     16 2657
     30 2658
     24 2659
     26 2660
     27 2661
     31 2662
     23 2663
     24 2664
     22 2665
     24 2666
     26 2667
     22 2668
     22 2669
     12 2670
     21 2671
     26 2672
     18 2673
     17 2674
     30 2675
     26 2676
     24 2677
     33 2678
     21 2679
     23 2680
     21 2681
     19 2682
     33 2683
     28 2684
     21 2685
     22 2686
     30 2687
     23 2688
     12 2689
     24 2690
     21 2691
     19 2692
     14 2693
     26 2694
     16 2695
     13 2696
     27 2697
     31 2698
     29 2699
     21 2700
     14 2701
     23 2702
     23 2703
     23 2704
     23 2705
     24 2706
     18 2707
     18 2708
     16 2709
     21 2710
     18 2711
     17 2712
     18 2713
     18 2714
     22 2715
     20 2716
     32 2717
     18 2718
     14 2719
     20 2720
     21 2721
     19 2722
     20 2723
     22 2724
     20 2725
     21 2726
     29 2727
     25 2728
     27 2729
     17 2730
     24 2731
     19 2732
     27 2733
     28 2734
     22 2735
     29 2736
     23 2737
     25 2738
     21 2739
     21 2740
     24 2741
     23 2742
     33 2743
     15 2744
     21 2745
     14 2746
     25 2747
     22 2748
     21 2749
     20 2750
     18 2751
     33 2752
     15 2753
     17 2754
     17 2755
     17 2756
     29 2757
     25 2758
     19 2759
     23 2760
     26 2761
     22 2762
     16 2763
     15 2764
     19 2765
     26 2766
     12 2767
     26 2768
     17 2769
     20 2770
     17 2771
     22 2772
     14 2773
     25 2774
     15 2775
     26 2776
     18 2777
     20 2778
     20 2779
     18 2780
     26 2781
     24 2782
     32 2783
     25 2784
     26 2785
     23 2786
     27 2787
     22 2788
     20 2789
     20 2790
     24 2791
     23 2792
     16 2793
     17 2794
     22 2795
     23 2796
     29 2797
     17 2798
     23 2799
     15 2800
     18 2801
     24 2802
     21 2803
     29 2804
     21 2805
     21 2806
     24 2807
     22 2808
     27 2809
     21 2810
     14 2811
     20 2812
     20 2813
     24 2814
     21 2815
     29 2816
     31 2817
     27 2818
     20 2819
     21 2820
     17 2821
     20 2822
     20 2823
     21 2824
     18 2825
     31 2826
     26 2827
     19 2828
     19 2829
     20 2830
     29 2831
     27 2832
     23 2833
     30 2834
     15 2835
     23 2836
     26 2837
     24 2838
     30 2839
     19 2840
     21 2841
     31 2842
     28 2843
     27 2844
     23 2845
     22 2846
     22 2847
     27 2848
     29 2849
     20 2850
     31 2851
     30 2852
     30 2853
     15 2854
     31 2855
     35 2856
     31 2857
     20 2858
     29 2859
     34 2860
     16 2861
     20 2862
     18 2863
     20 2864
     27 2865
     23 2866
     24 2867
     18 2868
     23 2869
     18 2870
     18 2871
     22 2872
     18 2873
     18 2874
     24 2875
     29 2876
     20 2877
     19 2878
     22 2879
     25 2880
     19 2881
     21 2882
     18 2883
     11 2884
     18 2885
     18 2886
     28 2887
     27 2888
     21 2889
     13 2890
     18 2891
     23 2892
     30 2893
     11 2894
     26 2895
     17 2896
     20 2897
     18 2898
     19 2899
     19 2900
     25 2901
     23 2902
     17 2903
     17 2904
     10 2905
     15 2906
     26 2907
     21 2908
     19 2909
     21 2910
     24 2911
      9 2912
     16 2913
     18 2914
     25 2915
     19 2916
     17 2917
     13 2918
     22 2919
     20 2920
     15 2921
     17 2922
     20 2923
     13 2924
     21 2925
     18 2926
     21 2927
     19 2928
     14 2929
     12 2930
     17 2931
     19 2932
     23 2933
     24 2934
     23 2935
     16 2936
     19 2937
     13 2938
     22 2939
      6 2940
     17 2941
     15 2942
     15 2943
     19 2944
     11 2945
     18 2946
     18 2947
     21 2948
     16 2949
     13 2950
     22 2951
     23 2952
     16 2953
     12 2954
     19 2955
     15 2956
     15 2957
     12 2958
     25 2959
     12 2960
     19 2961
     15 2962
     15 2963
     16 2964
     17 2965
     16 2966
     21 2967
     20 2968
     20 2969
     27 2970
     17 2971
     21 2972
     16 2973
     25 2974
      9 2975
     20 2976
     15 2977
     14 2978
     14 2979
     19 2980
     20 2981
     21 2982
     20 2983
     21 2984
     18 2985
     16 2986
     17 2987
     16 2988
     24 2989
     16 2990
     16 2991
     21 2992
     15 2993
     19 2994
     12 2995
      8 2996
     18 2997
     10 2998
     19 2999
     15 3000
     17 3001
     17 3002
     14 3003
     14 3004
     14 3005
     16 3006
     15 3007
     13 3008
     11 3009
      9 3010
     21 3011
     23 3012
     16 3013
     15 3014
     17 3015
     17 3016
     13 3017
     17 3018
     18 3019
     11 3020
     16 3021
     18 3022
     12 3023
     15 3024
     14 3025
     11 3026
     19 3027
     17 3028
     16 3029
     22 3030
     19 3031
     13 3032
     17 3033
     19 3034
     18 3035
     18 3036
     18 3037
     20 3038
     16 3039
     14 3040
     14 3041
     21 3042
     21 3043
     18 3044
     19 3045
     15 3046
     13 3047
     23 3048
     16 3049
     14 3050
     17 3051
     19 3052
     13 3053
     12 3054
     18 3055
     14 3056
     15 3057
     18 3058
     10 3059
     11 3060
     21 3061
     14 3062
     18 3063
     19 3064
     12 3065
     14 3066
     13 3067
     14 3068
     13 3069
     17 3070
     16 3071
     22 3072
     10 3073
     14 3074
      6 3075
     13 3076
      9 3077
     11 3078
     16 3079
     10 3080
     13 3081
     15 3082
     16 3083
     13 3084
     14 3085
     14 3086
     13 3087
     15 3088
      9 3089
     10 3090
     12 3091
     18 3092
      5 3093
     12 3094
     11 3095
     18 3096
     17 3097
     14 3098
     18 3099
     11 3100
      4 3101
     12 3102
     11 3103
      6 3104
     17 3105
     11 3106
     12 3107
      9 3108
      7 3109
     11 3110
     10 3111
     11 3112
     16 3113
      9 3114
     20 3115
     12 3116
     14 3117
     13 3118
     12 3119
      9 3120
     20 3121
     14 3122
      7 3123
      5 3124
     13 3125
     10 3126
     17 3127
     14 3128
     15 3129
     14 3130
      9 3131
     18 3132
      9 3133
     13 3134
     11 3135
     11 3136
     16 3137
     13 3138
     12 3139
     13 3140
     13 3141
     11 3142
     15 3143
     11 3144
     14 3145
     17 3146
     12 3147
      8 3148
     10 3149
     12 3150
      9 3151
     14 3152
     10 3153
     13 3154
     12 3155
     11 3156
     18 3157
     15 3158
     10 3159
      9 3160
     12 3161
     18 3162
      6 3163
     14 3164
     10 3165
     17 3166
     15 3167
     11 3168
     12 3169
     14 3170
     11 3171
     14 3172
     10 3173
     14 3174
     10 3175
     20 3176
     11 3177
      9 3178
     10 3179
      7 3180
     11 3181
      9 3182
     10 3183
     13 3184
     20 3185
     14 3186
     14 3187
     18 3188
     13 3189
     15 3190
      9 3191
     14 3192
      8 3193
     15 3194
     10 3195
      7 3196
      9 3197
     10 3198
     18 3199
     12 3200
     16 3201
     15 3202
     20 3203
     14 3204
     19 3205
      8 3206
     10 3207
     14 3208
     13 3209
     23 3210
      7 3211
      9 3212
     14 3213
      7 3214
     10 3215
     10 3216
     16 3217
     15 3218
     13 3219
     12 3220
     11 3221
      9 3222
      7 3223
     10 3224
     10 3225
     11 3226
     15 3227
     16 3228
     14 3229
     11 3230
     18 3231
     14 3232
     14 3233
     14 3234
     12 3235
      8 3236
     12 3237
     11 3238
     13 3239
     12 3240
     11 3241
     14 3242
     11 3243
     14 3244
     11 3245
     15 3246
     14 3247
     14 3248
     12 3249
     16 3250
      8 3251
      5 3252
     10 3253
     12 3254
     15 3255
     14 3256
     16 3257
     13 3258
     11 3259
     12 3260
     13 3261
     15 3262
      6 3263
     13 3264
     12 3265
      5 3266
     12 3267
     10 3268
      9 3269
      9 3270
     13 3271
     12 3272
     15 3273
     10 3274
     13 3275
     11 3276
      9 3277
     11 3278
     16 3279
     11 3280
      8 3281
      9 3282
      9 3283
     18 3284
     13 3285
      8 3286
     10 3287
     18 3288
      8 3289
      8 3290
     12 3291
      7 3292
      8 3293
     11 3294
     13 3295
      6 3296
      7 3297
      5 3298
     13 3299
      5 3300
     10 3301
     13 3302
     10 3303
     16 3304
     13 3305
     11 3306
     10 3307
     16 3308
     19 3309
      8 3310
     10 3311
      5 3312
     11 3313
     13 3314
     16 3315
     14 3316
     14 3317
      6 3318
     12 3319
     10 3320
     18 3321
     11 3322
      9 3323
      6 3324
      8 3325
      7 3326
      6 3327
     13 3328
     11 3329
      7 3330
     11 3331
     13 3332
     13 3333
      7 3334
     10 3335
     14 3336
      9 3337
      4 3338
      8 3339
      7 3340
      9 3341
      7 3342
     11 3343
     14 3344
     14 3345
      8 3346
      8 3347
      1 3348
      7 3349
     10 3350
     11 3351
      7 3352
      7 3353
      9 3354
     11 3355
      9 3356
     11 3357
     15 3358
     10 3359
     13 3360
     14 3361
     11 3362
      9 3363
      7 3364
      6 3365
     11 3366
     14 3367
      7 3368
      7 3369
     14 3370
     10 3371
      9 3372
      6 3373
     14 3374
     13 3375
     14 3376
     10 3377
     13 3378
     14 3379
     14 3380
     18 3381
      6 3382
     15 3383
     11 3384
     11 3385
     13 3386
     11 3387
      8 3388
     10 3389
      9 3390
      7 3391
     14 3392
     11 3393
      9 3394
      9 3395
     11 3396
      4 3397
      8 3398
     16 3399
      8 3400
     13 3401
     10 3402
     14 3403
     14 3404
     10 3405
     10 3406
     15 3407
     11 3408
     18 3409
      9 3410
      9 3411
     15 3412
     12 3413
     14 3414
      8 3415
      8 3416
     14 3417
     10 3418
      7 3419
     17 3420
      6 3421
     17 3422
      4 3423
      9 3424
     13 3425
      7 3426
      7 3427
     12 3428
     12 3429
      8 3430
     17 3431
      8 3432
     13 3433
     10 3434
     12 3435
     18 3436
      9 3437
      6 3438
     15 3439
     11 3440
     14 3441
     16 3442
      8 3443
      7 3444
      8 3445
      7 3446
     11 3447
     15 3448
     12 3449
      6 3450
     12 3451
     10 3452
      9 3453
     14 3454
     18 3455
     11 3456
      7 3457
     14 3458
     11 3459
     17 3460
     12 3461
     12 3462
     15 3463
     13 3464
     16 3465
     11 3466
     12 3467
      8 3468
      6 3469
      6 3470
      9 3471
     12 3472
     10 3473
     16 3474
      4 3475
     14 3476
     17 3477
      8 3478
     11 3479
     10 3480
      9 3481
     10 3482
     10 3483
     11 3484
     15 3485
     14 3486
      8 3487
     16 3488
      7 3489
     13 3490
     12 3491
     11 3492
     10 3493
     11 3494
      9 3495
     11 3496
      8 3497
      4 3498
      7 3499
     14 3500
     11 3501
      9 3502
     18 3503
     12 3504
     18 3505
     13 3506
     11 3507
     16 3508
     12 3509
     10 3510
     11 3511
     10 3512
     10 3513
     11 3514
     14 3515
     12 3516
     15 3517
     12 3518
      8 3519
     10 3520
      8 3521
     17 3522
     11 3523
      9 3524
     11 3525
      7 3526
     12 3527
      8 3528
     15 3529
      4 3530
      7 3531
      9 3532
     14 3533
      9 3534
     10 3535
      7 3536
     12 3537
     15 3538
      7 3539
      7 3540
      6 3541
     11 3542
      6 3543
     11 3544
      6 3545
     12 3546
     10 3547
      6 3548
      6 3549
     11 3550
      8 3551
      7 3552
      7 3553
     18 3554
      9 3555
      6 3556
      7 3557
      9 3558
     10 3559
     11 3560
      9 3561
      7 3562
     11 3563
      6 3564
      8 3565
      2 3566
      4 3567
     12 3568
     10 3569
     10 3570
     14 3571
     11 3572
      7 3573
      6 3574
     15 3575
     10 3576
     11 3577
      5 3578
     12 3579
      8 3580
      9 3581
     11 3582
      8 3583
     10 3584
      8 3585
     13 3586
      7 3587
     10 3588
      9 3589
     12 3590
      6 3591
      9 3592
     10 3593
      9 3594
      7 3595
      7 3596
      5 3597
     13 3598
      2 3599
      4 3600
     12 3601
     10 3602
      7 3603
      9 3604
      7 3605
      3 3606
      9 3607
     12 3608
     10 3609
      6 3610
      7 3611
     10 3612
      3 3613
     12 3614
      5 3615
      9 3616
     12 3617
     11 3618
     10 3619
     11 3620
      8 3621
     15 3622
     13 3623
     15 3624
     13 3625
      7 3626
      9 3627
     10 3628
      9 3629
      7 3630
     12 3631
      3 3632
     10 3633
      7 3634
     11 3635
     10 3636
      8 3637
      8 3638
     10 3639
     16 3640
      7 3641
      5 3642
     14 3643
     10 3644
      4 3645
      5 3646
      6 3647
     16 3648
     11 3649
      7 3650
      8 3651
     15 3652
      9 3653
      9 3654
     10 3655
     12 3656
     16 3657
     14 3658
     10 3659
     11 3660
     17 3661
      6 3662
      9 3663
      6 3664
     13 3665
      8 3666
     12 3667
      7 3668
     12 3669
      8 3670
     13 3671
      7 3672
      8 3673
      7 3674
     11 3675
      8 3676
      9 3677
     10 3678
      9 3679
      8 3680
      9 3681
      7 3682
      7 3683
     13 3684
      7 3685
     11 3686
     11 3687
      4 3688
     14 3689
      7 3690
     12 3691
      6 3692
      9 3693
      6 3694
      6 3695
      7 3696
     10 3697
     12 3698
     10 3699
      6 3700
      5 3701
     12 3702
      9 3703
      9 3704
      6 3705
      8 3706
      6 3707
      8 3708
      8 3709
      9 3710
     11 3711
      5 3712
      2 3713
     10 3714
      6 3715
      9 3716
      5 3717
     11 3718
      8 3719
     12 3720
      7 3721
      6 3722
      6 3723
      4 3724
      8 3725
      7 3726
     13 3727
      6 3728
      9 3729
      9 3730
      5 3731
      7 3732
     10 3733
      6 3734
      6 3735
     13 3736
      8 3737
      8 3738
      6 3739
     13 3740
      2 3741
      9 3742
     10 3743
     10 3744
      9 3745
      6 3746
     11 3747
      6 3748
      6 3749
      8 3750
     11 3751
      7 3752
      5 3753
      7 3754
      5 3755
     10 3756
      7 3757
     10 3758
      5 3759
      8 3760
     10 3761
      8 3762
     10 3763
      8 3764
      4 3765
      9 3766
      4 3767
     11 3768
      8 3769
      7 3770
      6 3771
      7 3772
      2 3773
      8 3774
      6 3775
      4 3776
     11 3777
      7 3778
      9 3779
     13 3780
     11 3781
      5 3782
     11 3783
      4 3784
      7 3785
      9 3786
     13 3787
      9 3788
      3 3789
      7 3790
     13 3791
      9 3792
      8 3793
     11 3794
     10 3795
     11 3796
     12 3797
      3 3798
     15 3799
      7 3800
      6 3801
      9 3802
      8 3803
      7 3804
      7 3805
     10 3806
      4 3807
     14 3808
     10 3809
     11 3810
      5 3811
      7 3812
      6 3813
      7 3814
      8 3815
     13 3816
     10 3817
     16 3818
      6 3819
     14 3820
     11 3821
      9 3822
      9 3823
      8 3824
      8 3825
     11 3826
      6 3827
      9 3828
     11 3829
      7 3830
      6 3831
     14 3832
     13 3833
     12 3834
      7 3835
      8 3836
     12 3837
     11 3838
      4 3839
      7 3840
     11 3841
      5 3842
     12 3843
     11 3844
      7 3845
      6 3846
      6 3847
      7 3848
      6 3849
     14 3850
     12 3851
     11 3852
      7 3853
      4 3854
     11 3855
     10 3856
     10 3857
     11 3858
      9 3859
     10 3860
     10 3861
      9 3862
      9 3863
      6 3864
      7 3865
      4 3866
     11 3867
     11 3868
      5 3869
     11 3870
      3 3871
      8 3872
     12 3873
      2 3874
     14 3875
      8 3876
      5 3877
      8 3878
     11 3879
     14 3880
      7 3881
      4 3882
     11 3883
      7 3884
      9 3885
      9 3886
      5 3887
      9 3888
      7 3889
      8 3890
     12 3891
      3 3892
      7 3893
     12 3894
      9 3895
      9 3896
      5 3897
      7 3898
      8 3899
      5 3900
      7 3901
     10 3902
      9 3903
      4 3904
      8 3905
     13 3906
      8 3907
      8 3908
      8 3909
      8 3910
      9 3911
     10 3912
      8 3913
      5 3914
     11 3915
      9 3916
      8 3917
      8 3918
      9 3919
      4 3920
      9 3921
      8 3922
      7 3923
     11 3924
     10 3925
      7 3926
      8 3927
      7 3928
      5 3929
     13 3930
      6 3931
      5 3932
     15 3933
     14 3934
      6 3935
     12 3936
      8 3937
      8 3938
     12 3939
     13 3940
      9 3941
      9 3942
      7 3943
     13 3944
     11 3945
      7 3946
      7 3947
      6 3948
      6 3949
      8 3950
      8 3951
      8 3952
     10 3953
      7 3954
      7 3955
      6 3956
      8 3957
      6 3958
      5 3959
      7 3960
     12 3961
      7 3962
      5 3963
      5 3964
      6 3965
     11 3966
      7 3967
      5 3968
      7 3969
      3 3970
      8 3971
      5 3972
      4 3973
      8 3974
      9 3975
      5 3976
      5 3977
      6 3978
      4 3979
      8 3980
      9 3981
      7 3982
      8 3983
      6 3984
      9 3985
      9 3986
      5 3987
     10 3988
      6 3989
     12 3990
      6 3991
      9 3992
     11 3993
      6 3994
      4 3995
     11 3996
      6 3997
     13 3998
      9 3999
      5 4000
      6 4001
      9 4002
      6 4003
      8 4004
     12 4005
      4 4006
      2 4007
     11 4008
      8 4009
      6 4010
      5 4011
     11 4012
     13 4013
      8 4014
      7 4015
      7 4016
     15 4017
      9 4018
     13 4019
      5 4020
      9 4021
      6 4022
     10 4023
      3 4024
      7 4025
      3 4026
      5 4027
      9 4028
      8 4029
      8 4030
      4 4031
      6 4032
      6 4033
      8 4034
      7 4035
     10 4036
      9 4037
      6 4038
     12 4039
      8 4040
      9 4041
      8 4042
      5 4043
      8 4044
      7 4045
     10 4046
      8 4047
     10 4048
     12 4049
      4 4050
     11 4051
      3 4052
      6 4053
      3 4054
     12 4055
      8 4056
      5 4057
     10 4058
      6 4059
      5 4060
      2 4061
      4 4062
      8 4063
      6 4064
     10 4065
      7 4066
      4 4067
      9 4068
      3 4069
      4 4070
     10 4071
     12 4072
      6 4073
      8 4074
      8 4075
     12 4076
     12 4077
      8 4078
      2 4079
      6 4080
      5 4081
     12 4082
      1 4083
      8 4084
      6 4085
      6 4086
     10 4087
      9 4088
      9 4089
      7 4090
      8 4091
      8 4092
      8 4093
      7 4094
      6 4095
      6 4096
      4 4097
      9 4098
      9 4099
      3 4100
     10 4101
      7 4102
      5 4103
      6 4104
     14 4105
      2 4106
     11 4107
      3 4108
      8 4109
      1 4110
      7 4111
     10 4112
      7 4113
      7 4114
      5 4115
      4 4116
      5 4117
     10 4118
      5 4119
     10 4120
      7 4121
      3 4122
      8 4123
      3 4124
      7 4125
      5 4126
     10 4127
      7 4128
      5 4129
      9 4130
      6 4131
      9 4132
      3 4133
      7 4134
      6 4135
      3 4136
      7 4137
      8 4138
      5 4139
      6 4140
      4 4141
      5 4142
      6 4143
      5 4144
     13 4145
      4 4146
      7 4147
      6 4148
      7 4149
      4 4150
      4 4151
     11 4152
      5 4153
      7 4154
      9 4155
     12 4156
     10 4157
      6 4158
     10 4159
      8 4160
     10 4161
      5 4162
      5 4163
     13 4164
      9 4165
      5 4166
      2 4167
      8 4168
      8 4169
      8 4170
      6 4171
      8 4172
      9 4173
      3 4174
      4 4175
      8 4176
      6 4177
     11 4178
      3 4179
      8 4180
      5 4181
      9 4182
      5 4183
      4 4184
      3 4185
      6 4186
     14 4187
      4 4188
     10 4189
      7 4190
      5 4191
      7 4192
      9 4193
      9 4194
      6 4195
      8 4196
      8 4197
      9 4198
      4 4199
      6 4200
      4 4201
      7 4202
      4 4203
      5 4204
      9 4205
      9 4206
      3 4207
      6 4208
      4 4209
      7 4210
      4 4211
      3 4212
      5 4213
      8 4214
      7 4215
      7 4216
      4 4218
      4 4219
     10 4220
     10 4221
      6 4222
      6 4223
      7 4224
      6 4225
      8 4226
      9 4227
      7 4228
     10 4229
     11 4230
      9 4231
      8 4232
      4 4233
      7 4234
      8 4235
      5 4236
      7 4237
      7 4238
      8 4239
     13 4240
      6 4241
      4 4242
      6 4243
     10 4244
      5 4245
      4 4246
      6 4247
      4 4248
     10 4249
      8 4250
      8 4251
      8 4252
      5 4253
      5 4254
      4 4255
      9 4256
      3 4257
      6 4258
      5 4259
      9 4260
      5 4261
      3 4262
      4 4263
      4 4264
      9 4265
      5 4266
      5 4267
      7 4268
      9 4269
      5 4270
      5 4271
      8 4272
      7 4273
      2 4274
     12 4275
     15 4276
      7 4277
      9 4278
      5 4279
      5 4280
      4 4281
      8 4282
      6 4283
      6 4284
     10 4285
      5 4286
      5 4287
     10 4288
     13 4289
      2 4290
     10 4291
      6 4292
      8 4293
     12 4294
     11 4295
      9 4296
      5 4297
      9 4298
     11 4299
      8 4300
     16 4301
      6 4302
      4 4303
      6 4304
      7 4305
      5 4306
     10 4307
      5 4308
      6 4309
     10 4310
      7 4311
     11 4312
      3 4313
      8 4314
      7 4315
      5 4316
      4 4317
      4 4318
      6 4319
     11 4320
      6 4321
      8 4322
     13 4323
     10 4324
     10 4325
      4 4326
      9 4327
     13 4328
      5 4329
      6 4330
      5 4331
      4 4332
      3 4333
      4 4334
     15 4335
      7 4336
     10 4337
      8 4338
      6 4339
      6 4340
      4 4341
      8 4342
      6 4343
      7 4344
      7 4345
      6 4346
      8 4347
      6 4348
      3 4349
     10 4350
      5 4351
      3 4352
      4 4353
      6 4354
      7 4355
      7 4356
      3 4357
      7 4358
      5 4359
      5 4360
      6 4361
      5 4362
     11 4363
      5 4364
      6 4365
      4 4366
      5 4367
      8 4368
      5 4369
      7 4370
      5 4371
      4 4372
      8 4373
      8 4374
      3 4375
      6 4376
      3 4377
      4 4378
      6 4379
      6 4380
      4 4381
      8 4382
      4 4383
      6 4384
      7 4385
      3 4386
      6 4387
      5 4388
      5 4389
      4 4390
      2 4391
      8 4392
      6 4393
      5 4394
      3 4395
      4 4396
      5 4397
      5 4398
      7 4399
     10 4400
      3 4401
      2 4402
      3 4403
      5 4404
      3 4405
      4 4406
      7 4407
      6 4408
      4 4409
      6 4410
      4 4411
      8 4412
      2 4413
      6 4414
      7 4415
      2 4416
      4 4417
      7 4418
      7 4419
      4 4420
      6 4421
      8 4422
      7 4423
      3 4424
      4 4425
      7 4427
      3 4428
      5 4429
      2 4430
      6 4431
      3 4432
      6 4433
      3 4434
      2 4435
      3 4436
      5 4437
      3 4438
     10 4439
     11 4440
      8 4441
      6 4442
      6 4443
      3 4444
      6 4445
      6 4446
      4 4447
      4 4448
      8 4449
      4 4450
      3 4451
     11 4452
      3 4453
      3 4454
      6 4455
      6 4456
     10 4457
      3 4458
      6 4459
      6 4460
      7 4461
      8 4462
      4 4463
      3 4464
      4 4465
     10 4466
      7 4467
     11 4468
      6 4469
      6 4470
      6 4471
      1 4472
      5 4473
      7 4474
      5 4475
      4 4476
      4 4477
      3 4478
      7 4479
      5 4480
      4 4481
      7 4482
      1 4483
      3 4484
      3 4485
      8 4486
      8 4487
      7 4488
      5 4489
      7 4490
      5 4491
      8 4492
      8 4493
      3 4494
     12 4495
      3 4496
      7 4497
      5 4498
      6 4499
      5 4500
      8 4501
      4 4502
     11 4503
      1 4504
      9 4505
      7 4506
      4 4507
      5 4508
      6 4509
      4 4510
      6 4511
      5 4512
      5 4513
      7 4514
      3 4515
      6 4516
      9 4517
      4 4518
      4 4519
      4 4520
      6 4521
     10 4522
      3 4523
      3 4524
      5 4525
      2 4526
      4 4527
      6 4528
      3 4529
      7 4531
      7 4532
      4 4533
      5 4534
      7 4535
      1 4536
      5 4537
      6 4538
      8 4539
      5 4540
      7 4541
      6 4542
      3 4543
      9 4544
      2 4545
      1 4546
      2 4547
      3 4548
      7 4549
      4 4550
      2 4551
      7 4552
      5 4553
      2 4554
      3 4555
      7 4556
      4 4557
      1 4558
      3 4559
      5 4560
      8 4561
      2 4562
      2 4563
      6 4564
      3 4565
      3 4566
      4 4567
      3 4568
      2 4569
      3 4570
      5 4571
      4 4572
      1 4573
      7 4574
      2 4575
      5 4576
      5 4577
      2 4578
      4 4579
      5 4580
      3 4581
      3 4582
      6 4583
      4 4584
      4 4585
      4 4586
      4 4587
      2 4588
      2 4589
      9 4590
      9 4591
      6 4592
      5 4593
      7 4594
      2 4595
      5 4596
      7 4597
      2 4598
      3 4599
      1 4600
      6 4601
      5 4602
      5 4603
      5 4604
      6 4605
      7 4606
      4 4607
      2 4608
      3 4609
      5 4610
      6 4611
      5 4612
      4 4613
      7 4614
      2 4616
      2 4617
      4 4618
      2 4619
      3 4621
      6 4622
      2 4623
      3 4624
      4 4625
      3 4627
      7 4628
      1 4629
      4 4630
      1 4631
      2 4632
      7 4633
      7 4634
      3 4635
      5 4636
      5 4637
      3 4638
      3 4639
      2 4640
      1 4641
      2 4642
      4 4643
      3 4644
      5 4645
      2 4646
      4 4647
      3 4648
      5 4649
      4 4650
      9 4651
      6 4652
      4 4653
      8 4654
      5 4655
      6 4656
      3 4657
      5 4658
      2 4659
      5 4660
      3 4661
      7 4662
      3 4663
      3 4664
      4 4665
      5 4666
      7 4667
      5 4668
      3 4669
      3 4670
      4 4671
      4 4672
      1 4673
      4 4674
      3 4675
      3 4676
      1 4677
      2 4678
      4 4679
      3 4680
      1 4681
      2 4682
      2 4683
      6 4684
      5 4685
      3 4686
      6 4687
      6 4688
      3 4689
      1 4690
      5 4691
      3 4692
      6 4693
      5 4694
      2 4695
      3 4696
      1 4697
      5 4698
      5 4699
      1 4700
      5 4701
      4 4702
      6 4704
      3 4705
      2 4706
      5 4707
      3 4708
      3 4709
      7 4710
      3 4711
      6 4712
      7 4713
      7 4714
      4 4715
      4 4716
      7 4717
      4 4718
      8 4719
      5 4720
      3 4721
      7 4722
      5 4723
      2 4724
      2 4725
      2 4726
      4 4727
      3 4728
      3 4729
      3 4730
      2 4731
      1 4732
      4 4733
      1 4734
      7 4735
      3 4737
      8 4738
      5 4739
      6 4740
      6 4741
      3 4742
      5 4743
      1 4744
      4 4745
      2 4746
      3 4747
      4 4748
      3 4749
      3 4750
      2 4751
      2 4752
      2 4753
      5 4754
      2 4755
      2 4756
      3 4757
      2 4758
      2 4759
      3 4760
      3 4761
      1 4762
      5 4763
      6 4764
      3 4765
      6 4766
      4 4767
      2 4768
      7 4770
      2 4771
      4 4772
      3 4773
      3 4774
      2 4775
      4 4776
      8 4777
      5 4778
      5 4779
      3 4780
      5 4781
      4 4782
      8 4783
      4 4784
      5 4785
      1 4786
      2 4787
      2 4788
      1 4789
      6 4790
      2 4791
      4 4792
      4 4793
      1 4794
      5 4795
      5 4796
      3 4797
      2 4798
      5 4799
      4 4800
      1 4801
      4 4802
      1 4803
      5 4804
      3 4805
      5 4806
      5 4807
      7 4808
      5 4809
      6 4810
      4 4811
      5 4812
      4 4813
      5 4814
      5 4815
      6 4816
      7 4817
      7 4818
      3 4819
      1 4820
      5 4821
      4 4822
      5 4823
      4 4824
      4 4825
      4 4826
     10 4827
      4 4828
      9 4829
      5 4830
      3 4831
      3 4832
      2 4833
      6 4834
      9 4835
      6 4836
      6 4837
      7 4838
      2 4839
      2 4840
      8 4841
      3 4842
      6 4843
      5 4844
      6 4845
      3 4846
      3 4847
      3 4848
      6 4849
      6 4850
      8 4851
      3 4852
      3 4853
      2 4854
      3 4855
      4 4856
      6 4857
      2 4858
      3 4859
      5 4860
      4 4861
      8 4862
      3 4863
      3 4864
      6 4865
      4 4866
      1 4867
      4 4868
      3 4869
      4 4871
      4 4872
      6 4873
      3 4874
      3 4875
      7 4876
      3 4877
      4 4878
      4 4879
      6 4881
      6 4882
      8 4883
      5 4884
      4 4885
      5 4886
      6 4887
      3 4888
      4 4889
      3 4890
      2 4892
      3 4893
      2 4894
      4 4895
      1 4896
      1 4897
      3 4898
      5 4899
      4 4900
      2 4901
      7 4902
      2 4903
      4 4905
      8 4906
      1 4907
      7 4908
      2 4909
      5 4910
      2 4911
      3 4912
      7 4913
      3 4914
      7 4915
      6 4916
      2 4917
      3 4918
     11 4919
      2 4920
      9 4921
      5 4922
      2 4923
      2 4924
      5 4925
      4 4926
      5 4927
      4 4928
      3 4929
      3 4930
      4 4931
      4 4932
      6 4933
      3 4934
      5 4935
      5 4936
      4 4937
      2 4938
      3 4939
      1 4940
      5 4941
      2 4942
      3 4944
      3 4945
      8 4946
      7 4947
      6 4948
      5 4949
      2 4950
      3 4951
      7 4952
      2 4953
      2 4954
      4 4955
      3 4956
      4 4957
      9 4958
      3 4959
      3 4961
      4 4962
      5 4963
      4 4964
      2 4965
      6 4966
      2 4967
      3 4968
      3 4969
      4 4970
      2 4971
      3 4972
      5 4973
      1 4974
      4 4976
      5 4977
      6 4978
      3 4979
      3 4981
      6 4982
      3 4983
      8 4984
      7 4985
      4 4986
      1 4987
      1 4988
      5 4989
      5 4990
      4 4991
      1 4992
      1 4993
      1 4994
      6 4995
      3 4996
      2 4997
      4 4998
      2 4999
      6 5000
      1 5001
      2 5002
      1 5003
      2 5004
      3 5005
      7 5006
      1 5007
      3 5008
      5 5009
      1 5010
      5 5011
      4 5012
      4 5013
      4 5014
      5 5015
      4 5016
      2 5017
      2 5019
      2 5020
      1 5021
      1 5022
      2 5023
      3 5024
      4 5025
      4 5026
      4 5027
      3 5028
      2 5029
      2 5030
      1 5031
      3 5032
      1 5033
      6 5034
      3 5035
      4 5036
      4 5037
      1 5038
      4 5039
      2 5040
      3 5041
      5 5042
      3 5043
      3 5044
      6 5045
      8 5046
      2 5047
      4 5048
      2 5049
      3 5050
      3 5051
      3 5052
      2 5053
      5 5054
      2 5055
      2 5056
      2 5057
      5 5058
      3 5059
      4 5061
      3 5062
      3 5063
      3 5065
      3 5066
      3 5067
      1 5068
      3 5069
      2 5070
      5 5071
      3 5072
      5 5073
      4 5074
      1 5075
      1 5076
      3 5077
      2 5078
      4 5079
      2 5080
      2 5081
      4 5082
      3 5083
      4 5084
      2 5085
      1 5086
      1 5087
      6 5089
      4 5090
      5 5091
      4 5092
      2 5093
      4 5094
      1 5095
      2 5096
      2 5097
      4 5098
      2 5099
      1 5100
      2 5101
      4 5102
      6 5103
      2 5104
      3 5105
      2 5106
      4 5107
      8 5108
      4 5109
      4 5110
      3 5111
      3 5112
      1 5113
      1 5114
      3 5115
      1 5116
      1 5117
      1 5118
      3 5119
      2 5120
      2 5121
      2 5122
      2 5123
      4 5124
      4 5125
      1 5126
      4 5127
      1 5128
      3 5129
      4 5130
      2 5131
      1 5132
      1 5133
      5 5134
      2 5135
      2 5136
      3 5137
      3 5138
      2 5139
      2 5140
      6 5141
      3 5142
      2 5143
      3 5144
      3 5145
      2 5147
      3 5149
      9 5150
      2 5151
      1 5152
      3 5153
      4 5154
      2 5155
      6 5156
      3 5157
      3 5158
      6 5159
      5 5160
      4 5162
      4 5163
      6 5164
      3 5165
      2 5166
      3 5167
      4 5168
      6 5169
      2 5170
      2 5171
      1 5172
      3 5173
      2 5175
      3 5176
      2 5177
      3 5178
      5 5179
      3 5180
      3 5181
      3 5182
      3 5183
      1 5184
      3 5185
      5 5186
      5 5187
      5 5188
      1 5189
      4 5190
      1 5191
      2 5192
      4 5194
      7 5195
      2 5196
      2 5197
      1 5198
      1 5199
      5 5200
      3 5201
      3 5202
      5 5203
      2 5204
      1 5205
      3 5206
      3 5207
      4 5208
      5 5209
      2 5210
      4 5211
      3 5212
      1 5213
      1 5214
      2 5215
      4 5216
      1 5217
      1 5218
      2 5219
      1 5220
      1 5221
      3 5222
      2 5223
      3 5224
      1 5225
      1 5226
      3 5227
      1 5228
      1 5229
      3 5230
      1 5231
      2 5232
      1 5233
      4 5234
      2 5235
      5 5236
      3 5237
      3 5238
      2 5239
      1 5240
      2 5241
      2 5242
      1 5243
      4 5244
      4 5245
      3 5246
      3 5247
      3 5248
      3 5249
      2 5250
      2 5251
      1 5252
      4 5253
      1 5254
      3 5255
      2 5256
      7 5257
      1 5258
      3 5259
      3 5260
      4 5261
      1 5263
      1 5264
      2 5265
      2 5266
      2 5267
      2 5270
      3 5271
      3 5272
      3 5273
      2 5275
      1 5276
      2 5277
      1 5278
      4 5279
      4 5280
      4 5281
      3 5282
      2 5283
      5 5284
      3 5285
      2 5286
      2 5287
      3 5288
      3 5289
      4 5290
      3 5291
      2 5292
      1 5293
      1 5294
      3 5295
      1 5296
      2 5298
      1 5299
      2 5300
      2 5301
      3 5302
      2 5303
      2 5304
      1 5306
      3 5307
      5 5309
      2 5310
      2 5311
      1 5312
      2 5314
      2 5315
      1 5316
      4 5317
      2 5318
      7 5319
      1 5320
      1 5322
      2 5323
      1 5324
      2 5325
      2 5326
      3 5327
      6 5328
      2 5329
      3 5330
      3 5331
      1 5332
      2 5333
      5 5334
      1 5335
      1 5336
      4 5337
      1 5338
      2 5339
      2 5340
      3 5341
      1 5343
      4 5344
      3 5345
      7 5346
      1 5348
      1 5349
      3 5351
      2 5352
      6 5353
      3 5354
      1 5355
      3 5356
      1 5357
      1 5358
      3 5359
      5 5360
      2 5361
      5 5362
      1 5363
      4 5364
      1 5365
      3 5366
      4 5367
      2 5369
      3 5370
      4 5371
      2 5372
      2 5373
      4 5374
      3 5375
      3 5376
      1 5377
      3 5379
      2 5380
      3 5381
      1 5382
      1 5383
      4 5384
      3 5385
      4 5386
      1 5387
      6 5388
      4 5389
      1 5390
      5 5391
      2 5392
      4 5393
      1 5394
      3 5395
      3 5396
      3 5397
      4 5398
      6 5399
      2 5400
      7 5401
      5 5402
      2 5404
      1 5405
      4 5406
      6 5407
      4 5408
      2 5409
      5 5410
      2 5411
      1 5412
      1 5413
      4 5414
      3 5415
      2 5416
      3 5417
      4 5418
      5 5419
      4 5421
      3 5422
      3 5423
      1 5424
      3 5425
      5 5426
      5 5427
      4 5430
      2 5431
      4 5432
      1 5433
      3 5434
      3 5435
      2 5436
      1 5437
      5 5438
      3 5439
      3 5440
      4 5442
      2 5443
      2 5445
      1 5446
      4 5447
      4 5448
      2 5449
      4 5450
      2 5451
      2 5452
      3 5453
      2 5454
      1 5455
      3 5456
      2 5457
      4 5458
      1 5459
      3 5460
      2 5461
      4 5462
      3 5463
      2 5464
      5 5465
      5 5466
      2 5467
      3 5468
      4 5469
      2 5470
      4 5471
      7 5472
      2 5473
      5 5474
      2 5476
      1 5477
      2 5478
      1 5479
      2 5480
      1 5481
      1 5483
      3 5484
      3 5485
      5 5486
      1 5487
      1 5488
      3 5489
      2 5490
      2 5491
      2 5492
      4 5493
      3 5494
      3 5495
      1 5497
      5 5498
      4 5499
      3 5500
      4 5501
      4 5502
      1 5503
      1 5505
      5 5506
      5 5507
      3 5508
      4 5509
      2 5510
      2 5511
      3 5512
      6 5513
      2 5514
      7 5515
      2 5516
      5 5517
      1 5518
      3 5519
      3 5520
      3 5521
      3 5522
      1 5523
      2 5524
      1 5525
      4 5526
      3 5527
      2 5528
      1 5529
      2 5530
      2 5531
      1 5532
      1 5533
      3 5535
      2 5536
      1 5537
      3 5538
      3 5539
      1 5541
      4 5543
      1 5544
      1 5545
      1 5547
      1 5548
      3 5550
      4 5551
      4 5552
      1 5554
      3 5558
      1 5562
      2 5563
      2 5565
      3 5566
      1 5567
      4 5569
      1 5570
      1 5572
      2 5573
      2 5574
      2 5575
      2 5576
      1 5577
      1 5578
      2 5579
      2 5582
      2 5583
      2 5584
      3 5585
      4 5587
      1 5588
      1 5589
      1 5590
      3 5591
      1 5592
      1 5593
      1 5594
      2 5595
      2 5596
      2 5597
      1 5598
      3 5600
      2 5601
      1 5602
      1 5603
      2 5604
      3 5605
      1 5606
      1 5608
      1 5609
      4 5610
      1 5611
      3 5612
      3 5613
      1 5614
      2 5615
      4 5618
      1 5621
      1 5623
      1 5624
      1 5625
      3 5626
      2 5627
      2 5628
      2 5629
      1 5630
      1 5631
      3 5632
      2 5633
      2 5634
      1 5639
      1 5640
      3 5641
      4 5642
      2 5643
      1 5644
      2 5645
      1 5646
      3 5647
      2 5648
      2 5649
      2 5650
      4 5651
      1 5652
      3 5653
      2 5654
      2 5655
      4 5656
      4 5657
      5 5658
      3 5659
      1 5660
      1 5661
      2 5662
      5 5664
      1 5665
      5 5667
      3 5668
      2 5669
      4 5670
      2 5672
      1 5673
      4 5674
      1 5675
      2 5676
      3 5677
      1 5680
      1 5681
      3 5682
      1 5683
      3 5684
      3 5685
      1 5686
      2 5687
      2 5689
      4 5690
      3 5691
      2 5692
      2 5694
      3 5695
      1 5696
      2 5697
      2 5699
      1 5700
      3 5702
      1 5703
      1 5705
      1 5706
      1 5708
      3 5710
      2 5712
      1 5713
      1 5714
      4 5715
      1 5716
      3 5717
      1 5718
      1 5720
      1 5722
      2 5723
      4 5724
      2 5725
      4 5726
      2 5727
      2 5728
      1 5729
      2 5730
      4 5731
      2 5732
      1 5733
      1 5734
      6 5735
      3 5736
      3 5737
      4 5738
      3 5739
      2 5742
      4 5743
      3 5744
      1 5745
      3 5746
      4 5747
      3 5748
      1 5749
      3 5750
      2 5752
      3 5753
      4 5754
      1 5755
      1 5756
      1 5757
      2 5758
      1 5759
      1 5760
      4 5762
      2 5763
      1 5764
      3 5765
      1 5766
      1 5767
      3 5768
      5 5769
      2 5771
      5 5773
      1 5774
      1 5775
      2 5776
      2 5777
      3 5778
      1 5779
      3 5780
      1 5781
      1 5783
      1 5785
      1 5787
      1 5788
      1 5789
      2 5791
      2 5793
      1 5794
      2 5795
      1 5796
      2 5797
      1 5798
      3 5800
      1 5801
      2 5803
      2 5804
      2 5805
      1 5807
      1 5808
      1 5809
      1 5812
      1 5813
      1 5814
      1 5815
      1 5816
      2 5817
      2 5818
      2 5819
      2 5820
      2 5821
      2 5824
      2 5825
      1 5827
      1 5828
      1 5829
      2 5830
      2 5831
      4 5832
      2 5833
      1 5834
      2 5835
      1 5837
      1 5840
      1 5841
      1 5843
      1 5845
      3 5846
      3 5847
      4 5848
      1 5852
      1 5853
      1 5855
      1 5856
      1 5859
      1 5860
      2 5861
      2 5862
      1 5863
      1 5864
      1 5865
      3 5868
      2 5869
      1 5870
      1 5871
      1 5872
      1 5874
      1 5875
      2 5877
      1 5878
      2 5879
      1 5880
      3 5881
      1 5882
      2 5883
      3 5884
      1 5885
      1 5887
      3 5889
      2 5891
      1 5892
      1 5893
      2 5894
      3 5895
      3 5896
      1 5897
      2 5900
      1 5901
      3 5902
      1 5903
      2 5905
      1 5906
      1 5907
      1 5908
      1 5909
      1 5910
      2 5912
      2 5914
      1 5915
      2 5917
      1 5918
      1 5920
      2 5921
      1 5922
      3 5923
      2 5924
      2 5925
      1 5926
      2 5927
      1 5928
      2 5929
      2 5931
      2 5932
      2 5933
      1 5934
      2 5935
      1 5936
      1 5937
      1 5939
      1 5940
      1 5941
      3 5943
      1 5944
      2 5945
      1 5946
      1 5949
      1 5950
      2 5951
      1 5953
      2 5954
      3 5955
      1 5956
      1 5957
      1 5958
      2 5959
      2 5960
      3 5961
      1 5963
      1 5964
      6 5965
      1 5968
      3 5969
      3 5970
      1 5971
      2 5972
      1 5973
      2 5974
      1 5975
      1 5976
      2 5977
      3 5978
      1 5979
      2 5980
      3 5981
      1 5982
      1 5984
      3 5986
      2 5987
      2 5988
      1 5989
      1 5990
      1 5991
      3 5992
      1 5993
      3 5994
      1 5995
      5 5996
      3 5997
      3 5998
      1 5999
      1 6000
      3 6001
      2 6003
      3 6004
      1 6005
      1 6006
      3 6007
      2 6009
      2 6010
      3 6011
      3 6012
      4 6013
      3 6014
      1 6015
      1 6016
      2 6017
      1 6019
      3 6020
      2 6021
      2 6023
      5 6025
      1 6026
      4 6028
      2 6029
      1 6030
      1 6031
      4 6033
      2 6034
      3 6036
      3 6037
      1 6038
      3 6039
      1 6040
      3 6041
      1 6042
      2 6044
      1 6045
      2 6046
      2 6047
      1 6048
      3 6049
      2 6050
      1 6051
      1 6054
      2 6055
      5 6056
      3 6057
      3 6059
      4 6060
      2 6061
      5 6064
      2 6065
      5 6067
      3 6068
      1 6069
      3 6070
      2 6071
      3 6072
      2 6073
      3 6074
      1 6076
      3 6077
      2 6078
      1 6079
      2 6080
      1 6081
      1 6083
      1 6084
      2 6085
      2 6087
      1 6088
      2 6091
      3 6092
      3 6093
      5 6096
      2 6097
      5 6098
      2 6099
      2 6100
      1 6101
      1 6103
      2 6106
      4 6107
      3 6109
      1 6110
      2 6111
      3 6112
      2 6113
      1 6116
      2 6117
      2 6118
      1 6119
      3 6120
      3 6121
      2 6122
      1 6123
      2 6124
      3 6125
      2 6126
      1 6128
      1 6130
      1 6134
      5 6135
      1 6136
      2 6137
      1 6138
      1 6139
      6 6140
      2 6141
      1 6142
      1 6143
      2 6144
      2 6145
      3 6147
      3 6148
      1 6149
      1 6150
      1 6151
      4 6152
      1 6153
      2 6155
      2 6156
      2 6160
      1 6161
      3 6162
      2 6163
      2 6164
      2 6165
      1 6166
      1 6167
      2 6168
      2 6170
      1 6171
      2 6172
      2 6173
      3 6174
      6 6175
      2 6176
      1 6179
      2 6180
      1 6181
      1 6183
      2 6184
      1 6186
      1 6187
      2 6188
      1 6190
      2 6192
      2 6193
      1 6194
      3 6195
      4 6196
      2 6197
      2 6198
      1 6199
      3 6200
      2 6203
      1 6204
      1 6205
      1 6206
      2 6208
      2 6209
      3 6210
      1 6212
      1 6214
      2 6215
      1 6216
      3 6217
      2 6218
      1 6219
      2 6220
      2 6221
      2 6222
      2 6223
      1 6225
      3 6226
      3 6227
      3 6230
      3 6231
      2 6232
      3 6233
      2 6234
      1 6236
      1 6237
      2 6239
      1 6240
      1 6241
      2 6242
      2 6243
      2 6244
      4 6245
      3 6247
      2 6248
      1 6249
      1 6250
      1 6252
      1 6255
      4 6256
      3 6257
      1 6259
      1 6261
      1 6262
      2 6263
      2 6264
      1 6266
      2 6267
      1 6268
      2 6269
      2 6270
      2 6271
      3 6272
      3 6273
      2 6274
      3 6275
      4 6276
      3 6277
      1 6278
      1 6279
      1 6280
      5 6284
      1 6285
      2 6286
      3 6287
      1 6288
      4 6289
      3 6290
      4 6293
      2 6294
      2 6295
      4 6296
      4 6297
      3 6298
      2 6299
      3 6300
      3 6301
      1 6302
      2 6303
      3 6304
      1 6305
      1 6308
      4 6310
      2 6311
      3 6312
      2 6314
      1 6315
      2 6317
      1 6318
      4 6319
      1 6320
      3 6321
      1 6322
      2 6323
      3 6324
      2 6325
      3 6326
      1 6327
      3 6328
      6 6329
      1 6331
      1 6332
      1 6333
      2 6334
      2 6335
      2 6336
      1 6338
      1 6339
      1 6340
      1 6341
      2 6342
      1 6343
      4 6344
      2 6345
      2 6346
      1 6347
      2 6348
      6 6349
      6 6350
      4 6351
      3 6352
      3 6353
      4 6354
     12 6356
      3 6357
      1 6358
      2 6359
      2 6360
      6 6361
      2 6362
      2 6363
      4 6364
      1 6366
      4 6367
      3 6368
      1 6369
      3 6370
      1 6371
      5 6372
      1 6373
      1 6374
      2 6375
      1 6376
      3 6377
      1 6378
      1 6379
      2 6380
      3 6381
      5 6382
      2 6383
      1 6384
      3 6385
      4 6386
      2 6387
      1 6388
      1 6389
      3 6390
      3 6391
      4 6392
      2 6393
      2 6394
      4 6396
      2 6397
      2 6398
      3 6399
      2 6400
      2 6401
      3 6402
      2 6403
      2 6404
      3 6405
      4 6406
      3 6411
      1 6412
      3 6413
      1 6414
      3 6415
      6 6416
      2 6417
      1 6418
      1 6419
      3 6420
      2 6421
      1 6422
      3 6423
      3 6424
      3 6425
      1 6426
      3 6427
      3 6428
      2 6430
      3 6431
      3 6432
      2 6433
      2 6434
      3 6435
      2 6438
      3 6439
      3 6440
      1 6441
      1 6442
      1 6443
      2 6444
      3 6445
      3 6446
      1 6447
      2 6448
      2 6451
      1 6452
      4 6453
      1 6455
      2 6456
      3 6457
      4 6458
      5 6459
      3 6460
      1 6462
      2 6463
      2 6464
      1 6465
      2 6467
      2 6468
      2 6470
      2 6471
      2 6472
      2 6473
      2 6474
      6 6475
      2 6477
      4 6478
      2 6479
      1 6483
      2 6484
      2 6485
      1 6487
      2 6488
      1 6490
      2 6493
      1 6494
      1 6495
      1 6496
      2 6497
      3 6498
      2 6499
      3 6500
      1 6501
      2 6503
      2 6506
      2 6507
      1 6508
      2 6509
      1 6510
      2 6511
      3 6512
      1 6514
      1 6515
      1 6516
      2 6517
      4 6518
      2 6519
      3 6520
      1 6521
      3 6522
      2 6525
      2 6528
      2 6529
      1 6530
      3 6531
      1 6532
      2 6533
      3 6534
      3 6535
      1 6536
      2 6537
      3 6538
      1 6539
      1 6540
      1 6541
      1 6543
      1 6545
      1 6546
      2 6549
      1 6550
      3 6553
      1 6554
      1 6556
      1 6557
      1 6558
      2 6559
      3 6560
      1 6561
      2 6562
      2 6564
      1 6567
      2 6568
      2 6570
      2 6571
      1 6572
      2 6573
      2 6575
      1 6576
      2 6578
      3 6580
      1 6581
      1 6582
      1 6584
      1 6586
      1 6587
      3 6589
      1 6590
      1 6591
      1 6592
      1 6593
      1 6594
      3 6595
      2 6596
      1 6597
      2 6598
      3 6601
      1 6602
      1 6603
      1 6604
      2 6606
      1 6608
      1 6609
      1 6610
      1 6611
      3 6613
      2 6615
      3 6616
      2 6617
      1 6618
      4 6620
      2 6621
      1 6623
      1 6624
      1 6625
      2 6626
      1 6627
      3 6628
      4 6630
      1 6631
      3 6632
      2 6633
      1 6635
      4 6636
      3 6638
      2 6639
      4 6640
      7 6641
      1 6642
      1 6643
      1 6644
      1 6645
      1 6646
      1 6648
      5 6650
      2 6652
      3 6653
      1 6654
      3 6655
      1 6656
      1 6657
      1 6660
      1 6661
      1 6662
      1 6663
      1 6664
      2 6666
      1 6667
      2 6670
      1 6671
      1 6672
      3 6673
      1 6675
      1 6677
      4 6678
      2 6679
      1 6680
      4 6681
      2 6683
      2 6684
      2 6686
      1 6687
      1 6689
      1 6691
      1 6692
      3 6695
      1 6700
      1 6701
      1 6702
      2 6704
      2 6705
      1 6706
      1 6707
      2 6708
      1 6709
      1 6710
      2 6711
      1 6712
      1 6715
      3 6716
      1 6718
      2 6719
      1 6722
      4 6724
      1 6725
      1 6726
      2 6727
      1 6729
      2 6730
      1 6731
      3 6732
      1 6733
      1 6734
      1 6736
      1 6737
      2 6738
      1 6739
      1 6740
      2 6743
      2 6745
      1 6746
      2 6748
      1 6749
      1 6750
      1 6752
      1 6753
      1 6754
      2 6756
      2 6758
      2 6759
      2 6760
      2 6761
      2 6762
      1 6763
      4 6767
      1 6769
      1 6770
      1 6772
      1 6774
      1 6776
      3 6780
      2 6782
      1 6783
      2 6784
      3 6785
      1 6786
      2 6787
      2 6788
      2 6789
      2 6790
      1 6791
      3 6792
      1 6793
      2 6794
      2 6796
      3 6797
      3 6798
      2 6799
      3 6800
      2 6801
      2 6802
      5 6803
      1 6804
      2 6805
      3 6806
      4 6809
      1 6810
      1 6812
      5 6813
      2 6814
      2 6815
      2 6817
      2 6818
      2 6819
      1 6820
      2 6822
      2 6823
      1 6824
      1 6825
      1 6826
      2 6827
      2 6828
      2 6831
      3 6833
      1 6835
      1 6838
      1 6839
      1 6840
      1 6841
      2 6843
      2 6845
      1 6847
      2 6848
      2 6849
      1 6851
      1 6853
      2 6855
      3 6856
      1 6857
      1 6858
      1 6860
      1 6863
      2 6864
      3 6868
      3 6871
      1 6873
      2 6874
      1 6875
      2 6876
      1 6878
      1 6879
      1 6881
      3 6882
      1 6883
      1 6884
      2 6885
      1 6889
      1 6890
      2 6891
      1 6895
      1 6896
      1 6897
      1 6898
      1 6900
      1 6902
      1 6903
      2 6907
      2 6908
      1 6910
      1 6914
      3 6917
      1 6918
      1 6919
      3 6921
      1 6922
      1 6923
      1 6925
      1 6926
      1 6927
      2 6928
      1 6934
      1 6935
      1 6937
      1 6939
      1 6940
      2 6941
      1 6945
      1 6946
      1 6948
      1 6949
      1 6950
      1 6953
      1 6960
      1 6962
      2 6963
      2 6964
      1 6965
      2 6967
      1 6970
      1 6973
      1 6975
      3 6978
      1 6979
      1 6980
      2 6981
      1 6982
      1 6984
      1 6985
      1 6986
      2 6988
      2 6990
      1 6991
      1 6993
      1 6996
      1 6998
      2 6999
      1 7000
      1 7001
      1 7007
      1 7008
      2 7009
      2 7011
      1 7013
      2 7015
      1 7017
      1 7020
      2 7021
      3 7022
      1 7023
      1 7024
      1 7026
      2 7027
      4 7028
      1 7029
      1 7035
      1 7036
      1 7037
      1 7038
      4 7040
      3 7042
      1 7046
      2 7048
      1 7049
      1 7050
      3 7051
      3 7053
      1 7054
      2 7057
      1 7059
      2 7060
      1 7062
      1 7064
      1 7065
      2 7072
      2 7073
      1 7074
      1 7075
      1 7076
      1 7082
      3 7083
      1 7084
      1 7086
      4 7087
      1 7088
      1 7089
      1 7091
      1 7092
      1 7093
      2 7094
      4 7096
      1 7097
      3 7099
      3 7102
      1 7105
      3 7106
      3 7107
      2 7108
      1 7109
      1 7110
      4 7111
      4 7112
      3 7113
      2 7114
      4 7116
      4 7117
      1 7118
      3 7119
      1 7121
      1 7123
      1 7124
      2 7126
      1 7128
      2 7129
      1 7132
      2 7134
      1 7136
      1 7137
      1 7138
      1 7140
      1 7142
      1 7143
      3 7145
      1 7150
      2 7151
      1 7152
      2 7155
      3 7156
      1 7161
      1 7163
      2 7164
      4 7171
      1 7173
      1 7175
      1 7176
      2 7177
      1 7178
      2 7180
      2 7184
      1 7187
      1 7188
      1 7189
      3 7192
      2 7195
      1 7196
      1 7197
      1 7198
      3 7201
      3 7202
      2 7203
      1 7208
      1 7209
      2 7210
      1 7211
      1 7214
      2 7215
      1 7216
      2 7217
      1 7219
      1 7222
      1 7223
      1 7224
      2 7226
      2 7227
      1 7229
      2 7236
      1 7237
      2 7238
      1 7239
      2 7240
      4 7243
      1 7245
      2 7246
      1 7249
      2 7250
      2 7252
      1 7254
      1 7255
      1 7256
      1 7257
      1 7259
      1 7261
      1 7265
      2 7266
      4 7267
      1 7268
      1 7269
      1 7270
      3 7271
      1 7272
      2 7275
      1 7276
      2 7278
      1 7279
      1 7280
      2 7281
      1 7282
      3 7283
      3 7284
      1 7287
      1 7288
      1 7289
      1 7292
      2 7293
      1 7294
      2 7300
      2 7305
      3 7306
      2 7308
      1 7309
      1 7311
      2 7312
      2 7313
      1 7317
      3 7318
      2 7319
      1 7320
      3 7322
      2 7323
      2 7324
      1 7325
      1 7329
      1 7330
      3 7331
      1 7333
      1 7334
      1 7335
      1 7336
      1 7339
      1 7340
      1 7342
      3 7343
      1 7344
      2 7345
      1 7347
      4 7348
      2 7349
      1 7350
      2 7351
      3 7352
      6 7355
      2 7357
      1 7358
      2 7359
      3 7360
      1 7361
      1 7362
      2 7363
      2 7364
      2 7366
      1 7367
      1 7368
      1 7370
      1 7371
      1 7373
      1 7377
      2 7379
      1 7380
      1 7381
      2 7382
      1 7383
      3 7384
      1 7385
      3 7386
      1 7387
      3 7388
      1 7389
      1 7391
      2 7392
      2 7394
      2 7400
      3 7401
      3 7403
      1 7404
      3 7405
      4 7406
      1 7407
      1 7408
      4 7410
      3 7411
      1 7412
      2 7413
      2 7414
      2 7415
      1 7416
      3 7417
      2 7419
      2 7420
      2 7421
      1 7422
      2 7423
      1 7424
      2 7429
      2 7431
      2 7432
      1 7435
      3 7436
      1 7437
      1 7438
      2 7439
      1 7440
      2 7441
      4 7442
      1 7443
      2 7445
      1 7446
      2 7447
      1 7448
      3 7451
      1 7452
      2 7454
      2 7455
      4 7456
      2 7457
      2 7459
      1 7460
      2 7461
      2 7462
      1 7463
      1 7464
      1 7466
      1 7467
      1 7468
      1 7469
      3 7470
      1 7471
      2 7472
      1 7473
      1 7475
      1 7476
      1 7479
      1 7480
      2 7481
      1 7482
      3 7484
      2 7485
      2 7486
      1 7487
      2 7488
      1 7489
      1 7493
      1 7494
      1 7499
      4 7500
      2 7501
      1 7502
      2 7503
      1 7504
      1 7505
      2 7506
      2 7507
      2 7509
      1 7510
      1 7511
      3 7512
      1 7513
      1 7515
      2 7516
      2 7517
      2 7518
      2 7519
      4 7522
      2 7523
      3 7526
      2 7528
      1 7529
      2 7531
      1 7532
      2 7534
      1 7535
      2 7536
      3 7537
      3 7540
      1 7541
      1 7542
      1 7543
      2 7544
      1 7545
      1 7548
      1 7549
      3 7552
      1 7553
      2 7554
      2 7555
      2 7556
      2 7557
      1 7558
      1 7560
      1 7561
      1 7562
      2 7563
      4 7565
      1 7569
      1 7570
      1 7575
      1 7577
      2 7578
      1 7579
      1 7580
      1 7582
      1 7583
      2 7584
      1 7585
      2 7586
      2 7587
      1 7590
      1 7592
      1 7593
      1 7594
      1 7595
      1 7596
      4 7599
      1 7600
      2 7601
      3 7602
      1 7603
      1 7604
      1 7606
      1 7607
      1 7609
      1 7610
      3 7612
      1 7615
      1 7616
      3 7617
      1 7618
      1 7619
      2 7620
      3 7624
      1 7625
      1 7626
      2 7627
      1 7628
      1 7629
      1 7630
      2 7632
      1 7633
      3 7637
      2 7638
      1 7640
      1 7642
      2 7643
      1 7645
      3 7648
      2 7651
      1 7652
      1 7653
      2 7654
      2 7655
      2 7656
      2 7657
      2 7660
      1 7661
      1 7662
      2 7664
      1 7665
      1 7666
      1 7667
      1 7669
      2 7670
      1 7671
      2 7672
      1 7674
      1 7676
      3 7677
      1 7678
      2 7679
      2 7680
      1 7682
      1 7683
      3 7684
      1 7685
      1 7687
      1 7690
      3 7691
      5 7693
      2 7695
      1 7696
      1 7697
      1 7699
      1 7700
      1 7701
      1 7702
      1 7703
      5 7706
      1 7707
      1 7708
      4 7709
      2 7710
      2 7711
      1 7712
      2 7713
      2 7714
      3 7715
      1 7716
      1 7717
      1 7718
      1 7720
      2 7721
      1 7722
      2 7724
      2 7725
      1 7726
      1 7728
      3 7730
      1 7732
      3 7735
      2 7737
      2 7738
      2 7739
      3 7740
      1 7741
      2 7742
      1 7743
      1 7744
      3 7745
      1 7746
      3 7747
      2 7750
      5 7754
      3 7755
      2 7756
      2 7757
      1 7758
      1 7759
      2 7760
      3 7761
      3 7762
      1 7763
      3 7765
      1 7766
      2 7767
      1 7768
      1 7769
      2 7770
      2 7771
      1 7774
      4 7775
      6 7777
      3 7778
      3 7779
      1 7781
      2 7783
      4 7784
      3 7785
      1 7786
      1 7787
      1 7788
      4 7789
      2 7790
      2 7791
      1 7792
      2 7793
      1 7794
      1 7795
      1 7796
      3 7797
      2 7800
      1 7801
      1 7802
      2 7803
      1 7804
      1 7805
      3 7806
      2 7807
      1 7808
      5 7809
      3 7810
      2 7811
      3 7812
      1 7813
      4 7814
      1 7815
      2 7816
      2 7819
      2 7820
      2 7821
      4 7822
      3 7823
      3 7824
      1 7825
      1 7826
      1 7827
      6 7829
      3 7830
      5 7831
      3 7832
      3 7833
      1 7834
      1 7835
      1 7836
      2 7837
      2 7838
      1 7839
      2 7840
      2 7842
      2 7843
      2 7844
      4 7845
      2 7846
      3 7847
      3 7848
      2 7849
      5 7850
      4 7851
      2 7852
      2 7854
      2 7855
      4 7856
      2 7857
      1 7858
      3 7860
      4 7861
      1 7862
      5 7863
      3 7865
      3 7866
      4 7867
      4 7868
      5 7870
      2 7872
      4 7873
      1 7874
      3 7875
      4 7876
      6 7877
      2 7878
      1 7879
      3 7880
      4 7881
      5 7882
      3 7883
      7 7884
      7 7885
      1 7886
      2 7887
      2 7888
      8 7889
      5 7890
      5 7891
      4 7892
      7 7893
      6 7894
      5 7895
      5 7896
      2 7897
     10 7898
      7 7899
      6 7900
     10 7901
     12 7902
     14 7903
     10 7904
      4 7905
     13 7906
     21 7907
      9 7908
     10 7909
     10 7910
     15 7911
     11 7912
     12 7913
     12 7914
     27 7915
     15 7916
     17 7917
     21 7918
     18 7919
     13 7920
     18 7921
     14 7922
     19 7923
     19 7924
     21 7925
     18 7926
     14 7927
     14 7928
     14 7929
     16 7930
     13 7931
     14 7932
      9 7933
     10 7934
      9 7935
     11 7936
      8 7937
     14 7938
     13 7939
     14 7940
      6 7941
      5 7942
      6 7943
     10 7944
     10 7945
      8 7946
     11 7947
      5 7948
      7 7949
     10 7950
      4 7951
      4 7952
      7 7953
      5 7954
      5 7955
      2 7956
      1 7957
      3 7958
      6 7959
      5 7960
      4 7961
      3 7962
      5 7963
      5 7964
      5 7965
      3 7966
      7 7967
     13 7968
      3 7969
     10 7970
      5 7971
      5 7972
      9 7973
     12 7974
      6 7975
     12 7976
      2 7977
      3 7978
      6 7979
      9 7980
      6 7981
      8 7982
      6 7983
      8 7984
      4 7985
      3 7986
      8 7987
      3 7988
      8 7989
      6 7990
      5 7991
      3 7992
      7 7993
      5 7994
      6 7995
      3 7996
      2 7997
      3 7998
      2 7999
