 150137 0
12920891 1
29127214 2
61867477 3
113902053 4
180980963 5
251419156 6
309469784 7
341547889 8
342084972 9
313466981 10
265191331 11
208423356 12
153294883 13
106117094 14
69425531 15
43231125 16
25801791 17
14903022 18
8436610 19
4777359 20
2765698 21
1698846 22
1128629 23
 817867 24
 640062 25
 534507 26
 456470 27
 399414 28
 355282 29
 317631 30
 287440 31
 259178 32
 237045 33
 215899 34
 198131 35
 182580 36
 169033 37
 157717 38
 148174 39
 139139 40
 131377 41
 123387 42
 116201 43
 109198 44
 102484 45
  96045 46
  90945 47
  85847 48
  80653 49
  75599 50
  71928 51
  66335 52
  62457 53
  60009 54
  55909 55
  52244 56
  48972 57
  45570 58
  43556 59
  41181 60
  39203 61
  37307 62
  34928 63
  33557 64
  31308 65
  30323 66
  28940 67
  27712 68
  26868 69
  25963 70
  24766 71
  23851 72
  23216 73
  22824 74
  22174 75
  21488 76
  20949 77
  20293 78
  19710 79
  19483 80
  18724 81
  18225 82
  17873 83
  16950 84
  17052 85
  16697 86
  16405 87
  15884 88
  15453 89
  14702 90
  14600 91
  14180 92
  14230 93
  13781 94
  13452 95
  13055 96
  13157 97
  12334 98
  12154 99
  12218 100
  11954 101
  11920 102
  11676 103
  11385 104
  11340 105
  11189 106
  10636 107
  10605 108
  10222 109
  10077 110
   9890 111
   9852 112
   9640 113
   9661 114
   9049 115
   9060 116
   8922 117
   8771 118
   8605 119
   8441 120
   8360 121
   8279 122
   8215 123
   8075 124
   8022 125
   7760 126
   7789 127
   7761 128
   7447 129
   7662 130
   7427 131
   7399 132
   7273 133
   7079 134
   6903 135
   7072 136
   6728 137
   6577 138
   6440 139
   6385 140
   6341 141
   6347 142
   6295 143
   6174 144
   6338 145
   6280 146
   6158 147
   6157 148
   6096 149
   5880 150
   5983 151
   5958 152
   5868 153
   5853 154
   5704 155
   5564 156
   5450 157
   5424 158
   5355 159
   5249 160
   5154 161
   5135 162
   5068 163
   5162 164
   5081 165
   4973 166
   5089 167
   4951 168
   5013 169
   5004 170
   4732 171
   4735 172
   4650 173
   4696 174
   4568 175
   4550 176
   4506 177
   4419 178
   4336 179
   4427 180
   4264 181
   4437 182
   4210 183
   4173 184
   4115 185
   3988 186
   3968 187
   4107 188
   3941 189
   4012 190
   4079 191
   3921 192
   3885 193
   3859 194
   3845 195
   3910 196
   3923 197
   3857 198
   3949 199
   3749 200
   3638 201
   3613 202
   3577 203
   3630 204
   3564 205
   3640 206
   3500 207
   3473 208
   3497 209
   3353 210
   3389 211
   3309 212
   3351 213
   3411 214
   3240 215
   3268 216
   3427 217
   3308 218
   3276 219
   3224 220
   3192 221
   3229 222
   3163 223
   3212 224
   3143 225
   2987 226
   2991 227
   3033 228
   2906 229
   2941 230
   2878 231
   2928 232
   2864 233
   2735 234
   2856 235
   2708 236
   2795 237
   2891 238
   2761 239
   2698 240
   2661 241
   2685 242
   2727 243
   2630 244
   2636 245
   2559 246
   2548 247
   2601 248
   2539 249
   2555 250
   2505 251
   2476 252
   2503 253
   2410 254
   2495 255
   2390 256
   2394 257
   2285 258
   2380 259
   2336 260
   2402 261
   2346 262
   2338 263
   2261 264
   2327 265
   2368 266
   2317 267
   2324 268
   2180 269
   2258 270
   2243 271
   2207 272
   2319 273
   2195 274
   2208 275
   2148 276
   2203 277
   2182 278
   2216 279
   2115 280
   2196 281
   2165 282
   2203 283
   2117 284
   2111 285
   2231 286
   2143 287
   2029 288
   2152 289
   2127 290
   2194 291
   2115 292
   2135 293
   2065 294
   2101 295
   2119 296
   2189 297
   2122 298
   2083 299
   2108 300
   2026 301
   2068 302
   2090 303
   2047 304
   2029 305
   2026 306
   1940 307
   2024 308
   1994 309
   1968 310
   1894 311
   1904 312
   2006 313
   1949 314
   1970 315
   1930 316
   1961 317
   1869 318
   1912 319
   1873 320
   1859 321
   1858 322
   1894 323
   1865 324
   2006 325
   1884 326
   1886 327
   1949 328
   1832 329
   1921 330
   1816 331
   1967 332
   1833 333
   1837 334
   1867 335
   1907 336
   1937 337
   1852 338
   1920 339
   1882 340
   1778 341
   1760 342
   1877 343
   1831 344
   1795 345
   1758 346
   1783 347
   1780 348
   1751 349
   1787 350
   1812 351
   1782 352
   1869 353
   1795 354
   1837 355
   1890 356
   1775 357
   1767 358
   1775 359
   1799 360
   1752 361
   1796 362
   1793 363
   1778 364
   1707 365
   1840 366
   1732 367
   1733 368
   1772 369
   1777 370
   1724 371
   1773 372
   1718 373
   1725 374
   1758 375
   1760 376
   1753 377
   1713 378
   1763 379
   1841 380
   1689 381
   1747 382
   1721 383
   1813 384
   1746 385
   1748 386
   1764 387
   1787 388
   1834 389
   1684 390
   1576 391
   1717 392
   1694 393
   1716 394
   1732 395
   1776 396
   1783 397
   1698 398
   1697 399
   1602 400
   1599 401
   1614 402
   1552 403
   1663 404
   1611 405
   1527 406
   1580 407
   1590 408
   1603 409
   1531 410
   1505 411
   1672 412
   1577 413
   1638 414
   1552 415
   1559 416
   1573 417
   1609 418
   1592 419
   1627 420
   1583 421
   1538 422
   1508 423
   1549 424
   1547 425
   1545 426
   1629 427
   1583 428
   1549 429
   1553 430
   1525 431
   1563 432
   1540 433
   1552 434
   1505 435
   1508 436
   1474 437
   1505 438
   1513 439
   1494 440
   1574 441
   1523 442
   1490 443
   1529 444
   1495 445
   1605 446
   1611 447
   1495 448
   1566 449
   1618 450
   1608 451
   1532 452
   1479 453
   1459 454
   1452 455
   1498 456
   1378 457
   1458 458
   1418 459
   1441 460
   1355 461
   1417 462
   1383 463
   1377 464
   1381 465
   1336 466
   1364 467
   1457 468
   1392 469
   1378 470
   1356 471
   1415 472
   1328 473
   1347 474
   1281 475
   1373 476
   1294 477
   1239 478
   1334 479
   1351 480
   1352 481
   1357 482
   1280 483
   1375 484
   1250 485
   1314 486
   1277 487
   1259 488
   1309 489
   1285 490
   1320 491
   1340 492
   1297 493
   1346 494
   1327 495
   1344 496
   1236 497
   1307 498
   1274 499
   1239 500
   1266 501
   1268 502
   1254 503
   1187 504
   1227 505
   1232 506
   1172 507
   1122 508
   1174 509
   1120 510
   1170 511
   1144 512
   1159 513
   1174 514
   1212 515
   1190 516
   1093 517
   1180 518
   1091 519
   1148 520
   1100 521
   1158 522
   1120 523
   1172 524
   1117 525
   1067 526
   1060 527
   1081 528
   1059 529
    988 530
   1042 531
   1045 532
    986 533
    997 534
   1005 535
    945 536
    920 537
    981 538
   1005 539
   1006 540
    928 541
    921 542
    971 543
    925 544
    895 545
    995 546
    924 547
    900 548
    926 549
    906 550
    892 551
    928 552
    828 553
    889 554
    899 555
    864 556
    823 557
    862 558
    894 559
    812 560
    844 561
    908 562
    801 563
    838 564
    846 565
    843 566
    875 567
    829 568
    850 569
    796 570
    813 571
    816 572
    812 573
    810 574
    750 575
    791 576
    769 577
    831 578
    794 579
    748 580
    764 581
    765 582
    704 583
    742 584
    744 585
    723 586
    740 587
    749 588
    751 589
    715 590
    694 591
    715 592
    738 593
    703 594
    714 595
    719 596
    708 597
    728 598
    663 599
    718 600
    693 601
    678 602
    718 603
    638 604
    681 605
    689 606
    665 607
    607 608
    660 609
    675 610
    631 611
    630 612
    637 613
    671 614
    604 615
    645 616
    657 617
    618 618
    635 619
    623 620
    631 621
    622 622
    604 623
    668 624
    635 625
    612 626
    617 627
    612 628
    599 629
    627 630
    614 631
    531 632
    588 633
    560 634
    587 635
    565 636
    645 637
    549 638
    559 639
    535 640
    583 641
    588 642
    530 643
    516 644
    539 645
    559 646
    537 647
    516 648
    531 649
    557 650
    540 651
    540 652
    533 653
    521 654
    523 655
    546 656
    525 657
    528 658
    514 659
    505 660
    539 661
    506 662
    577 663
    509 664
    535 665
    549 666
    529 667
    536 668
    495 669
    532 670
    528 671
    511 672
    503 673
    494 674
    497 675
    481 676
    480 677
    489 678
    459 679
    467 680
    442 681
    486 682
    463 683
    477 684
    444 685
    463 686
    434 687
    438 688
    465 689
    415 690
    423 691
    424 692
    443 693
    416 694
    436 695
    451 696
    419 697
    385 698
    421 699
    446 700
    431 701
    406 702
    444 703
    392 704
    437 705
    444 706
    406 707
    397 708
    452 709
    401 710
    417 711
    381 712
    396 713
    410 714
    429 715
    436 716
    400 717
    413 718
    409 719
    404 720
    407 721
    393 722
    377 723
    426 724
    383 725
    427 726
    409 727
    399 728
    373 729
    406 730
    366 731
    362 732
    370 733
    376 734
    393 735
    380 736
    386 737
    372 738
    385 739
    344 740
    380 741
    365 742
    356 743
    373 744
    352 745
    363 746
    404 747
    340 748
    379 749
    353 750
    380 751
    336 752
    346 753
    341 754
    330 755
    341 756
    337 757
    339 758
    319 759
    370 760
    338 761
    325 762
    343 763
    319 764
    366 765
    317 766
    325 767
    355 768
    351 769
    363 770
    350 771
    351 772
    345 773
    327 774
    321 775
    321 776
    319 777
    294 778
    348 779
    286 780
    317 781
    288 782
    313 783
    335 784
    301 785
    316 786
    322 787
    313 788
    298 789
    276 790
    336 791
    315 792
    317 793
    314 794
    299 795
    321 796
    270 797
    264 798
    295 799
    284 800
    312 801
    280 802
    304 803
    283 804
    275 805
    318 806
    281 807
    294 808
    284 809
    276 810
    306 811
    306 812
    277 813
    277 814
    314 815
    285 816
    285 817
    301 818
    289 819
    259 820
    266 821
    293 822
    291 823
    264 824
    282 825
    275 826
    327 827
    307 828
    259 829
    276 830
    256 831
    294 832
    272 833
    304 834
    274 835
    272 836
    293 837
    248 838
    263 839
    281 840
    271 841
    287 842
    247 843
    286 844
    297 845
    259 846
    247 847
    257 848
    282 849
    275 850
    229 851
    247 852
    263 853
    249 854
    254 855
    253 856
    260 857
    241 858
    274 859
    220 860
    246 861
    240 862
    256 863
    250 864
    228 865
    235 866
    248 867
    229 868
    219 869
    264 870
    251 871
    236 872
    248 873
    239 874
    234 875
    236 876
    224 877
    257 878
    238 879
    258 880
    244 881
    258 882
    246 883
    252 884
    246 885
    253 886
    217 887
    234 888
    272 889
    274 890
    261 891
    240 892
    217 893
    243 894
    233 895
    278 896
    248 897
    232 898
    253 899
    220 900
    232 901
    232 902
    247 903
    237 904
    230 905
    207 906
    214 907
    234 908
    230 909
    236 910
    218 911
    248 912
    251 913
    249 914
    242 915
    257 916
    219 917
    241 918
    221 919
    226 920
    218 921
    266 922
    230 923
    246 924
    223 925
    240 926
    245 927
    219 928
    259 929
    225 930
    222 931
    231 932
    214 933
    236 934
    197 935
    224 936
    226 937
    240 938
    216 939
    217 940
    227 941
    225 942
    202 943
    228 944
    278 945
    240 946
    236 947
    244 948
    206 949
    224 950
    214 951
    249 952
    248 953
    240 954
    260 955
    225 956
    206 957
    222 958
    252 959
    250 960
    237 961
    249 962
    238 963
    237 964
    224 965
    225 966
    223 967
    210 968
    227 969
    194 970
    192 971
    224 972
    194 973
    221 974
    213 975
    194 976
    224 977
    236 978
    214 979
    251 980
    249 981
    222 982
    234 983
    211 984
    221 985
    196 986
    221 987
    209 988
    211 989
    200 990
    228 991
    208 992
    214 993
    241 994
    220 995
    200 996
    227 997
    185 998
    227 999
    219 1000
    214 1001
    201 1002
    227 1003
    219 1004
    222 1005
    197 1006
    210 1007
    233 1008
    233 1009
    221 1010
    224 1011
    210 1012
    195 1013
    212 1014
    214 1015
    195 1016
    191 1017
    228 1018
    202 1019
    215 1020
    199 1021
    196 1022
    223 1023
    216 1024
    199 1025
    192 1026
    217 1027
    201 1028
    212 1029
    198 1030
    199 1031
    211 1032
    192 1033
    205 1034
    209 1035
    209 1036
    200 1037
    207 1038
    211 1039
    231 1040
    182 1041
    218 1042
    211 1043
    220 1044
    180 1045
    205 1046
    215 1047
    215 1048
    228 1049
    194 1050
    199 1051
    206 1052
    188 1053
    189 1054
    230 1055
    183 1056
    175 1057
    201 1058
    195 1059
    185 1060
    206 1061
    205 1062
    204 1063
    225 1064
    209 1065
    173 1066
    225 1067
    190 1068
    206 1069
    218 1070
    217 1071
    197 1072
    217 1073
    199 1074
    207 1075
    214 1076
    192 1077
    209 1078
    213 1079
    209 1080
    207 1081
    198 1082
    202 1083
    188 1084
    183 1085
    228 1086
    209 1087
    205 1088
    202 1089
    227 1090
    211 1091
    203 1092
    223 1093
    206 1094
    197 1095
    175 1096
    202 1097
    173 1098
    198 1099
    229 1100
    194 1101
    219 1102
    215 1103
    191 1104
    183 1105
    204 1106
    202 1107
    194 1108
    180 1109
    182 1110
    192 1111
    179 1112
    192 1113
    204 1114
    197 1115
    203 1116
    193 1117
    201 1118
    211 1119
    212 1120
    191 1121
    189 1122
    198 1123
    218 1124
    201 1125
    191 1126
    229 1127
    209 1128
    213 1129
    202 1130
    210 1131
    209 1132
    207 1133
    218 1134
    195 1135
    163 1136
    183 1137
    225 1138
    193 1139
    200 1140
    219 1141
    181 1142
    185 1143
    191 1144
    175 1145
    221 1146
    194 1147
    185 1148
    199 1149
    186 1150
    186 1151
    188 1152
    198 1153
    182 1154
    221 1155
    190 1156
    212 1157
    202 1158
    163 1159
    180 1160
    186 1161
    196 1162
    216 1163
    203 1164
    230 1165
    219 1166
    216 1167
    187 1168
    209 1169
    193 1170
    216 1171
    190 1172
    212 1173
    241 1174
    226 1175
    181 1176
    198 1177
    224 1178
    214 1179
    222 1180
    213 1181
    209 1182
    202 1183
    201 1184
    175 1185
    196 1186
    206 1187
    184 1188
    178 1189
    185 1190
    191 1191
    203 1192
    180 1193
    179 1194
    191 1195
    167 1196
    184 1197
    197 1198
    187 1199
    181 1200
    182 1201
    168 1202
    202 1203
    194 1204
    169 1205
    172 1206
    182 1207
    169 1208
    185 1209
    202 1210
    205 1211
    161 1212
    203 1213
    202 1214
    181 1215
    204 1216
    207 1217
    178 1218
    188 1219
    192 1220
    192 1221
    206 1222
    167 1223
    177 1224
    204 1225
    179 1226
    185 1227
    186 1228
    177 1229
    190 1230
    185 1231
    191 1232
    166 1233
    192 1234
    196 1235
    194 1236
    201 1237
    172 1238
    159 1239
    176 1240
    176 1241
    174 1242
    202 1243
    168 1244
    218 1245
    153 1246
    156 1247
    171 1248
    165 1249
    187 1250
    171 1251
    177 1252
    190 1253
    188 1254
    175 1255
    176 1256
    159 1257
    170 1258
    164 1259
    173 1260
    171 1261
    180 1262
    170 1263
    153 1264
    153 1265
    161 1266
    168 1267
    175 1268
    180 1269
    175 1270
    167 1271
    164 1272
    172 1273
    169 1274
    148 1275
    171 1276
    165 1277
    158 1278
    171 1279
    136 1280
    152 1281
    160 1282
    164 1283
    186 1284
    188 1285
    146 1286
    184 1287
    153 1288
    185 1289
    184 1290
    178 1291
    185 1292
    158 1293
    159 1294
    184 1295
    165 1296
    168 1297
    175 1298
    156 1299
    165 1300
    149 1301
    144 1302
    172 1303
    177 1304
    168 1305
    145 1306
    147 1307
    169 1308
    167 1309
    159 1310
    148 1311
    170 1312
    151 1313
    168 1314
    147 1315
    166 1316
    159 1317
    176 1318
    162 1319
    167 1320
    142 1321
    174 1322
    141 1323
    163 1324
    167 1325
    159 1326
    151 1327
    155 1328
    164 1329
    158 1330
    173 1331
    137 1332
    151 1333
    166 1334
    164 1335
    183 1336
    158 1337
    167 1338
    166 1339
    161 1340
    163 1341
    150 1342
    161 1343
    173 1344
    181 1345
    172 1346
    159 1347
    152 1348
    171 1349
    158 1350
    152 1351
    176 1352
    134 1353
    170 1354
    145 1355
    142 1356
    184 1357
    179 1358
    180 1359
    143 1360
    164 1361
    146 1362
    165 1363
    164 1364
    171 1365
    146 1366
    145 1367
    156 1368
    166 1369
    158 1370
    168 1371
    147 1372
    158 1373
    170 1374
    173 1375
    128 1376
    163 1377
    167 1378
    154 1379
    148 1380
    158 1381
    152 1382
    170 1383
    178 1384
    178 1385
    172 1386
    144 1387
    156 1388
    162 1389
    156 1390
    131 1391
    147 1392
    182 1393
    164 1394
    152 1395
    144 1396
    169 1397
    150 1398
    146 1399
    173 1400
    130 1401
    151 1402
    144 1403
    156 1404
    147 1405
    139 1406
    148 1407
    129 1408
    143 1409
    147 1410
    138 1411
    165 1412
    160 1413
    157 1414
    162 1415
    155 1416
    145 1417
    146 1418
    152 1419
    151 1420
    130 1421
    152 1422
    158 1423
    136 1424
    138 1425
    131 1426
    146 1427
    153 1428
    170 1429
    152 1430
    134 1431
    136 1432
    149 1433
    153 1434
    146 1435
    139 1436
    125 1437
    143 1438
    148 1439
    124 1440
    136 1441
    145 1442
    136 1443
    149 1444
    157 1445
    150 1446
    158 1447
    141 1448
    159 1449
    168 1450
    161 1451
    133 1452
    154 1453
    147 1454
    156 1455
    138 1456
    136 1457
    156 1458
    140 1459
    164 1460
    164 1461
    165 1462
    127 1463
    149 1464
    132 1465
    152 1466
    130 1467
    147 1468
    126 1469
    112 1470
    136 1471
    134 1472
    146 1473
    154 1474
    129 1475
    132 1476
    133 1477
    129 1478
    143 1479
    152 1480
    144 1481
    122 1482
    154 1483
    142 1484
    145 1485
    153 1486
    157 1487
    141 1488
    137 1489
    124 1490
    136 1491
    132 1492
    149 1493
    146 1494
    151 1495
    133 1496
    151 1497
    129 1498
    147 1499
    153 1500
    160 1501
    143 1502
    140 1503
    145 1504
    135 1505
    136 1506
    132 1507
    140 1508
    147 1509
    158 1510
    120 1511
    157 1512
    134 1513
    139 1514
    122 1515
    131 1516
    135 1517
    137 1518
    151 1519
    132 1520
    131 1521
    132 1522
    140 1523
    118 1524
    131 1525
    134 1526
    151 1527
    139 1528
    133 1529
    138 1530
    129 1531
    136 1532
    135 1533
    147 1534
    142 1535
    142 1536
    153 1537
    141 1538
    153 1539
    137 1540
    125 1541
    138 1542
    132 1543
    119 1544
    137 1545
    128 1546
    144 1547
    152 1548
    128 1549
    178 1550
    157 1551
    133 1552
    135 1553
    126 1554
    148 1555
    147 1556
    141 1557
    134 1558
    135 1559
    134 1560
    131 1561
    122 1562
    143 1563
    155 1564
    149 1565
    123 1566
    143 1567
    130 1568
    126 1569
    161 1570
    132 1571
    148 1572
    147 1573
    136 1574
    144 1575
    158 1576
    131 1577
    119 1578
    149 1579
    132 1580
    138 1581
    132 1582
    139 1583
    110 1584
    112 1585
    139 1586
    141 1587
    131 1588
    142 1589
    141 1590
    125 1591
    132 1592
    133 1593
    127 1594
    126 1595
    133 1596
    128 1597
    127 1598
    160 1599
    146 1600
    124 1601
    131 1602
    131 1603
    129 1604
    127 1605
    156 1606
    148 1607
    125 1608
    132 1609
    138 1610
    119 1611
    116 1612
    171 1613
    139 1614
    157 1615
    119 1616
    125 1617
    167 1618
    125 1619
    151 1620
    147 1621
    137 1622
    123 1623
    129 1624
    120 1625
    127 1626
    132 1627
    149 1628
    114 1629
    139 1630
    135 1631
    137 1632
    170 1633
    150 1634
    128 1635
    140 1636
    137 1637
    126 1638
    134 1639
    140 1640
    149 1641
    137 1642
    144 1643
    163 1644
    147 1645
    142 1646
    123 1647
    150 1648
    140 1649
    124 1650
    139 1651
    136 1652
    142 1653
    131 1654
    140 1655
    115 1656
    128 1657
    116 1658
    126 1659
    131 1660
    150 1661
    114 1662
    110 1663
    131 1664
    141 1665
    132 1666
    129 1667
    120 1668
    124 1669
    113 1670
    113 1671
    121 1672
    118 1673
    126 1674
    124 1675
    141 1676
    114 1677
    123 1678
    109 1679
    130 1680
    115 1681
    127 1682
    124 1683
    111 1684
    104 1685
    120 1686
    109 1687
    128 1688
    123 1689
    136 1690
    122 1691
    131 1692
    132 1693
    143 1694
    117 1695
    113 1696
    129 1697
    121 1698
    132 1699
    116 1700
    120 1701
    114 1702
    114 1703
    120 1704
    125 1705
    119 1706
    113 1707
    102 1708
    108 1709
    112 1710
    115 1711
    107 1712
    110 1713
    123 1714
    122 1715
    114 1716
    122 1717
    108 1718
    122 1719
    119 1720
     97 1721
    128 1722
    102 1723
    120 1724
    132 1725
    119 1726
    124 1727
    107 1728
    103 1729
    111 1730
    116 1731
    102 1732
    117 1733
    103 1734
    107 1735
    110 1736
    125 1737
     93 1738
     91 1739
     99 1740
     99 1741
    116 1742
    114 1743
     98 1744
    119 1745
    134 1746
    106 1747
    114 1748
    123 1749
    119 1750
    120 1751
    116 1752
    129 1753
    124 1754
    111 1755
    106 1756
    115 1757
    109 1758
     99 1759
    107 1760
    117 1761
    120 1762
    104 1763
     98 1764
    100 1765
    129 1766
    114 1767
     78 1768
    127 1769
    104 1770
    118 1771
    107 1772
    114 1773
    113 1774
    119 1775
    100 1776
     84 1777
    113 1778
     93 1779
     97 1780
    124 1781
    106 1782
    107 1783
    120 1784
    103 1785
    112 1786
    109 1787
    109 1788
    107 1789
    110 1790
    111 1791
     99 1792
    101 1793
    118 1794
    117 1795
     92 1796
    106 1797
    125 1798
     89 1799
    101 1800
    104 1801
     79 1802
    100 1803
     97 1804
    102 1805
    113 1806
     90 1807
     94 1808
    106 1809
    133 1810
    105 1811
     99 1812
    117 1813
    102 1814
     93 1815
    109 1816
    115 1817
    106 1818
    101 1819
     95 1820
    109 1821
     82 1822
     95 1823
     71 1824
     95 1825
     95 1826
     99 1827
    108 1828
    127 1829
     90 1830
    104 1831
    107 1832
     86 1833
     90 1834
     96 1835
    107 1836
     86 1837
     97 1838
     91 1839
     85 1840
     75 1841
     94 1842
     85 1843
     94 1844
     95 1845
     81 1846
     73 1847
     95 1848
     88 1849
     87 1850
     88 1851
     90 1852
     94 1853
     90 1854
     79 1855
     93 1856
     82 1857
     89 1858
     77 1859
     80 1860
     85 1861
     77 1862
     88 1863
     85 1864
     83 1865
     92 1866
     78 1867
     73 1868
     76 1869
     74 1870
     80 1871
     79 1872
     70 1873
     85 1874
     88 1875
     74 1876
     86 1877
     84 1878
     88 1879
     75 1880
     81 1881
     83 1882
     85 1883
     91 1884
     88 1885
     80 1886
     89 1887
     74 1888
     96 1889
    105 1890
     92 1891
     90 1892
     89 1893
     69 1894
     86 1895
     90 1896
     89 1897
     82 1898
     85 1899
     81 1900
     92 1901
     91 1902
     94 1903
     81 1904
     69 1905
     86 1906
     91 1907
     86 1908
     79 1909
     80 1910
     73 1911
     79 1912
     88 1913
     90 1914
     85 1915
     92 1916
     77 1917
     86 1918
     86 1919
     94 1920
     86 1921
     87 1922
     99 1923
     96 1924
     92 1925
     98 1926
     83 1927
     75 1928
    102 1929
     67 1930
     92 1931
     99 1932
     91 1933
     95 1934
     73 1935
     75 1936
     77 1937
     79 1938
     77 1939
     74 1940
     71 1941
     87 1942
     79 1943
     89 1944
     74 1945
     71 1946
     91 1947
     91 1948
     71 1949
     84 1950
     94 1951
     69 1952
     69 1953
     83 1954
     88 1955
     88 1956
     89 1957
     85 1958
     90 1959
     90 1960
     86 1961
     79 1962
     75 1963
     96 1964
    100 1965
     74 1966
     78 1967
     79 1968
     76 1969
     74 1970
     72 1971
     75 1972
     71 1973
     64 1974
     86 1975
     74 1976
    105 1977
     64 1978
     58 1979
     86 1980
     73 1981
     90 1982
     68 1983
     78 1984
     83 1985
     92 1986
     85 1987
     66 1988
     79 1989
     66 1990
     77 1991
     74 1992
     61 1993
     91 1994
     69 1995
     68 1996
     73 1997
     68 1998
     73 1999
     74 2000
     87 2001
     75 2002
     80 2003
     68 2004
     75 2005
     76 2006
     79 2007
     73 2008
     80 2009
     66 2010
     68 2011
     65 2012
     59 2013
     66 2014
     75 2015
     66 2016
     56 2017
     56 2018
     69 2019
     71 2020
     83 2021
     72 2022
     70 2023
     73 2024
     65 2025
     63 2026
     63 2027
     75 2028
     75 2029
     63 2030
     81 2031
     81 2032
     71 2033
     70 2034
     67 2035
     68 2036
     71 2037
     62 2038
     75 2039
     71 2040
     55 2041
     52 2042
     69 2043
     62 2044
     69 2045
     58 2046
     70 2047
     71 2048
     83 2049
     73 2050
     58 2051
     74 2052
     51 2053
     82 2054
     78 2055
     51 2056
     50 2057
     64 2058
     75 2059
     67 2060
     60 2061
     71 2062
     64 2063
     55 2064
     71 2065
     53 2066
     75 2067
     74 2068
     62 2069
     72 2070
     78 2071
     60 2072
     53 2073
     67 2074
     74 2075
     63 2076
     47 2077
     61 2078
     77 2079
     68 2080
     60 2081
     75 2082
     57 2083
     66 2084
     59 2085
     51 2086
     56 2087
     62 2088
     75 2089
     63 2090
     75 2091
     71 2092
     81 2093
     63 2094
     60 2095
     63 2096
     69 2097
     77 2098
     72 2099
     57 2100
     70 2101
     78 2102
     68 2103
     56 2104
     69 2105
     69 2106
     82 2107
     86 2108
     67 2109
     66 2110
     81 2111
     80 2112
     72 2113
     67 2114
     59 2115
     58 2116
     81 2117
     76 2118
     69 2119
     70 2120
     64 2121
     65 2122
     73 2123
     55 2124
     56 2125
     80 2126
     68 2127
     69 2128
     54 2129
     69 2130
     57 2131
     61 2132
     56 2133
     72 2134
     68 2135
     62 2136
     70 2137
     80 2138
     71 2139
     66 2140
     80 2141
     59 2142
     74 2143
     76 2144
     75 2145
     64 2146
     68 2147
     36 2148
     64 2149
     73 2150
     65 2151
     64 2152
     73 2153
     75 2154
     74 2155
     69 2156
     67 2157
     86 2158
     65 2159
     92 2160
     64 2161
     62 2162
     49 2163
     51 2164
     68 2165
     57 2166
     78 2167
     53 2168
     53 2169
     60 2170
     69 2171
     75 2172
     56 2173
     71 2174
     69 2175
     71 2176
     65 2177
     62 2178
     63 2179
     74 2180
     56 2181
     64 2182
     62 2183
     61 2184
     62 2185
     70 2186
     51 2187
     51 2188
     57 2189
     73 2190
     65 2191
     52 2192
     62 2193
     48 2194
     49 2195
     53 2196
     73 2197
     78 2198
     64 2199
     60 2200
     62 2201
     63 2202
     55 2203
     57 2204
     63 2205
     66 2206
     58 2207
     60 2208
     53 2209
     73 2210
     60 2211
     61 2212
     64 2213
     64 2214
     52 2215
     60 2216
     70 2217
     65 2218
     65 2219
     59 2220
     66 2221
     59 2222
     68 2223
     60 2224
     60 2225
     58 2226
     52 2227
     50 2228
     72 2229
     61 2230
     57 2231
     62 2232
     65 2233
     56 2234
     66 2235
     56 2236
     50 2237
     66 2238
     63 2239
     74 2240
     61 2241
     54 2242
     67 2243
     60 2244
     53 2245
     64 2246
     74 2247
     62 2248
     68 2249
     55 2250
     58 2251
     62 2252
     50 2253
     66 2254
     67 2255
     54 2256
     58 2257
     60 2258
     59 2259
     52 2260
     54 2261
     48 2262
     56 2263
     63 2264
     60 2265
     56 2266
     59 2267
     50 2268
     55 2269
     61 2270
     44 2271
     48 2272
     56 2273
     62 2274
     48 2275
     52 2276
     63 2277
     60 2278
     59 2279
     69 2280
     59 2281
     56 2282
     59 2283
     48 2284
     60 2285
     57 2286
     52 2287
     48 2288
     57 2289
     53 2290
     53 2291
     61 2292
     45 2293
     55 2294
     59 2295
     50 2296
     64 2297
     47 2298
     73 2299
     68 2300
     61 2301
     51 2302
     54 2303
     44 2304
     52 2305
     56 2306
     57 2307
     61 2308
     58 2309
     63 2310
     63 2311
     49 2312
     55 2313
     54 2314
     39 2315
     50 2316
     47 2317
     69 2318
     59 2319
     54 2320
     46 2321
     63 2322
     53 2323
     46 2324
     56 2325
     49 2326
     52 2327
     51 2328
     61 2329
     58 2330
     62 2331
     56 2332
     52 2333
     59 2334
     57 2335
     63 2336
     51 2337
     62 2338
     51 2339
     53 2340
     52 2341
     47 2342
     66 2343
     48 2344
     40 2345
     57 2346
     55 2347
     55 2348
     43 2349
     51 2350
     57 2351
     57 2352
     51 2353
     53 2354
     53 2355
     50 2356
     63 2357
     61 2358
     52 2359
     58 2360
     69 2361
     39 2362
     63 2363
     51 2364
     49 2365
     64 2366
     70 2367
     66 2368
     64 2369
     48 2370
     64 2371
     55 2372
     51 2373
     59 2374
     62 2375
     53 2376
     47 2377
     49 2378
     54 2379
     57 2380
     62 2381
     55 2382
     42 2383
     56 2384
     77 2385
     46 2386
     63 2387
     53 2388
     58 2389
     59 2390
     54 2391
     62 2392
     48 2393
     57 2394
     58 2395
     47 2396
     51 2397
     59 2398
     61 2399
     54 2400
     61 2401
     49 2402
     46 2403
     63 2404
     60 2405
     66 2406
     68 2407
     60 2408
     43 2409
     75 2410
     59 2411
     49 2412
     70 2413
     77 2414
     59 2415
     65 2416
     72 2417
     65 2418
     55 2419
     52 2420
     58 2421
     64 2422
     55 2423
     58 2424
     59 2425
     51 2426
     63 2427
     70 2428
     51 2429
     56 2430
     64 2431
     57 2432
     54 2433
     61 2434
     63 2435
     55 2436
     51 2437
     38 2438
     53 2439
     52 2440
     60 2441
     61 2442
     43 2443
     49 2444
     53 2445
     50 2446
     50 2447
     48 2448
     49 2449
     58 2450
     58 2451
     46 2452
     48 2453
     49 2454
     44 2455
     36 2456
     51 2457
     49 2458
     63 2459
     46 2460
     76 2461
     52 2462
     54 2463
     54 2464
     45 2465
     47 2466
     41 2467
     57 2468
     40 2469
     54 2470
     43 2471
     52 2472
     56 2473
     63 2474
     49 2475
     52 2476
     45 2477
     55 2478
     44 2479
     49 2480
     62 2481
     52 2482
     54 2483
     49 2484
     50 2485
     33 2486
     50 2487
     41 2488
     57 2489
     52 2490
     47 2491
     53 2492
     47 2493
     48 2494
     52 2495
     56 2496
     54 2497
     52 2498
     64 2499
     48 2500
     51 2501
     58 2502
     43 2503
     48 2504
     48 2505
     52 2506
     70 2507
     64 2508
     59 2509
     49 2510
     55 2511
     44 2512
     38 2513
     44 2514
     50 2515
     64 2516
     47 2517
     52 2518
     57 2519
     54 2520
     45 2521
     50 2522
     68 2523
     56 2524
     54 2525
     57 2526
     50 2527
     57 2528
     65 2529
     45 2530
     59 2531
     68 2532
     54 2533
     47 2534
     63 2535
     57 2536
     57 2537
     50 2538
     55 2539
     58 2540
     62 2541
     46 2542
     54 2543
     56 2544
     58 2545
     66 2546
     49 2547
     55 2548
     42 2549
     48 2550
     49 2551
     48 2552
     71 2553
     56 2554
     42 2555
     59 2556
     45 2557
     55 2558
     50 2559
     63 2560
     59 2561
     54 2562
     52 2563
     51 2564
     42 2565
     69 2566
     58 2567
     53 2568
     59 2569
     59 2570
     64 2571
     58 2572
     47 2573
     50 2574
     55 2575
     62 2576
     66 2577
     63 2578
     52 2579
     58 2580
     52 2581
     65 2582
     57 2583
     47 2584
     81 2585
     64 2586
     74 2587
     73 2588
     65 2589
     62 2590
     62 2591
     57 2592
     76 2593
     62 2594
     82 2595
     50 2596
     51 2597
     47 2598
     48 2599
     69 2600
     75 2601
     52 2602
     51 2603
     69 2604
     62 2605
     56 2606
     73 2607
     67 2608
     58 2609
     60 2610
     64 2611
     56 2612
     66 2613
     60 2614
     67 2615
     52 2616
     69 2617
     68 2618
     58 2619
     54 2620
     59 2621
     67 2622
     45 2623
     49 2624
     63 2625
     74 2626
     56 2627
     61 2628
     54 2629
     53 2630
     56 2631
     59 2632
     57 2633
     48 2634
     54 2635
     57 2636
     46 2637
     49 2638
     54 2639
     51 2640
     49 2641
     48 2642
     64 2643
     44 2644
     55 2645
     65 2646
     44 2647
     50 2648
     50 2649
     49 2650
     57 2651
     49 2652
     53 2653
     61 2654
     58 2655
     57 2656
     53 2657
     52 2658
     59 2659
     45 2660
     51 2661
     51 2662
     56 2663
     53 2664
     56 2665
     59 2666
     58 2667
     55 2668
     45 2669
     60 2670
     45 2671
     54 2672
     65 2673
     53 2674
     45 2675
     51 2676
     45 2677
     51 2678
     47 2679
     46 2680
     68 2681
     59 2682
     75 2683
     48 2684
     50 2685
     47 2686
     61 2687
     66 2688
     50 2689
     65 2690
     52 2691
     38 2692
     71 2693
     54 2694
     73 2695
     47 2696
     38 2697
     53 2698
     57 2699
     64 2700
     44 2701
     53 2702
     56 2703
     57 2704
     50 2705
     50 2706
     50 2707
     57 2708
     58 2709
     53 2710
     57 2711
     52 2712
     69 2713
     52 2714
     64 2715
     52 2716
     55 2717
     49 2718
     54 2719
     54 2720
     54 2721
     49 2722
     58 2723
     50 2724
     56 2725
     55 2726
     52 2727
     48 2728
     52 2729
     48 2730
     55 2731
     62 2732
     54 2733
     52 2734
     61 2735
     66 2736
     38 2737
     58 2738
     54 2739
     41 2740
     56 2741
     63 2742
     45 2743
     52 2744
     51 2745
     49 2746
     51 2747
     48 2748
     49 2749
     61 2750
     57 2751
     58 2752
     46 2753
     65 2754
     40 2755
     46 2756
     37 2757
     36 2758
     49 2759
     44 2760
     55 2761
     62 2762
     52 2763
     48 2764
     66 2765
     57 2766
     47 2767
     55 2768
     61 2769
     56 2770
     61 2771
     59 2772
     58 2773
     72 2774
     53 2775
     52 2776
     45 2777
     54 2778
     53 2779
     51 2780
     62 2781
     53 2782
     44 2783
     55 2784
     46 2785
     39 2786
     52 2787
     48 2788
     56 2789
     69 2790
     57 2791
     59 2792
     52 2793
     51 2794
     62 2795
     67 2796
     48 2797
     46 2798
     50 2799
     64 2800
     46 2801
     54 2802
     53 2803
     58 2804
     43 2805
     47 2806
     60 2807
     57 2808
     84 2809
     44 2810
     64 2811
     63 2812
     60 2813
     57 2814
     58 2815
     50 2816
     70 2817
     60 2818
     74 2819
     65 2820
     54 2821
     70 2822
     54 2823
     52 2824
     55 2825
     49 2826
     61 2827
     60 2828
     66 2829
     59 2830
     55 2831
     59 2832
     51 2833
     40 2834
     52 2835
     54 2836
     58 2837
     51 2838
     61 2839
     65 2840
     63 2841
     55 2842
     52 2843
     58 2844
     57 2845
     49 2846
     52 2847
     66 2848
     63 2849
     48 2850
     62 2851
     60 2852
     52 2853
     65 2854
     56 2855
     55 2856
     50 2857
     61 2858
     48 2859
     59 2860
     58 2861
     50 2862
     58 2863
     49 2864
     59 2865
     54 2866
     63 2867
     50 2868
     60 2869
     46 2870
     49 2871
     49 2872
     50 2873
     44 2874
     66 2875
     47 2876
     57 2877
     61 2878
     51 2879
     43 2880
     50 2881
     58 2882
     63 2883
     57 2884
     49 2885
     54 2886
     50 2887
     60 2888
     70 2889
     63 2890
     53 2891
     49 2892
     62 2893
     49 2894
     66 2895
     55 2896
     57 2897
     54 2898
     42 2899
     41 2900
     61 2901
     62 2902
     52 2903
     60 2904
     64 2905
     50 2906
     50 2907
     59 2908
     61 2909
     46 2910
     54 2911
     64 2912
     61 2913
     64 2914
     57 2915
     54 2916
     47 2917
     43 2918
     60 2919
     53 2920
     54 2921
     54 2922
     57 2923
     64 2924
     64 2925
     57 2926
     52 2927
     47 2928
     60 2929
     57 2930
     57 2931
     47 2932
     60 2933
     68 2934
     51 2935
     58 2936
     63 2937
     55 2938
     54 2939
     59 2940
     60 2941
     64 2942
     71 2943
     63 2944
     57 2945
     71 2946
     57 2947
     57 2948
     54 2949
     54 2950
     65 2951
     57 2952
     65 2953
     49 2954
     50 2955
     66 2956
     57 2957
     59 2958
     62 2959
     46 2960
     61 2961
     64 2962
     51 2963
     59 2964
     57 2965
     68 2966
     53 2967
     59 2968
     54 2969
     55 2970
     44 2971
     43 2972
     57 2973
     62 2974
     68 2975
     62 2976
     70 2977
     54 2978
     76 2979
     58 2980
     44 2981
     56 2982
     46 2983
     56 2984
     65 2985
     61 2986
     52 2987
     56 2988
     60 2989
     49 2990
     53 2991
     58 2992
     45 2993
     61 2994
     53 2995
     58 2996
     49 2997
     54 2998
     50 2999
     53 3000
     47 3001
     61 3002
     60 3003
     59 3004
     64 3005
     53 3006
     43 3007
     43 3008
     48 3009
     59 3010
     57 3011
     55 3012
     55 3013
     47 3014
     48 3015
     64 3016
     55 3017
     39 3018
     57 3019
     47 3020
     53 3021
     45 3022
     41 3023
     50 3024
     59 3025
     46 3026
     62 3027
     51 3028
     48 3029
     57 3030
     40 3031
     52 3032
     53 3033
     55 3034
     40 3035
     54 3036
     42 3037
     52 3038
     59 3039
     53 3040
     59 3041
     39 3042
     59 3043
     46 3044
     65 3045
     58 3046
     41 3047
     63 3048
     40 3049
     53 3050
     44 3051
     49 3052
     55 3053
     51 3054
     57 3055
     57 3056
     49 3057
     51 3058
     52 3059
     62 3060
     61 3061
     58 3062
     61 3063
     51 3064
     45 3065
     64 3066
     53 3067
     49 3068
     49 3069
     56 3070
     61 3071
     43 3072
     46 3073
     49 3074
     53 3075
     47 3076
     47 3077
     56 3078
     44 3079
     56 3080
     48 3081
     46 3082
     51 3083
     53 3084
     49 3085
     65 3086
     57 3087
     50 3088
     47 3089
     46 3090
     58 3091
     56 3092
     49 3093
     49 3094
     43 3095
     56 3096
     45 3097
     54 3098
     55 3099
     52 3100
     41 3101
     44 3102
     41 3103
     57 3104
     50 3105
     49 3106
     54 3107
     38 3108
     41 3109
     47 3110
     46 3111
     42 3112
     38 3113
     55 3114
     45 3115
     53 3116
     49 3117
     50 3118
     49 3119
     37 3120
     53 3121
     48 3122
     53 3123
     44 3124
     39 3125
     54 3126
     45 3127
     52 3128
     47 3129
     43 3130
     45 3131
     56 3132
     61 3133
     38 3134
     45 3135
     47 3136
     49 3137
     51 3138
     57 3139
     57 3140
     48 3141
     51 3142
     65 3143
     50 3144
     35 3145
     50 3146
     45 3147
     47 3148
     36 3149
     47 3150
     59 3151
     44 3152
     67 3153
     42 3154
     51 3155
     44 3156
     49 3157
     50 3158
     46 3159
     47 3160
     44 3161
     51 3162
     49 3163
     49 3164
     48 3165
     45 3166
     44 3167
     47 3168
     51 3169
     41 3170
     37 3171
     43 3172
     44 3173
     44 3174
     46 3175
     53 3176
     45 3177
     52 3178
     38 3179
     52 3180
     37 3181
     53 3182
     54 3183
     57 3184
     52 3185
     48 3186
     38 3187
     38 3188
     34 3189
     50 3190
     65 3191
     50 3192
     48 3193
     46 3194
     59 3195
     39 3196
     34 3197
     37 3198
     45 3199
     56 3200
     38 3201
     32 3202
     46 3203
     42 3204
     42 3205
     43 3206
     55 3207
     41 3208
     44 3209
     48 3210
     40 3211
     52 3212
     40 3213
     41 3214
     31 3215
     47 3216
     56 3217
     35 3218
     38 3219
     43 3220
     38 3221
     43 3222
     45 3223
     40 3224
     43 3225
     49 3226
     39 3227
     36 3228
     37 3229
     41 3230
     31 3231
     31 3232
     38 3233
     37 3234
     49 3235
     29 3236
     34 3237
     23 3238
     31 3239
     47 3240
     30 3241
     39 3242
     39 3243
     42 3244
     31 3245
     41 3246
     29 3247
     37 3248
     35 3249
     33 3250
     33 3251
     34 3252
     38 3253
     44 3254
     36 3255
     30 3256
     43 3257
     38 3258
     34 3259
     31 3260
     31 3261
     27 3262
     37 3263
     23 3264
     32 3265
     38 3266
     39 3267
     24 3268
     38 3269
     30 3270
     40 3271
     44 3272
     34 3273
     42 3274
     32 3275
     27 3276
     34 3277
     34 3278
     31 3279
     32 3280
     34 3281
     40 3282
     37 3283
     34 3284
     36 3285
     34 3286
     37 3287
     33 3288
     33 3289
     34 3290
     28 3291
     38 3292
     31 3293
     45 3294
     30 3295
     37 3296
     23 3297
     35 3298
     34 3299
     36 3300
     29 3301
     29 3302
     35 3303
     37 3304
     38 3305
     23 3306
     29 3307
     36 3308
     35 3309
     26 3310
     30 3311
     32 3312
     16 3313
     33 3314
     33 3315
     33 3316
     38 3317
     29 3318
     30 3319
     40 3320
     25 3321
     32 3322
     21 3323
     25 3324
     31 3325
     37 3326
     26 3327
     32 3328
     21 3329
     28 3330
     24 3331
     38 3332
     25 3333
     36 3334
     20 3335
     24 3336
     34 3337
     29 3338
     41 3339
     35 3340
     36 3341
     39 3342
     29 3343
     21 3344
     36 3345
     38 3346
     32 3347
     45 3348
     39 3349
     28 3350
     40 3351
     25 3352
     35 3353
     35 3354
     29 3355
     35 3356
     31 3357
     37 3358
     34 3359
     23 3360
     23 3361
     31 3362
     39 3363
     35 3364
     38 3365
     32 3366
     16 3367
     39 3368
     38 3369
     29 3370
     34 3371
     26 3372
     34 3373
     37 3374
     36 3375
     23 3376
     28 3377
     26 3378
     25 3379
     21 3380
     31 3381
     27 3382
     31 3383
     28 3384
     28 3385
     33 3386
     35 3387
     29 3388
     26 3389
     27 3390
     30 3391
     34 3392
     33 3393
     35 3394
     28 3395
     33 3396
     22 3397
     27 3398
     42 3399
     39 3400
     30 3401
     24 3402
     17 3403
     26 3404
     38 3405
     31 3406
     31 3407
     19 3408
     29 3409
     26 3410
     32 3411
     19 3412
     30 3413
     25 3414
     32 3415
     30 3416
     31 3417
     38 3418
     26 3419
     29 3420
     28 3421
     37 3422
     15 3423
     29 3424
     18 3425
     22 3426
     21 3427
     25 3428
     40 3429
     22 3430
     17 3431
     26 3432
     25 3433
     32 3434
     25 3435
     27 3436
     32 3437
     26 3438
     22 3439
     19 3440
     24 3441
     22 3442
     26 3443
     22 3444
     36 3445
     21 3446
     25 3447
     23 3448
     28 3449
     18 3450
     25 3451
     24 3452
     21 3453
     35 3454
     31 3455
     30 3456
     24 3457
     18 3458
     26 3459
     17 3460
     24 3461
     18 3462
     27 3463
     24 3464
     19 3465
     30 3466
     25 3467
     27 3468
     36 3469
     28 3470
     19 3471
     18 3472
     19 3473
     29 3474
     19 3475
     22 3476
     19 3477
     26 3478
     19 3479
     28 3480
     20 3481
     26 3482
     26 3483
     30 3484
     29 3485
     28 3486
     22 3487
     23 3488
     17 3489
     23 3490
     31 3491
     26 3492
     22 3493
     30 3494
     23 3495
     15 3496
     19 3497
     21 3498
     38 3499
     20 3500
     16 3501
     22 3502
     29 3503
     21 3504
     37 3505
     19 3506
     17 3507
     19 3508
     42 3509
     23 3510
     25 3511
     31 3512
     24 3513
     22 3514
     24 3515
     19 3516
     27 3517
     22 3518
     23 3519
     22 3520
     26 3521
     23 3522
     19 3523
     24 3524
     18 3525
     34 3526
     15 3527
     29 3528
     20 3529
     20 3530
     21 3531
     25 3532
     19 3533
     25 3534
     15 3535
     15 3536
     17 3537
     28 3538
     20 3539
     16 3540
     21 3541
     26 3542
     25 3543
     22 3544
     20 3545
     17 3546
     25 3547
     19 3548
     23 3549
     16 3550
     28 3551
     20 3552
     17 3553
     17 3554
     17 3555
     21 3556
     23 3557
     24 3558
     15 3559
     22 3560
     22 3561
     28 3562
     18 3563
     17 3564
     22 3565
     21 3566
     25 3567
     19 3568
     22 3569
     22 3570
     20 3571
     21 3572
     22 3573
     21 3574
     18 3575
     14 3576
     31 3577
     19 3578
     30 3579
     16 3580
     24 3581
     19 3582
     18 3583
     20 3584
     17 3585
     28 3586
     21 3587
     22 3588
     25 3589
     21 3590
     18 3591
     22 3592
     15 3593
     16 3594
     28 3595
     14 3596
     15 3597
     20 3598
     17 3599
     21 3600
     16 3601
     18 3602
     14 3603
     21 3604
     16 3605
     25 3606
     24 3607
     13 3608
     13 3609
     21 3610
     13 3611
     16 3612
     16 3613
     25 3614
     10 3615
     15 3616
     16 3617
      8 3618
     14 3619
     12 3620
     14 3621
     22 3622
     14 3623
     12 3624
     18 3625
     21 3626
     20 3627
     19 3628
     14 3629
     23 3630
     19 3631
     14 3632
     14 3633
     18 3634
     17 3635
     21 3636
     18 3637
     17 3638
     25 3639
     17 3640
     24 3641
     20 3642
     24 3643
     18 3644
     26 3645
     19 3646
     24 3647
     16 3648
     12 3649
     13 3650
     16 3651
     10 3652
     14 3653
     14 3654
     15 3655
     23 3656
     18 3657
     19 3658
     14 3659
     16 3660
     22 3661
     15 3662
     20 3663
      9 3664
     16 3665
     19 3666
     14 3667
     22 3668
     23 3669
     23 3670
      9 3671
     10 3672
     16 3673
     23 3674
      9 3675
     24 3676
     22 3677
     22 3678
     27 3679
     10 3680
     10 3681
     25 3682
     18 3683
     17 3684
     18 3685
     23 3686
     23 3687
     21 3688
     16 3689
     18 3690
     16 3691
     18 3692
     20 3693
     22 3694
     15 3695
     15 3696
     18 3697
     19 3698
     11 3699
     11 3700
     17 3701
     16 3702
     19 3703
     15 3704
     19 3705
     14 3706
     14 3707
     15 3708
     18 3709
     19 3710
     19 3711
     18 3712
     18 3713
     16 3714
     23 3715
     19 3716
     15 3717
     16 3718
     10 3719
     16 3720
     12 3721
     19 3722
     15 3723
     15 3724
     20 3725
     19 3726
     15 3727
     13 3728
     10 3729
     11 3730
     11 3731
     14 3732
     17 3733
     20 3734
     15 3735
     14 3736
     13 3737
     11 3738
     13 3739
     14 3740
     13 3741
     21 3742
     10 3743
     14 3744
     15 3745
     16 3746
     15 3747
     19 3748
     10 3749
     15 3750
     18 3751
     12 3752
     13 3753
     11 3754
     15 3755
     12 3756
     13 3757
     12 3758
     13 3759
     13 3760
     12 3761
     18 3762
     15 3763
     17 3764
     14 3765
     17 3766
     14 3767
     11 3768
     16 3769
     10 3770
     11 3771
     13 3772
     20 3773
     17 3774
     13 3775
     11 3776
     13 3777
     13 3778
     18 3779
     18 3780
     10 3781
     14 3782
      8 3783
     13 3784
     14 3785
     12 3786
     15 3787
     14 3788
     15 3789
     17 3790
     19 3791
      8 3792
     17 3793
     11 3794
     15 3795
     13 3796
     15 3797
     13 3798
     17 3799
     10 3800
     12 3801
     13 3802
      9 3803
     16 3804
     17 3805
     14 3806
     21 3807
     13 3808
      9 3809
     15 3810
     12 3811
     19 3812
     15 3813
     20 3814
     21 3815
     13 3816
     12 3817
     14 3818
     22 3819
     13 3820
     18 3821
     16 3822
     18 3823
     16 3824
     21 3825
     15 3826
     14 3827
     15 3828
     12 3829
     14 3830
     11 3831
     12 3832
     22 3833
      8 3834
     18 3835
     16 3836
     16 3837
     16 3838
     17 3839
      9 3840
     13 3841
     15 3842
     13 3843
     11 3844
     16 3845
     10 3846
     18 3847
     11 3848
     13 3849
     13 3850
     11 3851
     10 3852
     11 3853
     20 3854
     11 3855
     14 3856
     12 3857
     13 3858
     18 3859
     12 3860
      9 3861
     16 3862
     14 3863
     12 3864
     12 3865
     19 3866
     10 3867
      5 3868
      9 3869
     11 3870
     13 3871
      8 3872
     13 3873
     18 3874
     10 3875
     15 3876
     12 3877
      8 3878
     20 3879
     11 3880
     11 3881
     17 3882
      9 3883
     18 3884
     12 3885
      7 3886
     15 3887
     11 3888
     11 3889
     11 3890
     15 3891
     12 3892
     10 3893
     18 3894
     15 3895
     10 3896
     14 3897
      9 3898
      9 3899
      9 3900
     12 3901
      9 3902
     11 3903
     18 3904
     10 3905
     21 3906
     13 3907
     11 3908
     11 3909
     14 3910
     12 3911
      8 3912
     13 3913
     12 3914
      7 3915
     12 3916
      7 3917
     16 3918
     12 3919
      4 3920
      4 3921
     10 3922
     15 3923
      8 3924
     13 3925
     19 3926
     13 3927
     17 3928
     10 3929
     17 3930
     12 3931
     12 3932
      6 3933
     17 3934
      6 3935
      7 3936
     10 3937
     14 3938
     13 3939
     10 3940
     14 3941
     11 3942
     16 3943
      9 3944
     11 3945
      9 3946
     12 3947
     15 3948
     10 3949
     10 3950
     16 3951
     12 3952
     13 3953
     10 3954
     19 3955
     11 3956
     15 3957
     12 3958
     16 3959
      5 3960
     12 3961
     16 3962
     13 3963
     11 3964
     17 3965
      9 3966
     10 3967
     12 3968
     14 3969
      9 3970
     11 3971
     10 3972
     14 3973
     14 3974
     16 3975
     12 3976
     17 3977
      9 3978
      9 3979
     10 3980
      8 3981
     16 3982
      9 3983
      8 3984
     11 3985
      7 3986
     17 3987
     14 3988
     14 3989
      8 3990
     10 3991
     17 3992
     12 3993
     15 3994
      9 3995
     17 3996
     14 3997
     11 3998
     14 3999
     10 4000
      9 4001
     10 4002
     11 4003
     16 4004
     11 4005
     16 4006
     12 4007
     11 4008
      7 4009
     15 4010
     12 4011
     10 4012
     15 4013
     10 4014
     25 4015
     12 4016
      9 4017
     18 4018
     10 4019
      8 4020
     18 4021
     11 4022
     12 4023
     18 4024
     10 4025
     12 4026
     16 4027
     16 4028
     18 4029
     15 4030
     15 4031
      7 4032
     13 4033
     10 4034
     16 4035
     14 4036
     11 4037
     12 4038
     11 4039
      8 4040
      8 4041
     13 4042
     12 4043
     15 4044
     14 4045
     10 4046
     12 4047
     11 4048
     11 4049
     12 4050
     13 4051
      7 4052
     16 4053
     12 4054
     12 4055
     13 4056
     12 4057
      9 4058
      7 4059
      5 4060
      9 4061
     14 4062
     13 4063
     10 4064
     10 4065
     10 4066
     12 4067
     10 4068
     11 4069
     12 4070
     10 4071
      6 4072
     10 4073
     12 4074
      9 4075
     10 4076
      9 4077
     14 4078
     15 4079
      9 4080
     17 4081
      5 4082
     10 4083
     10 4084
     10 4085
     10 4086
     11 4087
     13 4088
     11 4089
     16 4090
     13 4091
     12 4092
     12 4093
      8 4094
      5 4095
     15 4096
     13 4097
     10 4098
     14 4099
     12 4100
      9 4101
      6 4102
     11 4103
     14 4104
      6 4105
      9 4106
      9 4107
      6 4108
     15 4109
     13 4110
     11 4111
     10 4112
     11 4113
      4 4114
     14 4115
     11 4116
     16 4117
      6 4118
     16 4119
      4 4120
     12 4121
     13 4122
     11 4123
      7 4124
     13 4125
     10 4126
     18 4127
      9 4128
      7 4129
     10 4130
     11 4131
     15 4132
     15 4133
     13 4134
     10 4135
     14 4136
      9 4137
     13 4138
      9 4139
     16 4140
     14 4141
     10 4142
     10 4143
      8 4144
     14 4145
     11 4146
     13 4147
     10 4148
     13 4149
     16 4150
     14 4151
     12 4152
     12 4153
     10 4154
     10 4155
      9 4156
     15 4157
     14 4158
      6 4159
     14 4160
     11 4161
     16 4162
     13 4163
     12 4164
     17 4165
     13 4166
     10 4167
     16 4168
      6 4169
     13 4170
     12 4171
     12 4172
     14 4173
     11 4174
     10 4175
     11 4176
     10 4177
     12 4178
      8 4179
     12 4180
     12 4181
     10 4182
     10 4183
      6 4184
     10 4185
     11 4186
      5 4187
     17 4188
     12 4189
     11 4190
     11 4191
     14 4192
     13 4193
      9 4194
      7 4195
     13 4196
     15 4197
     13 4198
     11 4199
     12 4200
      8 4201
     14 4202
      9 4203
      9 4204
     14 4205
      7 4206
      9 4207
     14 4208
     17 4209
     11 4210
      9 4211
     11 4212
     13 4213
     15 4214
      8 4215
      9 4216
      8 4217
     16 4218
     12 4219
      9 4220
      9 4221
      8 4222
      9 4223
     10 4224
      9 4225
      9 4226
     11 4227
     17 4228
     12 4229
      9 4230
      6 4231
     11 4232
      6 4233
      6 4234
     12 4235
     10 4236
      8 4237
     21 4238
     16 4239
      8 4240
      8 4241
     15 4242
     11 4243
     14 4244
     12 4245
      8 4246
     12 4247
     12 4248
      8 4249
     11 4250
     12 4251
     16 4252
     11 4253
     10 4254
      6 4255
      8 4256
      8 4257
      7 4258
     15 4259
     15 4260
     17 4261
     16 4262
     10 4263
     24 4264
     12 4265
      6 4266
     18 4267
     11 4268
     13 4269
     12 4270
     13 4271
      7 4272
     12 4273
      7 4274
     12 4275
     12 4276
      7 4277
     10 4278
     11 4279
     11 4280
      9 4281
     11 4282
     10 4283
      6 4284
     11 4285
      8 4286
     11 4287
     11 4288
      7 4289
     15 4290
      4 4291
     10 4292
     11 4293
      7 4294
      8 4295
      6 4296
      5 4297
      9 4298
      8 4299
     14 4300
      9 4301
      5 4302
     11 4303
      8 4304
     14 4305
     14 4306
     13 4307
     12 4308
     14 4309
      9 4310
      9 4311
     13 4312
     13 4313
      8 4314
     13 4315
      3 4316
     15 4317
     11 4318
     12 4319
      9 4320
      2 4321
      7 4322
     17 4323
     13 4324
     17 4325
      7 4326
     12 4327
     16 4328
     15 4329
      3 4330
     11 4331
      9 4332
     13 4333
     12 4334
     16 4335
     10 4336
      9 4337
      8 4338
     10 4339
     13 4340
     13 4341
      8 4342
     11 4343
     16 4344
     14 4345
      9 4346
     11 4347
     14 4348
      8 4349
     10 4350
     11 4351
     13 4352
     10 4353
     13 4354
     10 4355
     10 4356
      7 4357
     13 4358
     14 4359
      8 4360
      9 4361
     11 4362
     12 4363
     14 4364
     12 4365
     16 4366
      7 4367
     16 4368
      7 4369
      7 4370
      6 4371
     13 4372
     16 4373
     17 4374
     12 4375
      9 4376
     11 4377
      6 4378
     11 4379
      9 4380
     14 4381
      7 4382
     11 4383
     10 4384
      8 4385
     12 4386
     10 4387
      7 4388
      7 4389
     10 4390
     15 4391
     13 4392
      9 4393
     10 4394
      8 4395
     13 4396
     14 4397
     13 4398
      6 4399
     13 4400
      9 4401
      9 4402
      4 4403
      8 4404
      6 4405
      8 4406
      6 4407
      6 4408
      9 4409
      8 4410
      2 4411
     13 4412
      8 4413
     10 4414
     11 4415
      9 4416
     12 4417
     10 4418
      8 4419
     11 4420
      7 4421
     18 4422
      6 4423
      5 4424
      8 4425
     11 4426
     14 4427
     23 4428
     13 4429
     11 4430
     13 4431
     12 4432
     15 4433
     12 4434
     13 4435
     12 4436
      9 4437
     13 4438
      9 4439
      7 4440
      8 4441
      8 4442
      8 4443
      9 4444
     10 4445
     10 4446
      8 4447
      9 4448
     12 4449
      8 4450
     12 4451
     11 4452
     11 4453
     11 4454
     11 4455
      6 4456
     18 4457
      8 4458
      7 4459
     16 4460
     12 4461
     10 4462
      7 4463
     10 4464
     13 4465
     12 4466
     12 4467
     10 4468
     14 4469
     11 4470
      8 4471
     13 4472
     10 4473
     15 4474
      9 4475
      5 4476
     10 4477
     13 4478
      8 4479
     10 4480
      9 4481
      6 4482
     10 4483
      7 4484
     14 4485
      9 4486
     10 4487
     10 4488
     11 4489
     13 4490
     12 4491
      8 4492
      4 4493
      7 4494
      8 4495
     13 4496
     10 4497
      8 4498
      6 4499
      9 4500
     14 4501
     12 4502
     10 4503
      6 4504
      7 4505
      9 4506
     13 4507
      8 4508
     14 4509
     13 4510
      9 4511
     10 4512
     10 4513
      9 4514
      8 4515
      4 4516
     11 4517
      9 4518
      8 4519
     18 4520
      8 4521
      9 4522
     16 4523
     10 4524
      9 4525
      3 4526
      7 4527
     10 4528
      7 4529
     11 4530
      3 4531
      5 4532
     13 4533
      8 4534
     13 4535
      8 4536
      7 4537
     10 4538
      8 4539
     16 4540
      7 4541
     10 4542
      7 4543
     10 4544
      8 4545
      9 4546
      8 4547
     15 4548
     20 4549
      9 4550
      7 4551
     11 4552
     11 4553
      4 4554
      7 4555
     12 4556
     14 4557
     15 4558
     15 4559
      9 4560
     10 4561
      9 4562
     11 4563
     11 4564
     18 4565
     11 4566
     10 4567
      6 4568
      8 4569
      7 4570
      9 4571
     11 4572
      6 4573
      5 4574
      9 4575
      8 4576
      4 4577
      7 4578
     14 4579
      2 4580
      7 4581
     12 4582
      3 4583
      5 4584
     15 4585
      6 4586
     10 4587
      5 4588
      7 4589
      9 4590
      6 4591
     16 4592
      7 4593
     13 4594
      9 4595
      6 4596
     10 4597
      5 4598
      6 4599
      9 4600
      8 4601
      5 4602
      9 4603
      8 4604
     10 4605
      7 4606
      9 4607
     10 4608
     10 4609
      9 4610
      5 4611
     13 4612
      2 4613
      9 4614
      7 4615
      9 4616
      6 4617
      5 4618
     10 4619
     15 4620
     11 4621
      6 4622
      3 4623
      8 4624
     10 4625
      3 4626
      6 4627
      7 4628
     10 4629
      7 4630
     10 4631
     10 4632
      8 4633
     12 4634
      4 4635
     12 4636
      8 4637
      9 4638
     10 4639
     17 4640
     10 4641
      8 4642
      5 4643
      6 4644
     11 4645
      9 4646
     13 4647
     10 4648
     10 4649
      9 4650
     16 4651
      5 4652
     11 4653
     10 4654
     11 4655
      9 4656
      8 4657
      5 4658
      9 4659
      7 4660
      8 4661
      4 4662
     15 4663
      6 4664
     14 4665
      7 4666
     13 4667
     10 4668
     10 4669
     15 4670
      8 4671
      8 4672
      8 4673
     13 4674
      6 4675
     12 4676
      5 4677
      5 4678
     10 4679
      8 4680
      7 4681
     10 4682
      7 4683
      6 4684
      8 4685
      6 4686
     10 4687
      5 4688
      6 4689
      5 4690
     15 4691
      8 4692
      8 4693
     13 4694
     10 4695
     18 4696
      9 4697
      4 4698
      5 4699
      4 4700
      7 4701
      6 4702
     15 4703
     14 4704
      7 4705
      6 4706
      7 4707
      4 4708
      8 4709
     11 4710
      9 4711
      8 4712
      8 4713
      9 4714
      5 4715
      5 4716
      7 4717
     10 4718
      9 4719
      5 4720
      5 4721
      9 4722
      8 4723
      9 4724
      9 4725
      7 4726
      7 4727
      8 4728
      7 4729
      7 4730
      6 4731
      3 4732
      5 4733
     12 4734
      8 4735
      5 4736
      7 4737
      6 4738
     15 4739
      6 4740
      6 4741
      6 4742
      8 4743
     11 4744
     11 4745
      7 4746
      6 4747
     13 4748
     12 4749
      6 4750
      7 4751
     10 4752
      2 4753
      5 4754
     11 4755
      3 4756
     10 4757
     10 4758
      4 4759
      8 4760
     10 4761
     12 4762
      7 4763
      4 4764
      8 4765
     11 4766
      3 4767
      8 4768
     10 4769
      5 4770
      9 4771
      6 4772
     15 4773
      6 4774
     11 4775
     10 4776
      8 4777
      8 4778
      8 4779
      9 4780
      8 4781
      7 4782
     10 4783
      8 4784
     18 4785
     20 4786
      9 4787
     13 4788
     15 4789
      8 4790
     17 4791
      6 4792
      7 4793
      7 4794
     10 4795
     10 4796
     13 4797
     11 4798
      3 4799
      8 4800
      9 4801
      3 4802
     10 4803
     10 4804
     10 4805
     10 4806
     11 4807
     12 4808
      4 4809
     10 4810
      8 4811
     12 4812
      8 4813
     10 4814
     11 4815
     12 4816
     10 4817
      9 4818
      9 4819
     16 4820
      8 4821
     10 4822
      7 4823
     10 4824
      9 4825
      6 4826
      8 4827
      5 4828
     10 4829
     13 4830
      5 4831
     10 4832
      7 4833
      9 4834
      5 4835
     12 4836
      6 4837
      5 4838
     11 4839
      9 4840
      8 4841
      6 4842
     10 4843
      7 4844
     10 4845
      6 4846
      9 4847
      6 4848
     10 4849
      4 4850
     10 4851
      9 4852
      5 4853
      7 4854
     12 4855
     11 4856
      8 4857
      5 4858
     10 4859
      9 4860
      8 4861
     11 4862
     10 4863
     10 4864
      9 4865
     10 4866
      9 4867
      6 4868
     10 4869
      9 4870
      7 4871
      9 4872
      5 4873
     12 4874
     10 4875
      9 4876
      4 4877
      7 4878
      9 4879
     12 4880
      9 4881
      6 4882
      7 4883
      7 4884
     11 4885
      9 4886
     11 4887
      6 4888
     12 4889
      8 4890
      8 4891
      6 4892
     11 4893
      5 4894
      8 4895
      7 4896
     10 4897
      4 4898
      9 4899
      4 4900
     14 4901
      4 4902
      7 4903
      7 4904
      9 4905
     10 4906
      3 4907
      8 4908
      7 4909
      5 4910
      9 4911
     10 4912
     12 4913
     12 4914
     11 4915
      7 4916
     11 4917
     15 4918
     10 4919
     10 4920
      6 4921
      8 4922
      4 4923
      6 4924
      4 4925
     11 4926
     12 4927
      8 4928
      9 4929
      9 4930
      8 4931
      6 4932
      7 4933
     11 4934
      9 4935
     12 4936
      4 4937
      9 4938
      8 4939
      7 4940
     12 4941
     10 4942
      9 4943
      3 4944
      4 4945
     11 4946
     10 4947
      9 4948
      7 4949
      9 4950
      8 4951
      9 4952
      4 4953
     10 4954
      8 4955
     10 4956
      8 4957
      4 4958
      8 4959
      6 4960
      8 4961
     10 4962
     11 4963
      7 4964
     11 4965
      9 4966
      8 4967
      9 4968
     11 4969
      3 4970
      7 4971
     10 4972
      5 4973
      9 4974
     14 4975
      9 4976
      9 4977
      8 4978
      7 4979
      9 4980
      7 4981
      5 4982
      5 4983
      7 4984
     10 4985
      4 4986
      6 4987
     11 4988
      7 4989
      4 4990
      6 4991
     11 4992
      3 4993
      8 4994
     10 4995
     10 4996
     10 4997
      7 4998
      6 4999
      7 5000
     12 5001
      7 5002
      7 5003
      9 5004
      9 5005
      4 5006
      5 5007
     11 5008
     11 5009
      3 5010
      6 5011
      8 5012
     10 5013
      2 5014
     10 5015
      5 5016
      7 5017
      4 5018
      9 5019
      6 5020
      9 5021
      7 5022
     11 5023
      3 5024
      9 5025
      7 5026
      8 5027
     10 5028
      5 5029
      6 5030
      4 5031
      8 5032
      7 5033
     10 5034
      8 5035
      4 5036
      8 5037
     11 5038
      9 5039
     10 5040
      4 5041
      5 5042
      9 5043
      8 5044
     10 5045
      6 5046
      9 5047
      7 5048
     11 5049
      5 5050
     12 5051
      6 5052
     12 5053
      6 5054
      9 5055
      5 5056
      8 5057
     10 5058
      6 5059
      4 5060
      7 5061
      7 5062
     12 5063
      7 5064
     10 5065
      7 5066
      6 5067
      7 5068
      5 5069
      6 5070
      5 5071
      7 5072
      6 5073
      3 5074
      4 5075
      8 5076
      7 5077
     12 5078
      6 5079
     13 5080
     10 5081
      7 5082
     13 5083
     14 5084
      7 5085
     12 5086
     14 5087
      7 5088
      7 5089
      9 5090
      7 5091
      9 5092
      7 5093
      8 5094
      8 5095
      4 5096
      7 5097
      9 5098
      5 5099
      6 5100
      8 5101
      7 5102
      8 5103
      8 5104
      9 5105
     10 5106
     10 5107
      5 5108
      9 5109
     13 5110
      8 5111
      2 5112
      9 5113
      6 5114
      5 5115
      7 5116
      5 5117
      2 5118
     11 5119
      7 5120
      3 5121
      8 5122
      9 5123
     10 5124
      8 5125
      9 5126
      7 5127
     15 5128
      8 5129
      8 5130
      7 5131
      8 5132
      5 5133
      5 5134
      4 5135
      6 5136
      9 5137
      4 5138
      8 5139
      5 5140
      5 5141
      8 5142
      7 5143
      3 5144
      6 5145
      3 5146
      1 5147
      8 5148
     10 5149
      4 5150
     10 5151
     10 5152
      3 5153
      2 5154
      3 5155
      2 5156
      2 5157
      5 5158
      5 5159
      7 5160
      4 5161
      2 5162
      8 5163
      3 5164
      3 5165
      7 5166
      9 5167
      1 5168
      5 5169
      5 5170
      6 5171
      5 5172
      7 5173
      7 5174
      5 5175
      2 5176
      8 5177
      5 5178
      6 5179
      8 5180
      4 5181
      6 5182
      6 5183
      3 5184
      5 5185
      5 5186
      4 5187
      7 5188
      2 5189
      9 5190
      4 5191
      9 5192
      5 5193
      8 5194
      3 5195
      6 5196
      6 5197
      7 5198
      6 5199
      8 5200
      5 5201
      9 5202
      8 5203
      4 5204
      3 5205
      6 5206
      5 5207
      5 5208
      3 5209
      5 5210
      5 5211
      4 5212
      5 5213
      4 5214
      3 5215
      6 5216
      5 5217
      9 5218
     11 5219
      4 5220
      4 5221
      6 5222
      7 5223
      3 5224
      7 5225
      5 5226
      8 5227
      2 5228
      6 5229
     13 5230
      6 5231
      5 5232
      7 5233
      5 5234
      3 5235
      5 5236
     11 5237
      8 5238
      3 5239
      8 5240
      5 5241
      4 5242
      2 5243
      7 5244
      7 5245
      6 5246
      6 5247
      7 5248
      4 5249
      5 5250
      6 5251
      6 5252
      7 5253
      8 5254
      8 5255
      3 5256
      4 5257
      9 5258
      4 5259
      9 5260
      5 5261
      2 5262
      1 5263
      1 5264
      5 5265
      6 5266
      5 5267
      7 5268
      2 5269
     10 5270
      7 5271
      5 5272
      3 5273
      6 5274
      3 5275
      5 5276
      3 5277
      5 5278
      5 5279
      6 5280
      4 5281
      1 5282
      1 5283
      4 5284
      2 5285
      7 5286
      6 5287
      3 5288
      4 5289
      5 5290
      3 5291
      4 5292
      6 5293
      6 5294
      8 5295
      3 5296
      2 5297
      7 5298
      8 5299
      3 5300
      3 5301
      4 5302
      6 5303
      4 5304
      2 5305
      9 5306
      6 5307
      3 5308
      3 5309
      2 5310
      8 5311
      4 5312
      3 5313
      6 5314
      3 5315
      3 5316
      3 5317
      6 5318
      2 5319
      5 5320
      7 5321
      3 5322
      4 5323
      7 5324
      4 5325
      2 5326
      4 5327
      9 5328
      3 5329
      2 5330
      5 5331
      3 5332
      3 5333
      5 5334
      5 5335
      2 5336
      2 5337
      1 5338
      3 5339
      4 5340
      3 5341
      6 5342
      5 5343
      4 5344
      5 5345
      3 5346
      3 5347
      3 5348
      7 5349
      5 5350
      4 5351
      8 5352
      4 5353
     11 5354
      1 5355
      4 5356
      4 5357
      4 5358
      8 5359
      5 5360
      7 5361
      4 5362
      4 5363
      5 5364
      8 5365
      4 5366
      5 5367
      5 5368
      8 5369
      4 5370
      3 5371
      5 5372
      7 5373
      3 5374
      4 5375
      5 5376
      9 5377
      5 5378
      4 5379
      3 5380
      6 5381
      4 5382
      4 5383
      7 5384
      6 5385
      3 5386
      7 5387
      5 5388
      3 5389
      7 5390
      5 5391
      7 5392
      4 5393
      4 5394
      8 5395
      7 5396
      6 5397
      7 5398
      3 5399
      4 5400
      4 5401
      6 5402
      3 5403
      3 5404
      7 5405
      7 5406
      2 5407
      2 5408
      5 5409
      3 5410
      6 5411
     10 5412
      8 5413
      9 5414
      2 5415
      4 5416
      6 5417
      7 5418
      1 5419
      9 5420
     11 5421
      5 5422
      2 5423
      6 5424
      3 5425
      2 5426
      4 5427
      4 5428
      6 5429
      6 5430
      3 5431
      3 5432
      4 5433
      2 5434
      6 5435
      3 5436
      8 5437
      4 5438
      3 5439
      5 5440
      6 5441
      2 5442
      5 5443
      3 5444
      3 5445
      3 5446
      4 5447
      5 5448
      2 5449
      5 5450
      6 5451
      7 5452
      5 5453
      5 5454
      6 5455
      4 5456
      3 5457
      4 5458
      5 5459
      7 5460
      8 5461
      5 5462
      8 5463
      4 5464
      3 5465
      9 5466
      9 5467
      4 5468
      2 5469
      6 5470
      1 5471
      8 5472
      6 5473
      1 5474
      2 5475
      8 5476
      6 5477
      6 5478
      5 5479
      6 5480
      2 5481
      4 5482
      2 5483
      2 5484
      5 5486
      2 5487
      3 5488
      9 5489
      3 5490
      2 5491
      4 5492
      5 5493
      4 5494
      7 5495
      9 5496
      4 5497
      6 5498
      3 5499
      5 5500
      5 5501
      4 5502
      2 5503
      2 5504
      6 5505
      4 5506
      5 5507
      4 5509
      4 5510
      6 5511
      2 5512
      4 5513
      5 5514
      1 5515
      3 5516
      5 5517
      5 5518
      5 5519
      5 5520
      4 5521
      4 5522
      4 5523
      6 5524
      8 5525
      4 5526
      2 5527
      5 5528
      6 5529
      5 5530
      4 5531
      4 5532
      2 5533
      4 5534
      2 5535
      5 5536
      2 5537
      7 5538
      5 5539
      3 5540
      2 5541
      5 5542
      3 5543
      1 5544
      4 5545
      4 5546
      5 5547
      4 5548
      5 5549
      5 5550
      4 5551
      3 5552
      5 5553
      6 5554
      1 5555
      4 5556
      1 5557
      7 5558
      3 5559
      4 5560
      4 5561
      4 5562
      2 5563
      5 5564
      7 5565
      5 5566
      4 5567
      3 5568
      3 5569
      4 5570
      7 5571
      6 5572
      3 5573
      2 5574
      6 5575
      5 5576
      6 5577
      5 5578
      7 5579
      3 5580
      6 5581
      3 5582
      5 5583
      1 5584
      2 5585
      6 5586
      6 5587
      4 5588
      8 5589
      2 5590
      2 5591
      6 5592
      5 5593
      2 5594
      4 5595
      3 5596
      7 5597
      3 5598
      6 5599
      3 5600
      3 5601
      8 5602
      8 5603
     12 5604
      7 5605
      4 5606
      3 5607
      4 5608
     11 5609
      4 5610
      6 5611
      6 5612
      4 5613
      6 5614
      4 5615
      9 5616
      1 5617
      1 5618
      4 5619
      3 5620
      8 5621
      2 5622
      2 5623
      2 5624
      6 5625
      6 5626
      3 5627
      5 5628
      7 5629
      4 5630
      9 5631
      5 5632
      3 5633
      6 5634
      6 5635
      3 5636
      4 5637
      9 5638
      8 5639
      3 5640
      6 5641
      6 5642
      3 5643
      8 5644
      5 5645
      1 5646
      5 5647
      4 5648
      6 5649
      8 5650
      6 5651
      8 5652
      6 5653
      8 5654
      4 5655
      5 5656
      3 5657
      6 5658
      5 5659
      4 5660
      7 5661
      7 5662
      6 5663
      5 5664
     13 5665
      5 5666
      9 5667
      1 5668
      7 5669
      5 5671
      3 5672
      2 5673
      3 5674
      3 5675
      6 5676
      3 5677
      2 5678
      3 5679
      4 5680
      1 5681
      6 5682
      5 5683
      3 5684
      3 5685
      5 5686
      4 5687
      4 5688
      2 5689
      4 5690
      5 5691
      2 5692
      1 5693
      2 5694
      5 5695
      7 5696
      9 5697
      8 5698
      2 5699
      3 5700
      2 5701
      4 5702
      3 5703
      1 5704
      5 5705
      6 5706
      2 5707
      6 5708
      3 5709
      4 5710
      2 5711
      4 5712
      3 5713
      2 5714
      3 5715
      5 5716
      4 5717
      2 5718
      4 5719
      7 5720
      3 5721
      5 5722
      4 5723
      7 5724
      4 5725
      4 5726
      6 5727
      3 5728
      3 5729
      4 5730
      4 5731
      4 5732
      2 5733
      4 5734
      1 5735
      4 5736
     10 5737
      2 5738
      2 5739
      3 5740
      3 5741
      5 5742
      3 5743
      1 5744
      4 5745
      3 5746
     10 5747
      2 5748
      1 5749
      2 5750
      1 5751
      5 5752
      8 5753
      4 5754
      1 5755
      3 5756
      7 5757
      3 5758
      1 5759
      3 5760
      4 5761
      1 5762
      4 5763
      1 5764
      4 5765
      3 5766
      5 5767
      4 5768
      3 5769
      4 5770
      4 5771
      3 5772
      2 5773
      7 5774
      1 5775
      8 5777
      2 5778
      4 5779
      5 5780
      5 5781
      2 5782
      4 5783
      4 5784
      2 5785
      2 5786
      2 5787
      2 5788
      2 5789
      4 5790
      3 5791
      5 5792
      4 5793
      5 5794
      3 5795
      4 5796
      3 5797
      7 5798
      5 5799
      2 5800
      4 5801
      3 5802
      2 5803
      4 5804
      4 5805
      2 5806
      3 5808
      4 5809
      4 5811
      2 5812
      5 5813
      2 5814
      5 5815
      3 5816
      7 5817
      6 5818
      3 5820
      4 5821
      4 5822
      1 5823
      3 5824
      3 5825
      7 5826
      3 5827
      6 5828
      3 5829
      6 5830
      2 5831
      2 5832
      4 5833
      3 5834
      2 5835
      2 5836
      3 5837
      3 5838
      1 5839
      5 5840
      2 5841
      3 5842
      5 5844
      2 5845
      9 5846
      3 5847
      3 5848
      2 5849
      2 5851
      4 5852
      3 5854
      5 5855
      4 5856
      4 5857
      2 5858
      1 5859
      4 5860
      3 5861
      3 5862
      4 5863
      4 5864
      4 5865
      3 5866
      3 5867
      1 5868
      3 5869
      6 5870
      1 5871
      4 5872
      2 5873
      8 5875
      5 5877
      4 5878
      3 5879
      6 5880
      1 5881
      3 5882
      6 5883
      2 5884
      4 5885
      6 5886
      3 5887
      3 5888
      3 5889
      1 5890
      2 5891
      5 5892
      3 5893
      2 5894
      5 5895
      4 5896
      1 5897
      4 5898
      6 5899
      2 5900
      2 5901
      6 5902
      6 5903
      4 5904
      3 5905
      6 5906
      1 5907
      4 5908
      5 5909
      3 5910
      6 5911
      8 5912
      8 5913
      2 5914
      4 5915
      1 5916
      6 5917
      3 5918
      3 5919
      3 5920
      5 5921
      4 5922
      5 5923
      3 5924
      2 5925
      5 5926
      4 5927
      2 5928
      6 5929
      5 5930
      2 5931
      4 5932
      4 5933
      6 5934
      3 5935
      4 5936
      3 5937
      4 5938
      1 5939
      5 5940
      5 5941
      1 5942
      5 5943
      2 5944
      2 5945
      1 5946
      2 5947
      3 5948
      2 5949
      2 5950
      4 5951
      5 5952
      6 5953
      4 5954
      2 5956
      4 5957
      3 5958
      2 5959
      2 5960
      5 5961
      1 5962
      5 5963
      3 5965
      4 5966
      3 5967
      5 5968
      3 5969
      3 5970
      4 5971
      4 5972
      1 5973
      1 5974
      4 5975
      1 5977
      5 5978
      3 5979
      3 5980
      2 5981
      1 5982
      3 5983
      4 5984
      1 5985
      7 5986
      4 5987
      3 5988
      5 5989
      3 5990
      2 5991
      3 5992
      4 5993
      4 5994
      5 5995
      5 5996
      5 5997
      9 5998
      3 5999
      5 6000
      1 6001
      2 6002
      5 6003
      4 6004
      3 6005
      2 6006
      7 6007
      1 6008
      6 6009
      4 6010
      2 6011
      6 6012
      5 6013
      1 6014
      5 6015
      5 6016
      2 6017
      5 6018
      2 6019
      5 6020
      3 6021
      1 6022
      5 6023
      3 6024
      8 6025
      3 6026
      5 6027
      3 6028
      2 6029
      6 6030
      3 6031
      4 6032
      3 6033
      2 6034
      5 6035
      2 6036
      6 6037
      2 6038
      3 6039
      4 6041
      5 6042
      3 6043
      3 6044
      5 6045
      3 6046
      2 6047
      2 6048
      7 6049
      3 6050
      1 6051
      2 6052
      4 6053
      3 6054
      3 6055
      3 6056
      6 6057
      6 6058
      5 6059
      3 6060
      3 6061
      7 6062
      2 6063
      5 6064
      9 6065
      3 6066
      1 6067
      2 6068
      4 6069
      7 6071
      3 6072
      1 6073
      1 6074
      3 6075
      1 6076
      2 6077
      4 6078
      1 6079
      2 6080
      3 6081
      4 6082
      1 6083
      1 6085
      1 6086
      4 6087
      8 6088
      2 6089
      3 6090
      7 6092
      6 6093
      3 6094
      6 6095
      2 6097
      3 6098
      2 6099
      1 6100
      4 6101
      3 6102
      2 6103
      3 6104
      4 6105
      3 6106
      1 6107
      2 6108
      4 6109
      3 6110
      2 6111
      5 6112
      9 6113
      4 6114
      3 6115
      3 6116
      2 6117
      1 6118
      1 6119
      4 6120
      6 6121
      3 6122
      2 6123
      5 6124
      2 6125
      4 6126
      2 6127
      3 6128
      3 6129
      3 6130
      5 6131
      6 6132
      2 6133
      4 6134
      4 6135
      5 6136
      5 6137
      3 6138
      3 6139
      2 6140
      4 6141
      4 6142
      3 6143
      2 6144
      2 6145
      3 6146
      4 6147
      2 6148
      5 6149
      1 6150
      5 6151
      4 6152
      6 6153
      5 6154
      7 6155
      5 6156
      2 6157
      2 6158
      1 6159
      4 6160
      5 6161
      6 6162
      2 6163
      3 6164
      3 6165
      1 6166
      6 6167
      2 6168
      8 6169
      4 6170
      3 6171
      2 6172
      3 6173
      2 6174
      2 6175
      9 6176
      4 6177
      4 6178
      4 6179
      3 6180
      6 6181
      3 6182
      3 6183
      1 6184
      4 6185
      6 6186
      5 6188
      2 6189
      2 6190
      1 6191
      5 6192
      3 6193
      4 6194
      4 6195
      2 6196
      5 6197
      2 6199
      3 6200
      1 6201
      3 6202
      4 6203
      1 6204
      3 6205
      3 6206
      6 6207
      4 6208
      1 6209
      4 6210
      4 6211
      4 6212
      1 6213
      1 6214
      4 6215
      6 6216
      2 6217
      5 6218
      2 6219
      4 6220
      8 6221
      2 6222
      2 6223
      2 6224
      3 6225
      5 6226
      4 6227
      2 6228
      3 6229
      2 6230
      4 6231
      1 6232
      2 6233
      4 6234
      9 6235
      3 6236
      3 6237
      2 6238
      3 6239
      5 6240
      3 6241
      3 6242
      5 6244
     11 6245
     10 6246
      7 6247
      4 6248
      4 6249
      3 6250
      4 6251
      3 6252
      2 6253
      5 6254
      5 6255
      5 6256
      7 6257
      6 6258
      3 6259
      3 6260
      4 6261
      6 6262
      9 6263
      5 6264
      2 6265
      5 6266
      3 6267
      4 6268
      5 6269
      2 6270
      7 6271
      5 6272
      2 6273
      5 6274
      1 6275
      1 6276
      3 6277
      2 6278
      1 6279
      3 6280
      2 6281
      3 6282
      3 6283
      3 6284
      2 6285
      2 6286
      1 6287
      3 6288
      3 6289
      8 6290
      4 6291
      4 6292
      6 6293
      1 6294
      5 6295
      1 6297
      6 6298
      3 6299
      4 6300
      3 6301
      6 6302
      2 6303
      2 6304
      3 6305
      2 6306
      2 6307
      2 6308
      3 6309
      2 6310
      5 6312
      4 6313
      4 6314
      8 6315
      5 6316
      4 6317
      1 6318
      3 6319
      5 6320
      3 6321
      5 6322
      6 6323
      1 6324
      3 6325
      4 6326
      3 6327
      3 6328
      3 6329
      4 6330
      3 6331
      2 6332
      2 6333
      3 6334
      3 6335
      1 6336
      1 6337
      3 6338
      2 6339
      7 6340
      3 6341
      1 6342
      1 6343
      1 6344
      1 6345
      4 6346
      1 6347
      7 6348
      3 6349
      4 6350
      3 6351
      4 6352
      2 6353
      5 6354
      1 6355
      2 6356
      4 6357
      3 6358
      3 6359
      3 6360
      4 6361
      1 6362
      1 6363
      5 6364
      3 6365
      2 6366
      3 6367
      3 6368
      2 6369
      4 6370
      7 6371
      1 6372
      2 6373
      2 6374
      4 6375
      1 6376
      6 6377
      2 6378
      3 6379
      1 6380
      3 6381
      1 6382
      3 6383
      3 6384
      1 6385
      5 6386
      5 6387
      2 6389
      4 6390
      5 6391
      1 6392
      2 6393
      2 6394
      4 6395
      3 6396
      4 6397
      2 6398
      5 6400
      2 6401
      2 6402
      8 6403
      3 6404
      3 6405
      1 6406
      3 6407
      5 6408
      2 6410
      3 6411
      2 6412
      1 6413
      4 6414
      5 6415
      4 6416
      3 6417
      2 6418
      2 6419
      4 6420
      1 6421
      6 6422
      5 6423
      4 6425
      3 6426
      5 6427
      4 6428
      3 6429
      2 6430
      2 6431
      7 6432
      2 6433
      7 6434
      7 6435
      4 6436
      4 6437
      5 6438
      4 6439
      2 6440
      1 6441
      2 6442
      5 6443
      3 6445
      2 6446
      1 6447
      3 6448
      3 6449
      1 6450
      7 6451
      1 6452
      2 6453
      5 6454
      3 6455
      3 6456
      2 6457
      4 6458
      6 6459
      3 6460
      2 6461
      4 6462
      1 6463
      8 6465
      3 6466
      1 6467
      4 6468
      3 6469
      4 6470
      7 6471
      3 6472
      7 6473
      1 6474
      8 6475
      3 6476
      6 6477
      3 6478
      6 6479
      4 6480
      4 6481
      3 6482
      3 6483
      3 6484
      3 6485
      1 6486
      4 6487
      4 6488
      3 6489
      1 6490
      2 6491
      3 6492
      4 6493
      4 6494
      3 6495
      2 6496
      2 6497
      3 6498
      3 6499
      2 6500
      2 6501
      4 6502
      7 6503
      4 6504
      3 6505
      3 6506
      7 6507
      5 6508
      4 6509
      1 6510
      4 6511
      5 6512
      3 6513
      4 6514
      7 6515
      3 6516
      3 6517
      1 6518
      2 6520
      6 6521
      4 6522
      2 6523
      3 6524
      5 6526
      1 6527
      1 6528
      6 6529
      1 6530
      2 6531
      5 6532
      6 6533
      6 6534
      7 6535
      1 6536
      1 6537
      3 6538
      1 6540
      3 6541
      3 6542
      3 6543
      2 6544
      4 6545
      7 6546
      3 6547
      1 6548
      2 6549
      2 6550
      2 6551
      1 6552
      1 6553
      3 6554
      4 6555
      3 6558
      6 6560
      2 6561
      1 6562
      2 6563
      1 6564
      3 6565
      3 6566
      1 6567
      5 6568
      1 6569
      2 6570
      2 6571
      4 6572
      3 6573
      1 6574
      4 6575
      2 6576
      2 6577
      3 6578
      2 6579
      3 6580
      2 6581
      3 6583
      3 6584
      3 6585
      3 6586
      2 6587
      3 6588
      3 6589
      1 6590
      2 6591
      2 6592
      5 6593
      1 6594
      3 6595
      2 6597
      4 6598
      5 6599
      1 6600
      2 6601
      2 6602
      5 6603
      2 6604
      2 6605
      4 6606
      1 6607
      3 6608
      2 6609
      6 6610
      3 6611
      1 6612
      1 6614
      6 6615
      4 6616
      2 6617
      2 6618
      4 6619
      2 6620
      8 6621
      3 6622
      2 6623
      6 6624
      5 6625
      1 6626
      2 6627
      5 6628
      3 6629
      4 6630
      3 6631
      5 6632
      4 6633
      2 6634
      3 6635
      4 6636
      3 6637
      4 6638
      3 6639
      1 6640
      1 6642
      1 6643
      1 6644
      1 6645
      3 6646
      3 6647
      1 6648
      3 6649
      1 6650
      5 6652
      4 6653
      4 6654
      3 6655
      2 6656
      3 6657
      1 6658
      4 6659
      2 6660
      3 6661
      1 6662
      1 6663
      7 6664
      4 6665
      4 6666
      3 6667
      3 6668
      4 6669
      1 6670
      3 6671
      2 6672
      1 6673
      4 6674
      3 6676
      3 6677
      3 6678
      6 6679
      3 6680
      4 6681
      1 6682
      5 6683
      2 6684
      1 6685
      3 6686
      1 6687
      3 6688
      4 6689
      1 6691
      3 6692
      1 6694
      1 6695
      5 6696
      3 6697
      3 6699
      3 6700
      1 6701
      6 6703
      3 6704
      3 6705
      3 6706
      6 6707
      1 6710
      3 6711
      2 6712
      3 6713
      5 6714
      2 6715
      3 6716
      3 6717
      5 6718
      2 6719
      4 6720
      1 6721
      3 6722
      1 6724
      2 6725
      3 6726
      1 6727
      2 6728
      6 6729
      2 6730
      4 6731
      3 6733
      5 6734
      2 6735
      3 6736
      3 6737
      2 6738
      1 6739
      2 6741
      2 6742
      2 6743
      3 6744
      1 6745
      3 6746
      3 6747
      1 6748
      2 6749
      1 6751
      4 6752
      2 6753
      3 6754
      2 6755
      1 6756
      6 6757
      5 6758
      1 6759
      4 6760
      1 6761
      2 6763
      1 6764
      3 6765
      3 6766
      3 6767
      2 6768
      3 6769
      6 6770
      1 6771
      4 6772
      4 6773
      3 6774
      3 6775
      2 6776
      6 6777
      3 6778
      3 6779
      2 6780
      2 6781
      3 6782
      2 6783
      2 6784
      1 6785
      1 6786
      5 6787
      1 6788
      1 6789
      4 6790
      2 6791
      3 6792
      3 6793
      4 6794
      4 6795
      4 6796
      4 6797
      2 6798
      3 6799
      2 6800
      2 6801
      2 6802
      2 6803
      5 6804
      1 6805
      1 6806
      3 6807
      1 6808
      1 6809
      4 6811
      2 6812
      2 6813
      1 6814
      1 6815
      2 6816
      3 6817
      1 6818
      3 6819
      2 6820
      3 6821
      1 6822
      3 6823
      1 6824
      2 6825
      2 6826
      4 6827
      4 6828
      1 6829
      4 6830
      4 6831
      5 6832
      1 6833
      1 6834
      1 6835
      5 6836
      1 6837
      3 6838
      3 6839
      1 6840
      2 6841
      3 6842
      2 6845
      2 6846
      1 6847
      1 6848
      2 6849
      3 6850
      2 6851
      5 6853
      1 6854
      1 6855
      3 6856
      6 6857
      2 6858
      3 6859
      1 6860
      5 6861
      3 6863
      4 6864
      3 6865
      4 6866
      6 6867
      3 6868
      2 6869
      2 6871
      3 6872
      2 6873
      5 6874
      2 6875
      4 6876
      1 6877
      3 6878
      3 6879
      4 6880
      2 6881
      3 6882
      3 6883
      2 6884
      6 6885
      2 6886
      2 6887
      3 6888
      2 6889
      1 6890
      1 6891
      5 6892
      2 6893
      2 6894
      4 6895
      2 6896
      3 6898
      1 6899
      5 6900
      2 6901
      1 6902
      1 6903
      2 6905
      2 6906
      2 6907
      3 6908
      1 6909
      5 6911
      2 6913
      2 6916
      4 6917
      3 6918
      4 6919
      3 6920
      1 6921
      3 6922
      3 6923
      2 6924
      3 6925
      2 6927
      5 6929
      1 6930
      2 6931
      2 6932
      1 6933
      1 6934
      4 6935
      1 6936
      3 6937
      1 6938
      1 6941
      2 6942
      2 6943
      1 6944
      3 6946
      2 6947
      6 6948
      1 6949
      2 6950
      2 6951
      1 6952
      4 6953
      1 6954
      2 6955
      1 6956
      1 6957
      3 6958
      1 6959
      2 6960
      2 6961
      1 6962
      2 6963
      3 6964
      2 6965
      1 6966
      2 6967
      1 6968
      3 6969
      1 6970
      1 6971
      2 6972
      3 6973
      1 6974
      2 6975
      2 6976
      3 6977
      2 6978
      1 6980
      3 6981
      2 6982
      3 6983
      3 6984
      3 6985
      5 6986
      3 6987
      1 6988
      2 6989
      2 6990
      3 6992
      4 6994
      2 6995
      2 6996
      1 6997
      1 6998
      2 6999
      3 7000
      1 7001
      3 7005
      3 7007
      2 7008
      1 7009
      1 7010
      3 7015
      2 7017
      3 7018
      1 7020
      1 7021
      1 7022
      1 7023
      2 7024
      1 7027
      2 7028
      4 7029
      5 7030
      1 7031
      1 7032
      3 7033
      3 7034
      4 7035
      1 7036
      2 7037
      3 7038
      1 7039
      2 7041
      2 7042
      1 7043
      3 7047
      2 7048
      1 7049
      4 7050
      1 7051
      2 7052
      2 7055
      2 7056
      1 7057
      3 7059
      3 7060
      2 7061
      1 7062
      3 7063
      2 7064
      1 7065
      2 7066
      5 7067
      1 7068
      1 7069
      4 7070
      2 7071
      2 7072
      5 7073
      2 7074
      1 7075
      3 7076
      3 7077
      1 7078
      2 7079
      2 7081
      2 7082
      3 7083
      3 7084
      1 7085
      3 7087
      3 7088
      1 7089
      5 7090
      1 7091
      5 7092
      2 7093
      5 7094
      2 7095
      1 7096
      1 7097
      3 7098
      4 7099
      3 7100
      3 7101
      2 7102
      1 7103
      2 7104
      3 7105
      3 7106
      7 7107
      6 7108
      4 7109
      1 7111
      3 7112
      1 7113
      5 7114
      2 7115
      1 7116
      2 7117
      3 7118
      1 7119
      3 7120
      3 7121
      5 7122
      1 7123
      2 7124
      2 7125
      4 7127
      1 7128
      2 7129
      1 7130
      3 7131
      3 7133
      3 7134
      1 7135
      1 7136
      1 7139
      2 7141
      5 7143
      3 7144
      3 7145
      5 7146
      1 7147
      2 7148
      1 7149
      5 7150
      3 7151
      2 7152
      2 7153
      1 7154
      1 7155
      3 7158
      2 7160
      1 7161
      1 7163
      6 7166
      1 7167
      2 7168
      1 7170
      2 7172
      3 7173
      4 7174
      2 7175
      2 7177
      3 7178
      3 7179
      2 7180
      3 7182
      2 7183
      1 7184
      1 7185
      3 7186
      2 7187
      2 7188
      2 7189
      5 7190
      1 7191
      3 7193
      1 7194
      3 7195
      2 7197
      5 7199
      2 7201
      1 7202
      3 7203
      1 7204
      1 7205
      2 7206
      2 7207
      3 7208
      1 7209
      2 7210
      1 7213
      3 7214
      2 7216
      1 7217
      1 7218
      1 7220
      1 7221
      1 7222
      1 7223
      2 7224
      4 7225
      1 7226
      3 7229
      2 7230
      3 7231
      1 7232
      1 7236
      3 7237
      1 7238
      2 7239
      2 7240
      1 7241
      2 7242
      2 7243
      2 7244
      1 7245
      1 7246
      1 7247
      1 7248
      1 7250
      1 7251
      5 7252
      1 7253
      1 7254
      1 7255
      1 7256
      3 7257
      4 7258
      1 7259
      1 7260
      4 7261
      2 7263
      2 7264
      1 7265
      3 7266
      2 7268
      2 7269
      3 7270
      2 7271
      3 7272
      3 7273
      1 7274
      4 7275
      2 7276
      1 7277
      2 7278
      1 7279
      3 7280
      1 7281
      1 7282
      3 7283
      2 7284
      1 7287
      2 7288
      1 7290
      2 7291
      3 7292
      1 7293
      1 7294
      1 7295
      2 7296
      2 7297
      1 7298
      2 7299
      1 7300
      2 7301
      2 7302
      2 7303
      2 7304
      2 7305
      2 7306
      2 7307
      4 7308
      1 7309
      1 7310
      3 7311
      1 7313
      2 7314
      3 7315
      1 7316
      1 7317
      1 7319
      2 7320
      4 7321
      2 7322
      1 7323
      1 7324
      1 7326
      2 7327
      2 7328
      4 7329
      1 7331
      2 7333
      1 7336
      3 7337
      1 7339
      2 7340
      3 7341
      1 7343
      2 7344
      1 7345
      2 7346
      2 7348
      1 7349
      2 7350
      2 7352
      1 7353
      1 7355
      3 7356
      2 7357
      2 7358
      2 7359
      4 7360
      2 7361
      1 7364
      1 7365
      1 7367
      4 7368
      1 7369
      3 7371
      1 7372
      1 7373
      1 7374
      2 7375
      2 7376
      2 7377
      1 7379
      1 7380
      2 7381
      2 7383
      2 7384
      1 7387
      2 7389
      1 7390
      2 7391
      3 7392
      2 7393
      3 7394
      1 7395
      1 7396
      2 7399
      2 7400
      2 7404
      1 7405
      1 7406
      1 7407
      1 7408
      1 7410
      1 7412
      1 7413
      1 7414
      1 7415
      1 7416
      1 7418
      1 7419
      3 7420
      3 7421
      2 7423
      1 7424
      1 7428
      1 7429
      1 7430
      1 7431
      1 7432
      2 7433
      2 7435
      2 7437
      1 7438
      1 7439
      1 7441
      2 7442
      5 7443
      4 7444
      1 7445
      1 7446
      1 7447
      4 7448
      1 7450
      4 7451
      1 7453
      1 7457
      2 7458
      3 7461
      1 7466
      1 7467
      2 7468
      1 7469
      2 7471
      2 7473
      2 7480
      1 7482
      1 7484
      1 7485
      3 7486
      1 7487
      1 7488
      1 7490
      1 7495
      1 7497
      1 7499
      2 7503
      1 7504
      2 7507
      1 7508
      1 7510
      2 7511
      2 7512
      1 7516
      1 7517
      3 7518
      2 7519
      3 7521
      1 7523
      1 7525
      1 7526
      2 7527
      3 7528
      1 7529
      1 7531
      1 7532
      1 7533
      1 7534
      1 7535
      2 7536
      1 7539
      1 7540
      1 7541
      2 7544
      1 7545
      1 7547
      1 7548
      3 7550
      3 7553
      2 7554
      1 7555
      2 7556
      2 7558
      1 7559
      2 7560
      3 7561
      4 7562
      2 7564
      1 7568
      1 7569
      2 7570
      1 7572
      1 7575
      1 7577
      4 7578
      1 7579
      2 7581
      1 7582
      2 7583
      1 7584
      1 7585
      1 7587
      4 7588
      2 7589
      4 7590
      1 7591
      2 7592
      3 7593
      5 7594
      2 7595
      1 7596
      1 7597
      2 7598
      1 7600
      2 7601
      1 7602
      3 7603
      2 7604
      1 7605
      2 7606
      1 7607
      2 7611
      2 7613
      1 7617
      2 7618
      1 7619
      1 7620
      1 7622
      3 7623
      1 7624
      3 7625
      3 7626
      1 7627
      1 7628
      1 7629
      1 7632
      1 7636
      2 7637
      1 7640
      2 7642
      1 7643
      1 7644
      1 7646
      2 7647
      1 7651
      1 7652
      3 7653
      1 7655
      2 7656
      5 7657
      1 7658
      1 7661
      1 7664
      2 7665
      3 7667
      3 7668
      1 7669
      1 7670
      1 7671
      2 7672
      2 7673
      3 7674
      1 7675
      1 7676
      1 7677
      1 7678
      1 7679
      1 7680
      2 7681
      2 7683
      1 7684
      3 7685
      2 7686
      4 7687
      1 7688
      3 7689
      1 7691
      2 7692
      2 7693
      2 7694
      1 7695
      1 7697
      2 7699
      2 7702
      3 7703
      1 7704
      1 7705
      1 7707
      2 7708
      1 7709
      3 7710
      3 7711
      2 7712
      2 7713
      2 7714
      2 7715
      2 7716
      3 7718
      1 7720
      3 7721
      2 7722
      1 7724
      2 7727
      1 7729
      2 7730
      2 7734
      2 7735
      1 7736
      1 7738
      2 7741
      1 7742
      2 7744
      4 7745
      2 7746
      1 7747
      2 7748
      2 7749
      1 7750
      3 7751
      1 7752
      1 7753
      4 7754
      1 7756
      1 7757
      1 7758
      1 7759
      1 7760
      1 7762
      1 7764
      1 7765
      2 7766
      1 7768
      1 7769
      1 7770
      1 7772
      1 7774
      1 7775
      1 7776
      2 7780
      2 7781
      4 7784
      4 7785
      1 7786
      1 7787
      1 7788
      1 7791
      1 7792
      1 7794
      4 7795
      1 7796
      1 7800
      2 7802
      2 7803
      3 7804
      2 7805
      1 7806
      1 7808
      2 7813
      1 7814
      1 7816
      3 7817
      1 7818
      1 7819
      1 7820
      1 7823
      1 7824
      1 7825
      1 7827
      1 7828
      1 7829
      1 7831
      1 7832
      1 7834
      1 7835
      2 7836
      1 7837
      1 7838
      1 7839
      2 7840
      1 7841
      2 7844
      2 7845
      2 7846
      1 7848
      4 7849
      1 7850
      1 7851
      3 7852
      2 7853
      2 7854
      2 7855
      1 7857
      5 7858
      4 7860
      4 7861
      2 7862
      2 7863
      3 7864
      1 7865
      3 7866
      4 7867
      1 7868
      1 7869
      1 7870
      1 7871
      2 7872
      4 7873
      1 7874
      4 7875
      3 7876
      4 7877
      3 7878
      2 7879
      2 7880
      6 7881
      4 7882
      4 7883
      5 7884
      5 7885
      2 7886
      6 7887
      3 7888
      4 7889
      2 7890
      5 7891
      1 7892
      6 7893
      9 7894
      4 7895
      3 7896
      6 7897
      1 7898
      4 7899
      4 7900
      9 7901
      2 7902
      5 7903
      7 7904
      7 7905
      7 7906
      9 7907
      7 7908
      3 7909
      4 7910
      3 7911
      5 7912
     10 7913
      8 7914
      7 7915
      4 7916
      9 7917
      5 7918
     11 7919
     10 7920
      5 7921
     11 7922
      9 7923
      4 7924
      8 7925
      7 7926
      2 7927
      5 7928
      5 7929
     11 7930
      7 7931
      8 7932
     10 7933
      9 7934
      4 7935
      9 7936
      8 7937
      7 7938
      9 7939
      3 7940
      7 7941
      2 7942
      4 7943
     14 7944
      6 7945
      6 7946
      6 7947
      8 7948
     10 7949
      7 7950
      4 7951
      7 7952
      8 7953
      4 7954
      6 7955
      6 7956
      4 7957
      3 7958
      4 7959
      6 7960
      6 7961
      2 7962
      6 7963
      7 7964
      5 7965
      6 7966
     10 7967
      6 7968
      6 7969
      4 7970
     13 7971
     12 7972
      6 7973
      8 7974
     12 7975
      9 7976
      7 7977
     10 7978
      8 7979
     12 7980
      8 7981
      9 7982
      4 7983
      9 7984
     14 7985
     12 7986
     11 7987
     10 7988
     15 7989
     15 7990
     15 7991
     11 7992
     15 7993
     11 7994
      8 7995
      7 7996
      6 7997
      2 7998
      1 7999
