 146494 0
46201788 1
95238722 2
162769275 3
238850797 4
307755644 5
353122131 6
363707202 7
339084981 8
288389603 9
225743751 10
163996056 11
111225262 12
70985812 13
43022981 14
25010836 15
14120242 16
7900330 17
4456145 18
2615693 19
1636805 20
1109213 21
 811045 22
 634324 23
 513090 24
 429521 25
 367701 26
 320045 27
 284509 28
 255561 29
 232084 30
 211293 31
 191871 32
 177171 33
 163821 34
 152202 35
 140889 36
 132197 37
 124610 38
 117560 39
 109223 40
 102271 41
  95559 42
  89262 43
  84299 44
  79043 45
  74172 46
  69130 47
  65782 48
  61993 49
  57659 50
  53722 51
  50215 52
  48150 53
  44829 54
  43045 55
  40771 56
  38942 57
  36946 58
  36273 59
  34286 60
  32851 61
  31713 62
  30302 63
  29608 64
  28500 65
  27518 66
  26821 67
  26153 68
  25302 69
  24714 70
  23895 71
  23131 72
  22876 73
  22113 74
  21695 75
  21037 76
  20368 77
  19870 78
  19412 79
  18457 80
  18263 81
  17826 82
  17307 83
  17281 84
  16776 85
  16610 86
  16142 87
  16004 88
  15721 89
  15505 90
  14844 91
  14751 92
  14597 93
  14254 94
  14193 95
  13901 96
  13389 97
  13378 98
  13096 99
  13055 100
  13032 101
  12783 102
  12652 103
  12398 104
  11766 105
  11513 106
  11591 107
  11297 108
  11340 109
  10850 110
  10941 111
  10713 112
  10618 113
  10342 114
  10278 115
  10097 116
   9795 117
   9786 118
   9750 119
   9510 120
   9598 121
   9088 122
   9064 123
   8990 124
   8955 125
   8673 126
   8504 127
   8583 128
   8622 129
   8365 130
   8221 131
   8245 132
   8216 133
   8040 134
   8045 135
   7736 136
   7724 137
   7496 138
   7664 139
   7467 140
   7510 141
   7271 142
   7301 143
   7103 144
   6939 145
   6799 146
   6716 147
   6681 148
   6589 149
   6572 150
   6569 151
   6368 152
   6289 153
   6191 154
   6104 155
   6083 156
   6184 157
   6025 158
   6062 159
   5974 160
   6000 161
   5967 162
   5611 163
   5683 164
   5586 165
   5635 166
   5500 167
   5376 168
   5375 169
   5136 170
   5119 171
   5132 172
   5260 173
   4983 174
   5033 175
   4923 176
   4676 177
   4825 178
   4840 179
   4843 180
   4612 181
   4571 182
   4538 183
   4475 184
   4429 185
   4624 186
   4492 187
   4497 188
   4504 189
   4438 190
   4332 191
   4315 192
   4260 193
   4169 194
   4296 195
   4244 196
   4256 197
   4202 198
   4033 199
   4052 200
   4132 201
   3959 202
   3909 203
   3953 204
   4058 205
   3796 206
   3838 207
   3827 208
   3836 209
   3769 210
   3706 211
   3641 212
   3643 213
   3601 214
   3550 215
   3507 216
   3512 217
   3456 218
   3486 219
   3522 220
   3465 221
   3246 222
   3446 223
   3252 224
   3217 225
   3136 226
   3185 227
   3134 228
   3127 229
   3020 230
   3114 231
   3122 232
   3030 233
   3068 234
   2921 235
   2942 236
   2984 237
   2890 238
   2878 239
   2906 240
   2752 241
   2755 242
   2717 243
   2688 244
   2779 245
   2717 246
   2799 247
   2689 248
   2727 249
   2704 250
   2772 251
   2646 252
   2652 253
   2632 254
   2747 255
   2527 256
   2605 257
   2624 258
   2477 259
   2554 260
   2532 261
   2455 262
   2534 263
   2483 264
   2405 265
   2392 266
   2371 267
   2491 268
   2355 269
   2393 270
   2347 271
   2349 272
   2327 273
   2342 274
   2391 275
   2320 276
   2289 277
   2320 278
   2245 279
   2225 280
   2185 281
   2208 282
   2271 283
   2151 284
   2175 285
   2224 286
   2242 287
   2103 288
   2152 289
   2148 290
   2055 291
   2090 292
   2055 293
   2021 294
   2095 295
   2075 296
   2110 297
   2048 298
   2055 299
   2039 300
   2085 301
   1968 302
   2010 303
   2053 304
   1886 305
   1900 306
   1926 307
   1949 308
   2024 309
   1870 310
   1939 311
   1881 312
   1891 313
   1923 314
   1787 315
   1801 316
   1855 317
   1776 318
   1774 319
   1935 320
   1810 321
   1773 322
   1838 323
   1778 324
   1699 325
   1797 326
   1799 327
   1697 328
   1822 329
   1730 330
   1781 331
   1771 332
   1691 333
   1773 334
   1675 335
   1645 336
   1607 337
   1685 338
   1659 339
   1628 340
   1609 341
   1578 342
   1609 343
   1622 344
   1611 345
   1624 346
   1614 347
   1566 348
   1646 349
   1537 350
   1536 351
   1563 352
   1559 353
   1566 354
   1556 355
   1580 356
   1530 357
   1627 358
   1456 359
   1599 360
   1541 361
   1515 362
   1524 363
   1424 364
   1469 365
   1488 366
   1519 367
   1423 368
   1481 369
   1487 370
   1447 371
   1417 372
   1432 373
   1390 374
   1403 375
   1496 376
   1500 377
   1437 378
   1482 379
   1382 380
   1424 381
   1455 382
   1442 383
   1400 384
   1427 385
   1379 386
   1392 387
   1405 388
   1395 389
   1325 390
   1431 391
   1354 392
   1416 393
   1430 394
   1369 395
   1326 396
   1420 397
   1431 398
   1320 399
   1402 400
   1405 401
   1398 402
   1355 403
   1287 404
   1277 405
   1295 406
   1244 407
   1288 408
   1293 409
   1286 410
   1244 411
   1243 412
   1210 413
   1216 414
   1197 415
   1231 416
   1264 417
   1224 418
   1227 419
   1203 420
   1129 421
   1200 422
   1156 423
   1113 424
   1177 425
   1121 426
   1142 427
   1156 428
   1164 429
   1130 430
   1126 431
   1189 432
   1092 433
   1097 434
   1181 435
   1114 436
   1125 437
   1079 438
   1084 439
   1114 440
   1117 441
   1166 442
   1199 443
   1125 444
   1157 445
   1093 446
   1116 447
   1099 448
   1085 449
   1061 450
   1147 451
   1127 452
   1080 453
   1056 454
   1112 455
   1043 456
   1031 457
   1035 458
   1033 459
    977 460
   1020 461
    979 462
   1010 463
    969 464
   1003 465
   1000 466
    976 467
   1010 468
    954 469
    966 470
    962 471
    914 472
    947 473
    977 474
    930 475
    973 476
    964 477
    917 478
    900 479
    934 480
    972 481
    971 482
    968 483
    939 484
    881 485
    959 486
    934 487
    876 488
    908 489
    881 490
    850 491
    905 492
    865 493
    896 494
    843 495
    893 496
    824 497
    875 498
    894 499
    838 500
    826 501
    921 502
    812 503
    834 504
    828 505
    847 506
    808 507
    838 508
    842 509
    829 510
    797 511
    765 512
    781 513
    751 514
    812 515
    737 516
    735 517
    787 518
    799 519
    783 520
    747 521
    726 522
    731 523
    768 524
    790 525
    703 526
    798 527
    792 528
    799 529
    825 530
    765 531
    828 532
    760 533
    789 534
    726 535
    750 536
    716 537
    741 538
    726 539
    719 540
    769 541
    740 542
    695 543
    714 544
    719 545
    699 546
    734 547
    706 548
    759 549
    723 550
    737 551
    722 552
    703 553
    732 554
    672 555
    708 556
    697 557
    702 558
    718 559
    733 560
    679 561
    706 562
    727 563
    701 564
    735 565
    700 566
    721 567
    702 568
    691 569
    698 570
    723 571
    688 572
    677 573
    718 574
    734 575
    680 576
    735 577
    703 578
    719 579
    631 580
    653 581
    690 582
    693 583
    709 584
    673 585
    691 586
    715 587
    687 588
    711 589
    666 590
    668 591
    702 592
    686 593
    638 594
    683 595
    694 596
    656 597
    645 598
    644 599
    664 600
    708 601
    663 602
    714 603
    665 604
    639 605
    716 606
    680 607
    666 608
    684 609
    682 610
    684 611
    625 612
    645 613
    638 614
    653 615
    651 616
    645 617
    662 618
    642 619
    624 620
    682 621
    614 622
    684 623
    652 624
    655 625
    648 626
    657 627
    648 628
    699 629
    648 630
    649 631
    657 632
    598 633
    613 634
    634 635
    628 636
    664 637
    627 638
    621 639
    608 640
    649 641
    587 642
    629 643
    611 644
    625 645
    606 646
    636 647
    587 648
    621 649
    599 650
    594 651
    622 652
    646 653
    604 654
    603 655
    598 656
    643 657
    589 658
    622 659
    608 660
    605 661
    572 662
    599 663
    616 664
    577 665
    632 666
    636 667
    590 668
    614 669
    600 670
    558 671
    588 672
    592 673
    563 674
    569 675
    607 676
    590 677
    576 678
    538 679
    580 680
    570 681
    597 682
    582 683
    598 684
    582 685
    599 686
    581 687
    581 688
    555 689
    542 690
    536 691
    515 692
    584 693
    563 694
    563 695
    548 696
    581 697
    606 698
    580 699
    541 700
    556 701
    573 702
    519 703
    531 704
    550 705
    554 706
    546 707
    559 708
    524 709
    574 710
    579 711
    557 712
    579 713
    589 714
    538 715
    579 716
    555 717
    635 718
    544 719
    551 720
    556 721
    537 722
    570 723
    539 724
    601 725
    552 726
    521 727
    535 728
    538 729
    490 730
    547 731
    566 732
    579 733
    534 734
    589 735
    532 736
    524 737
    540 738
    509 739
    516 740
    530 741
    489 742
    508 743
    489 744
    500 745
    564 746
    537 747
    561 748
    532 749
    564 750
    535 751
    511 752
    488 753
    571 754
    516 755
    512 756
    565 757
    539 758
    551 759
    553 760
    515 761
    561 762
    494 763
    518 764
    492 765
    530 766
    528 767
    528 768
    527 769
    508 770
    542 771
    510 772
    555 773
    532 774
    519 775
    467 776
    524 777
    539 778
    518 779
    500 780
    498 781
    497 782
    532 783
    539 784
    498 785
    528 786
    542 787
    518 788
    518 789
    528 790
    502 791
    522 792
    509 793
    510 794
    540 795
    528 796
    556 797
    520 798
    488 799
    511 800
    558 801
    531 802
    544 803
    530 804
    548 805
    547 806
    527 807
    513 808
    531 809
    561 810
    582 811
    556 812
    535 813
    534 814
    523 815
    531 816
    543 817
    525 818
    566 819
    557 820
    532 821
    561 822
    562 823
    542 824
    548 825
    552 826
    496 827
    550 828
    575 829
    555 830
    520 831
    573 832
    580 833
    607 834
    517 835
    547 836
    522 837
    558 838
    587 839
    529 840
    569 841
    564 842
    570 843
    550 844
    573 845
    531 846
    530 847
    539 848
    572 849
    539 850
    534 851
    572 852
    586 853
    527 854
    513 855
    562 856
    538 857
    560 858
    590 859
    582 860
    571 861
    596 862
    536 863
    545 864
    576 865
    563 866
    590 867
    549 868
    586 869
    554 870
    549 871
    537 872
    516 873
    598 874
    583 875
    526 876
    570 877
    525 878
    542 879
    550 880
    555 881
    597 882
    541 883
    567 884
    568 885
    557 886
    550 887
    581 888
    585 889
    605 890
    542 891
    524 892
    543 893
    537 894
    562 895
    571 896
    578 897
    519 898
    568 899
    563 900
    523 901
    543 902
    508 903
    540 904
    485 905
    558 906
    522 907
    483 908
    512 909
    543 910
    538 911
    549 912
    557 913
    563 914
    518 915
    488 916
    551 917
    538 918
    520 919
    519 920
    482 921
    488 922
    484 923
    528 924
    498 925
    542 926
    514 927
    538 928
    493 929
    531 930
    495 931
    535 932
    550 933
    512 934
    532 935
    533 936
    528 937
    498 938
    495 939
    531 940
    526 941
    529 942
    533 943
    544 944
    551 945
    521 946
    493 947
    479 948
    478 949
    460 950
    461 951
    487 952
    517 953
    489 954
    480 955
    465 956
    468 957
    472 958
    476 959
    495 960
    458 961
    450 962
    428 963
    502 964
    492 965
    430 966
    440 967
    449 968
    475 969
    490 970
    440 971
    462 972
    440 973
    481 974
    462 975
    448 976
    463 977
    427 978
    489 979
    450 980
    493 981
    502 982
    491 983
    480 984
    464 985
    474 986
    466 987
    417 988
    445 989
    459 990
    466 991
    459 992
    465 993
    438 994
    438 995
    470 996
    421 997
    434 998
    459 999
    440 1000
    435 1001
    443 1002
    442 1003
    479 1004
    445 1005
    465 1006
    447 1007
    442 1008
    392 1009
    455 1010
    463 1011
    455 1012
    386 1013
    444 1014
    402 1015
    394 1016
    473 1017
    447 1018
    450 1019
    453 1020
    403 1021
    422 1022
    372 1023
    390 1024
    422 1025
    452 1026
    412 1027
    419 1028
    429 1029
    419 1030
    424 1031
    387 1032
    410 1033
    399 1034
    406 1035
    356 1036
    422 1037
    383 1038
    425 1039
    382 1040
    422 1041
    393 1042
    375 1043
    402 1044
    428 1045
    422 1046
    438 1047
    413 1048
    402 1049
    406 1050
    435 1051
    395 1052
    403 1053
    405 1054
    414 1055
    403 1056
    396 1057
    404 1058
    372 1059
    398 1060
    381 1061
    413 1062
    430 1063
    420 1064
    396 1065
    391 1066
    385 1067
    385 1068
    409 1069
    440 1070
    364 1071
    381 1072
    367 1073
    393 1074
    387 1075
    395 1076
    404 1077
    407 1078
    358 1079
    401 1080
    389 1081
    415 1082
    352 1083
    378 1084
    406 1085
    404 1086
    365 1087
    366 1088
    400 1089
    381 1090
    366 1091
    379 1092
    391 1093
    372 1094
    389 1095
    370 1096
    366 1097
    403 1098
    370 1099
    373 1100
    397 1101
    364 1102
    361 1103
    384 1104
    391 1105
    367 1106
    355 1107
    419 1108
    394 1109
    367 1110
    349 1111
    386 1112
    347 1113
    317 1114
    355 1115
    361 1116
    342 1117
    380 1118
    396 1119
    361 1120
    339 1121
    369 1122
    369 1123
    361 1124
    364 1125
    384 1126
    353 1127
    384 1128
    357 1129
    373 1130
    355 1131
    369 1132
    371 1133
    338 1134
    323 1135
    346 1136
    384 1137
    348 1138
    305 1139
    344 1140
    391 1141
    374 1142
    349 1143
    371 1144
    319 1145
    312 1146
    394 1147
    351 1148
    327 1149
    343 1150
    328 1151
    348 1152
    334 1153
    353 1154
    341 1155
    339 1156
    353 1157
    319 1158
    338 1159
    329 1160
    350 1161
    305 1162
    359 1163
    343 1164
    348 1165
    337 1166
    326 1167
    327 1168
    346 1169
    378 1170
    343 1171
    344 1172
    311 1173
    354 1174
    328 1175
    332 1176
    311 1177
    347 1178
    321 1179
    321 1180
    336 1181
    342 1182
    323 1183
    314 1184
    316 1185
    313 1186
    334 1187
    296 1188
    302 1189
    310 1190
    281 1191
    326 1192
    307 1193
    289 1194
    289 1195
    300 1196
    290 1197
    280 1198
    300 1199
    261 1200
    318 1201
    282 1202
    305 1203
    317 1204
    321 1205
    286 1206
    307 1207
    299 1208
    306 1209
    305 1210
    311 1211
    304 1212
    272 1213
    326 1214
    295 1215
    286 1216
    270 1217
    302 1218
    308 1219
    287 1220
    313 1221
    315 1222
    259 1223
    278 1224
    242 1225
    267 1226
    296 1227
    296 1228
    249 1229
    259 1230
    275 1231
    279 1232
    262 1233
    263 1234
    289 1235
    269 1236
    280 1237
    279 1238
    282 1239
    281 1240
    304 1241
    268 1242
    265 1243
    275 1244
    275 1245
    286 1246
    250 1247
    241 1248
    254 1249
    272 1250
    254 1251
    265 1252
    256 1253
    235 1254
    246 1255
    297 1256
    267 1257
    254 1258
    248 1259
    257 1260
    268 1261
    265 1262
    265 1263
    263 1264
    240 1265
    240 1266
    241 1267
    248 1268
    260 1269
    263 1270
    281 1271
    222 1272
    280 1273
    259 1274
    261 1275
    236 1276
    253 1277
    229 1278
    220 1279
    238 1280
    249 1281
    210 1282
    233 1283
    234 1284
    248 1285
    221 1286
    228 1287
    231 1288
    217 1289
    223 1290
    208 1291
    222 1292
    215 1293
    187 1294
    215 1295
    231 1296
    220 1297
    228 1298
    212 1299
    184 1300
    201 1301
    196 1302
    190 1303
    212 1304
    209 1305
    189 1306
    193 1307
    202 1308
    187 1309
    194 1310
    195 1311
    193 1312
    225 1313
    202 1314
    190 1315
    225 1316
    199 1317
    200 1318
    206 1319
    197 1320
    178 1321
    157 1322
    205 1323
    206 1324
    188 1325
    195 1326
    192 1327
    182 1328
    198 1329
    195 1330
    191 1331
    171 1332
    196 1333
    178 1334
    175 1335
    184 1336
    192 1337
    195 1338
    171 1339
    197 1340
    190 1341
    176 1342
    193 1343
    197 1344
    193 1345
    196 1346
    189 1347
    180 1348
    191 1349
    205 1350
    185 1351
    190 1352
    183 1353
    197 1354
    186 1355
    182 1356
    196 1357
    184 1358
    170 1359
    166 1360
    176 1361
    188 1362
    195 1363
    156 1364
    185 1365
    205 1366
    194 1367
    178 1368
    188 1369
    163 1370
    180 1371
    156 1372
    167 1373
    181 1374
    167 1375
    170 1376
    179 1377
    158 1378
    172 1379
    146 1380
    169 1381
    186 1382
    167 1383
    177 1384
    183 1385
    166 1386
    181 1387
    168 1388
    167 1389
    171 1390
    170 1391
    157 1392
    149 1393
    174 1394
    158 1395
    176 1396
    158 1397
    176 1398
    161 1399
    176 1400
    171 1401
    159 1402
    177 1403
    152 1404
    152 1405
    191 1406
    169 1407
    174 1408
    160 1409
    161 1410
    153 1411
    154 1412
    137 1413
    165 1414
    159 1415
    145 1416
    172 1417
    160 1418
    145 1419
    162 1420
    148 1421
    160 1422
    159 1423
    186 1424
    192 1425
    158 1426
    178 1427
    174 1428
    155 1429
    161 1430
    143 1431
    129 1432
    166 1433
    155 1434
    156 1435
    160 1436
    180 1437
    152 1438
    179 1439
    144 1440
    174 1441
    163 1442
    169 1443
    150 1444
    143 1445
    159 1446
    143 1447
    163 1448
    155 1449
    170 1450
    162 1451
    150 1452
    145 1453
    136 1454
    128 1455
    164 1456
    144 1457
    171 1458
    160 1459
    145 1460
    162 1461
    142 1462
    141 1463
    129 1464
    136 1465
    138 1466
    151 1467
    116 1468
    140 1469
    126 1470
    145 1471
    143 1472
    132 1473
    152 1474
    144 1475
    141 1476
    145 1477
    145 1478
    148 1479
    165 1480
    124 1481
    111 1482
    164 1483
    154 1484
    115 1485
    133 1486
    144 1487
    122 1488
    118 1489
    144 1490
    115 1491
    158 1492
    130 1493
    132 1494
    129 1495
    144 1496
    140 1497
    144 1498
    131 1499
    138 1500
    130 1501
    112 1502
    129 1503
    123 1504
    137 1505
    133 1506
    136 1507
    133 1508
    116 1509
    137 1510
    138 1511
    122 1512
    134 1513
    141 1514
    120 1515
    139 1516
    120 1517
    129 1518
    121 1519
    131 1520
    130 1521
    124 1522
    122 1523
    155 1524
    114 1525
    131 1526
    113 1527
    123 1528
    114 1529
    116 1530
    133 1531
    141 1532
    131 1533
    153 1534
    132 1535
    129 1536
    137 1537
    123 1538
    149 1539
    116 1540
    143 1541
    122 1542
    132 1543
    109 1544
    113 1545
    128 1546
    108 1547
    126 1548
    121 1549
    129 1550
    127 1551
    121 1552
     92 1553
    114 1554
    125 1555
    130 1556
    147 1557
    120 1558
    125 1559
    115 1560
    111 1561
    103 1562
    107 1563
    101 1564
    111 1565
    132 1566
    120 1567
    119 1568
    113 1569
    115 1570
    121 1571
    111 1572
    128 1573
    107 1574
    110 1575
    118 1576
    110 1577
    112 1578
     95 1579
     92 1580
    101 1581
    112 1582
    134 1583
    120 1584
     97 1585
    105 1586
    107 1587
    114 1588
    108 1589
    111 1590
     93 1591
    131 1592
     99 1593
    107 1594
    114 1595
    119 1596
    132 1597
    100 1598
     96 1599
    120 1600
    125 1601
    109 1602
    115 1603
    116 1604
     97 1605
     98 1606
    113 1607
    126 1608
    108 1609
    108 1610
    115 1611
    114 1612
    111 1613
    117 1614
    117 1615
    109 1616
    115 1617
    106 1618
     88 1619
    111 1620
    110 1621
    119 1622
    120 1623
    104 1624
    101 1625
     99 1626
     93 1627
    108 1628
    104 1629
     89 1630
     88 1631
     96 1632
     88 1633
     94 1634
    101 1635
     93 1636
     93 1637
    105 1638
    103 1639
    106 1640
    102 1641
     89 1642
    120 1643
    104 1644
     95 1645
    110 1646
     90 1647
    120 1648
     94 1649
     97 1650
    111 1651
    102 1652
    108 1653
     88 1654
    106 1655
     97 1656
     96 1657
    105 1658
     98 1659
    124 1660
    121 1661
    115 1662
    102 1663
     87 1664
     96 1665
    105 1666
    103 1667
     99 1668
     88 1669
     92 1670
    114 1671
    118 1672
    111 1673
    121 1674
    117 1675
    104 1676
     96 1677
     88 1678
    126 1679
    119 1680
     92 1681
     92 1682
    101 1683
    116 1684
     96 1685
    101 1686
    101 1687
     95 1688
    110 1689
     90 1690
     89 1691
     92 1692
     94 1693
     87 1694
    111 1695
    102 1696
     88 1697
    101 1698
     93 1699
     92 1700
     83 1701
     96 1702
     99 1703
    116 1704
     75 1705
     99 1706
    105 1707
    110 1708
     81 1709
    117 1710
    111 1711
     99 1712
    103 1713
     97 1714
    113 1715
    105 1716
     88 1717
    106 1718
    106 1719
    109 1720
     82 1721
     98 1722
    102 1723
    119 1724
    107 1725
     90 1726
    105 1727
    112 1728
     89 1729
     90 1730
     98 1731
    113 1732
    107 1733
     98 1734
     90 1735
     95 1736
    115 1737
     91 1738
    103 1739
     99 1740
     97 1741
     87 1742
     87 1743
     96 1744
     95 1745
    120 1746
     97 1747
    111 1748
    111 1749
    102 1750
    101 1751
     91 1752
    121 1753
    101 1754
    124 1755
    117 1756
    103 1757
    107 1758
    122 1759
     91 1760
    101 1761
     93 1762
     89 1763
     88 1764
    103 1765
    110 1766
    105 1767
    107 1768
    119 1769
     84 1770
     95 1771
    113 1772
    115 1773
    101 1774
    117 1775
    112 1776
    105 1777
    105 1778
    110 1779
    122 1780
    120 1781
    107 1782
    105 1783
    100 1784
    100 1785
     94 1786
     87 1787
     90 1788
    111 1789
     91 1790
    118 1791
    109 1792
    114 1793
    110 1794
     89 1795
    104 1796
    129 1797
    122 1798
     95 1799
    102 1800
     95 1801
     99 1802
    118 1803
     98 1804
    102 1805
    124 1806
    120 1807
    103 1808
    111 1809
    113 1810
    116 1811
    122 1812
     90 1813
    109 1814
    108 1815
    117 1816
    109 1817
    109 1818
    120 1819
    103 1820
    113 1821
    129 1822
    100 1823
    114 1824
     94 1825
    116 1826
    115 1827
     91 1828
    101 1829
    107 1830
    107 1831
    106 1832
    128 1833
    106 1834
    101 1835
    110 1836
     90 1837
    122 1838
     84 1839
     99 1840
    107 1841
    120 1842
     90 1843
     98 1844
    118 1845
    109 1846
    113 1847
    114 1848
    117 1849
     98 1850
    127 1851
    100 1852
     99 1853
     95 1854
    125 1855
    122 1856
    106 1857
    135 1858
    118 1859
    125 1860
    119 1861
    117 1862
    107 1863
     98 1864
    118 1865
    119 1866
    100 1867
    110 1868
    107 1869
    122 1870
    102 1871
    123 1872
    112 1873
     99 1874
    105 1875
    109 1876
     89 1877
    117 1878
    112 1879
    106 1880
    117 1881
    126 1882
    110 1883
    124 1884
    116 1885
    107 1886
     94 1887
    115 1888
    116 1889
    117 1890
    102 1891
    117 1892
     99 1893
     77 1894
    102 1895
    109 1896
    107 1897
    108 1898
    104 1899
     97 1900
    109 1901
     91 1902
    100 1903
     89 1904
     97 1905
     96 1906
     94 1907
    102 1908
    102 1909
     97 1910
     88 1911
     90 1912
    109 1913
     97 1914
     91 1915
    100 1916
    100 1917
     97 1918
     80 1919
     86 1920
    101 1921
     94 1922
     95 1923
     92 1924
    101 1925
     88 1926
    100 1927
    109 1928
     97 1929
     97 1930
     98 1931
    109 1932
     98 1933
    124 1934
    116 1935
     95 1936
    102 1937
     96 1938
    114 1939
    102 1940
     90 1941
    108 1942
     90 1943
    113 1944
    100 1945
    113 1946
    104 1947
    104 1948
    106 1949
     99 1950
    105 1951
     98 1952
    110 1953
     88 1954
    101 1955
     93 1956
     92 1957
    101 1958
     97 1959
    116 1960
     80 1961
     86 1962
     83 1963
     89 1964
    104 1965
    107 1966
    101 1967
    100 1968
     96 1969
    100 1970
    112 1971
     96 1972
     96 1973
    104 1974
     88 1975
     92 1976
     87 1977
     89 1978
     96 1979
     91 1980
    112 1981
     71 1982
    100 1983
     79 1984
    107 1985
     73 1986
     86 1987
    105 1988
     87 1989
     98 1990
     89 1991
     93 1992
     90 1993
     90 1994
     98 1995
     83 1996
     92 1997
    105 1998
     84 1999
     95 2000
     80 2001
     86 2002
     91 2003
     87 2004
     79 2005
     83 2006
     83 2007
     93 2008
     93 2009
     90 2010
     79 2011
     85 2012
     86 2013
     89 2014
     88 2015
     81 2016
     85 2017
     81 2018
     72 2019
     98 2020
     78 2021
     74 2022
     90 2023
     76 2024
     91 2025
     78 2026
     75 2027
     87 2028
     83 2029
     86 2030
     82 2031
     81 2032
     87 2033
     77 2034
     86 2035
     87 2036
     76 2037
     87 2038
     67 2039
     74 2040
     77 2041
     82 2042
     93 2043
     86 2044
     93 2045
     82 2046
     89 2047
     88 2048
     94 2049
     79 2050
     68 2051
     88 2052
     69 2053
     87 2054
     81 2055
     87 2056
     86 2057
     84 2058
     71 2059
     77 2060
     87 2061
     71 2062
    104 2063
     70 2064
     71 2065
     73 2066
     93 2067
     82 2068
     85 2069
     82 2070
     82 2071
     69 2072
     96 2073
     74 2074
     71 2075
     85 2076
     86 2077
     62 2078
     89 2079
     92 2080
     80 2081
     87 2082
     68 2083
     92 2084
     73 2085
     70 2086
     79 2087
     81 2088
     65 2089
     67 2090
     79 2091
     54 2092
     82 2093
     75 2094
     80 2095
     78 2096
     80 2097
     72 2098
     63 2099
     83 2100
     82 2101
     79 2102
     66 2103
     71 2104
     77 2105
     81 2106
     86 2107
     85 2108
     69 2109
     78 2110
     84 2111
     84 2112
     73 2113
     66 2114
     78 2115
     80 2116
     77 2117
     73 2118
     74 2119
     86 2120
     76 2121
     80 2122
     71 2123
     65 2124
     59 2125
     63 2126
     64 2127
     61 2128
     70 2129
     77 2130
     66 2131
     84 2132
     62 2133
     73 2134
     62 2135
     65 2136
     73 2137
     78 2138
     68 2139
     57 2140
     64 2141
     79 2142
     71 2143
     65 2144
     74 2145
     89 2146
     83 2147
     66 2148
     57 2149
     67 2150
     69 2151
     70 2152
     67 2153
     54 2154
     70 2155
     75 2156
     67 2157
     65 2158
     76 2159
     79 2160
     70 2161
     67 2162
     77 2163
     69 2164
     66 2165
     83 2166
     59 2167
     81 2168
     68 2169
     66 2170
     78 2171
     86 2172
     92 2173
     80 2174
     77 2175
     63 2176
     64 2177
     71 2178
     81 2179
     68 2180
     93 2181
     75 2182
     62 2183
     92 2184
     80 2185
     73 2186
     68 2187
     61 2188
     81 2189
     62 2190
     80 2191
     77 2192
     80 2193
     67 2194
     64 2195
     84 2196
     68 2197
     79 2198
     78 2199
     69 2200
     62 2201
     69 2202
     63 2203
     55 2204
     79 2205
     70 2206
     85 2207
     64 2208
     64 2209
     69 2210
     58 2211
     63 2212
     69 2213
     63 2214
     59 2215
     66 2216
     75 2217
     76 2218
     70 2219
     68 2220
     69 2221
     71 2222
     70 2223
     65 2224
     66 2225
     62 2226
     65 2227
     53 2228
     63 2229
     60 2230
     66 2231
     56 2232
     86 2233
     65 2234
     70 2235
     61 2236
     58 2237
     61 2238
     60 2239
     59 2240
     65 2241
     49 2242
     57 2243
     61 2244
     75 2245
     64 2246
     65 2247
     59 2248
     59 2249
     49 2250
     59 2251
     64 2252
     54 2253
     59 2254
     64 2255
     63 2256
     66 2257
     67 2258
     53 2259
     49 2260
     64 2261
     61 2262
     56 2263
     46 2264
     59 2265
     72 2266
     57 2267
     54 2268
     57 2269
     60 2270
     56 2271
     59 2272
     52 2273
     57 2274
     53 2275
     64 2276
     62 2277
     63 2278
     48 2279
     64 2280
     67 2281
     64 2282
     50 2283
     44 2284
     49 2285
     52 2286
     45 2287
     53 2288
     53 2289
     47 2290
     45 2291
     39 2292
     53 2293
     52 2294
     53 2295
     70 2296
     53 2297
     61 2298
     63 2299
     50 2300
     60 2301
     57 2302
     37 2303
     56 2304
     48 2305
     53 2306
     58 2307
     51 2308
     47 2309
     57 2310
     47 2311
     49 2312
     47 2313
     58 2314
     55 2315
     59 2316
     61 2317
     43 2318
     47 2319
     53 2320
     69 2321
     48 2322
     52 2323
     59 2324
     44 2325
     53 2326
     57 2327
     44 2328
     51 2329
     51 2330
     62 2331
     52 2332
     46 2333
     56 2334
     62 2335
     42 2336
     48 2337
     57 2338
     56 2339
     31 2340
     52 2341
     64 2342
     56 2343
     50 2344
     41 2345
     57 2346
     68 2347
     42 2348
     54 2349
     56 2350
     58 2351
     40 2352
     48 2353
     37 2354
     50 2355
     53 2356
     45 2357
     42 2358
     54 2359
     43 2360
     40 2361
     58 2362
     44 2363
     53 2364
     54 2365
     52 2366
     43 2367
     51 2368
     62 2369
     53 2370
     52 2371
     51 2372
     59 2373
     49 2374
     48 2375
     45 2376
     56 2377
     45 2378
     41 2379
     55 2380
     39 2381
     43 2382
     38 2383
     48 2384
     43 2385
     45 2386
     60 2387
     34 2388
     38 2389
     48 2390
     54 2391
     43 2392
     52 2393
     42 2394
     44 2395
     46 2396
     43 2397
     56 2398
     46 2399
     34 2400
     38 2401
     36 2402
     40 2403
     33 2404
     50 2405
     52 2406
     34 2407
     45 2408
     40 2409
     29 2410
     39 2411
     48 2412
     39 2413
     44 2414
     34 2415
     53 2416
     41 2417
     46 2418
     37 2419
     35 2420
     38 2421
     41 2422
     36 2423
     46 2424
     43 2425
     44 2426
     36 2427
     46 2428
     47 2429
     49 2430
     42 2431
     29 2432
     42 2433
     39 2434
     57 2435
     37 2436
     39 2437
     34 2438
     39 2439
     43 2440
     37 2441
     45 2442
     43 2443
     40 2444
     42 2445
     50 2446
     43 2447
     41 2448
     56 2449
     42 2450
     45 2451
     47 2452
     41 2453
     53 2454
     37 2455
     48 2456
     39 2457
     54 2458
     41 2459
     48 2460
     54 2461
     49 2462
     35 2463
     36 2464
     40 2465
     44 2466
     40 2467
     48 2468
     34 2469
     45 2470
     41 2471
     39 2472
     42 2473
     44 2474
     40 2475
     35 2476
     41 2477
     29 2478
     39 2479
     36 2480
     38 2481
     39 2482
     44 2483
     41 2484
     38 2485
     34 2486
     31 2487
     36 2488
     29 2489
     35 2490
     39 2491
     43 2492
     37 2493
     60 2494
     42 2495
     42 2496
     37 2497
     41 2498
     44 2499
     34 2500
     50 2501
     39 2502
     40 2503
     41 2504
     39 2505
     39 2506
     40 2507
     37 2508
     44 2509
     40 2510
     31 2511
     35 2512
     41 2513
     32 2514
     48 2515
     44 2516
     53 2517
     40 2518
     27 2519
     48 2520
     39 2521
     31 2522
     44 2523
     32 2524
     47 2525
     40 2526
     42 2527
     44 2528
     50 2529
     55 2530
     47 2531
     46 2532
     39 2533
     43 2534
     34 2535
     49 2536
     47 2537
     47 2538
     30 2539
     45 2540
     43 2541
     46 2542
     42 2543
     36 2544
     40 2545
     31 2546
     50 2547
     40 2548
     40 2549
     44 2550
     27 2551
     49 2552
     32 2553
     48 2554
     41 2555
     46 2556
     39 2557
     38 2558
     37 2559
     44 2560
     42 2561
     35 2562
     45 2563
     39 2564
     55 2565
     46 2566
     43 2567
     46 2568
     50 2569
     42 2570
     39 2571
     40 2572
     34 2573
     35 2574
     47 2575
     39 2576
     46 2577
     35 2578
     38 2579
     35 2580
     33 2581
     46 2582
     42 2583
     45 2584
     50 2585
     43 2586
     37 2587
     37 2588
     52 2589
     48 2590
     56 2591
     43 2592
     44 2593
     47 2594
     42 2595
     36 2596
     36 2597
     48 2598
     53 2599
     39 2600
     39 2601
     41 2602
     42 2603
     40 2604
     42 2605
     45 2606
     32 2607
     38 2608
     49 2609
     50 2610
     42 2611
     47 2612
     52 2613
     31 2614
     33 2615
     47 2616
     49 2617
     39 2618
     36 2619
     40 2620
     49 2621
     48 2622
     39 2623
     42 2624
     32 2625
     51 2626
     37 2627
     42 2628
     40 2629
     34 2630
     44 2631
     46 2632
     50 2633
     32 2634
     43 2635
     44 2636
     40 2637
     42 2638
     40 2639
     45 2640
     46 2641
     48 2642
     44 2643
     30 2644
     44 2645
     39 2646
     37 2647
     35 2648
     46 2649
     46 2650
     40 2651
     34 2652
     37 2653
     38 2654
     33 2655
     46 2656
     44 2657
     40 2658
     39 2659
     42 2660
     37 2661
     32 2662
     32 2663
     45 2664
     51 2665
     41 2666
     40 2667
     51 2668
     42 2669
     43 2670
     27 2671
     40 2672
     31 2673
     35 2674
     42 2675
     39 2676
     44 2677
     50 2678
     36 2679
     48 2680
     43 2681
     46 2682
     53 2683
     37 2684
     46 2685
     34 2686
     47 2687
     41 2688
     40 2689
     41 2690
     48 2691
     41 2692
     39 2693
     38 2694
     40 2695
     38 2696
     37 2697
     48 2698
     38 2699
     33 2700
     37 2701
     37 2702
     49 2703
     38 2704
     30 2705
     31 2706
     43 2707
     39 2708
     59 2709
     35 2710
     35 2711
     49 2712
     45 2713
     31 2714
     39 2715
     51 2716
     44 2717
     41 2718
     55 2719
     52 2720
     30 2721
     48 2722
     43 2723
     36 2724
     39 2725
     48 2726
     44 2727
     35 2728
     43 2729
     52 2730
     41 2731
     44 2732
     36 2733
     38 2734
     45 2735
     48 2736
     43 2737
     52 2738
     47 2739
     36 2740
     46 2741
     40 2742
     40 2743
     54 2744
     44 2745
     47 2746
     46 2747
     44 2748
     31 2749
     52 2750
     58 2751
     36 2752
     51 2753
     50 2754
     39 2755
     43 2756
     34 2757
     36 2758
     51 2759
     41 2760
     45 2761
     40 2762
     44 2763
     53 2764
     53 2765
     48 2766
     45 2767
     52 2768
     39 2769
     49 2770
     37 2771
     38 2772
     40 2773
     37 2774
     53 2775
     54 2776
     53 2777
     44 2778
     42 2779
     43 2780
     27 2781
     39 2782
     55 2783
     49 2784
     35 2785
     50 2786
     43 2787
     31 2788
     40 2789
     48 2790
     44 2791
     47 2792
     36 2793
     51 2794
     34 2795
     29 2796
     37 2797
     32 2798
     41 2799
     32 2800
     29 2801
     32 2802
     47 2803
     49 2804
     37 2805
     44 2806
     39 2807
     41 2808
     44 2809
     44 2810
     36 2811
     40 2812
     28 2813
     38 2814
     49 2815
     36 2816
     43 2817
     39 2818
     53 2819
     36 2820
     47 2821
     43 2822
     30 2823
     43 2824
     39 2825
     45 2826
     49 2827
     44 2828
     43 2829
     42 2830
     42 2831
     41 2832
     45 2833
     38 2834
     48 2835
     53 2836
     61 2837
     35 2838
     41 2839
     55 2840
     43 2841
     41 2842
     44 2843
     48 2844
     44 2845
     31 2846
     43 2847
     39 2848
     45 2849
     43 2850
     45 2851
     59 2852
     38 2853
     47 2854
     34 2855
     51 2856
     46 2857
     41 2858
     35 2859
     42 2860
     55 2861
     38 2862
     35 2863
     41 2864
     48 2865
     43 2866
     34 2867
     41 2868
     40 2869
     44 2870
     45 2871
     45 2872
     47 2873
     45 2874
     32 2875
     38 2876
     42 2877
     50 2878
     38 2879
     51 2880
     38 2881
     40 2882
     46 2883
     42 2884
     45 2885
     45 2886
     31 2887
     46 2888
     31 2889
     42 2890
     46 2891
     41 2892
     44 2893
     47 2894
     48 2895
     44 2896
     50 2897
     27 2898
     41 2899
     46 2900
     48 2901
     47 2902
     49 2903
     38 2904
     45 2905
     35 2906
     50 2907
     42 2908
     50 2909
     41 2910
     49 2911
     35 2912
     34 2913
     36 2914
     29 2915
     43 2916
     40 2917
     34 2918
     37 2919
     32 2920
     44 2921
     46 2922
     27 2923
     39 2924
     36 2925
     39 2926
     41 2927
     41 2928
     31 2929
     48 2930
     39 2931
     36 2932
     36 2933
     36 2934
     38 2935
     40 2936
     39 2937
     38 2938
     58 2939
     38 2940
     42 2941
     37 2942
     33 2943
     37 2944
     36 2945
     48 2946
     41 2947
     33 2948
     31 2949
     41 2950
     47 2951
     55 2952
     40 2953
     42 2954
     44 2955
     40 2956
     38 2957
     33 2958
     34 2959
     40 2960
     33 2961
     40 2962
     39 2963
     55 2964
     49 2965
     46 2966
     46 2967
     38 2968
     43 2969
     45 2970
     38 2971
     24 2972
     43 2973
     49 2974
     37 2975
     42 2976
     43 2977
     34 2978
     32 2979
     50 2980
     44 2981
     25 2982
     38 2983
     37 2984
     48 2985
     37 2986
     40 2987
     37 2988
     41 2989
     45 2990
     36 2991
     34 2992
     42 2993
     35 2994
     45 2995
     38 2996
     40 2997
     37 2998
     44 2999
     28 3000
     40 3001
     44 3002
     33 3003
     38 3004
     40 3005
     39 3006
     32 3007
     37 3008
     42 3009
     40 3010
     34 3011
     45 3012
     38 3013
     46 3014
     45 3015
     26 3016
     50 3017
     40 3018
     35 3019
     32 3020
     31 3021
     36 3022
     36 3023
     33 3024
     36 3025
     30 3026
     41 3027
     36 3028
     41 3029
     37 3030
     40 3031
     34 3032
     40 3033
     37 3034
     36 3035
     31 3036
     39 3037
     31 3038
     39 3039
     25 3040
     28 3041
     31 3042
     41 3043
     36 3044
     35 3045
     49 3046
     41 3047
     44 3048
     40 3049
     29 3050
     29 3051
     36 3052
     22 3053
     43 3054
     41 3055
     47 3056
     36 3057
     38 3058
     34 3059
     47 3060
     36 3061
     45 3062
     43 3063
     22 3064
     44 3065
     22 3066
     31 3067
     31 3068
     27 3069
     36 3070
     47 3071
     38 3072
     47 3073
     34 3074
     40 3075
     40 3076
     41 3077
     43 3078
     32 3079
     35 3080
     36 3081
     24 3082
     30 3083
     38 3084
     42 3085
     46 3086
     45 3087
     48 3088
     29 3089
     35 3090
     36 3091
     36 3092
     39 3093
     39 3094
     29 3095
     45 3096
     46 3097
     38 3098
     35 3099
     40 3100
     46 3101
     40 3102
     36 3103
     38 3104
     35 3105
     42 3106
     38 3107
     37 3108
     26 3109
     48 3110
     37 3111
     35 3112
     43 3113
     40 3114
     41 3115
     30 3116
     34 3117
     39 3118
     45 3119
     24 3120
     38 3121
     32 3122
     41 3123
     35 3124
     36 3125
     41 3126
     28 3127
     36 3128
     36 3129
     37 3130
     36 3131
     40 3132
     38 3133
     41 3134
     46 3135
     40 3136
     42 3137
     39 3138
     42 3139
     30 3140
     36 3141
     41 3142
     47 3143
     36 3144
     39 3145
     26 3146
     39 3147
     44 3148
     39 3149
     33 3150
     39 3151
     38 3152
     48 3153
     35 3154
     33 3155
     36 3156
     31 3157
     32 3158
     43 3159
     38 3160
     37 3161
     40 3162
     42 3163
     43 3164
     36 3165
     41 3166
     22 3167
     42 3168
     34 3169
     40 3170
     33 3171
     35 3172
     35 3173
     44 3174
     45 3175
     28 3176
     38 3177
     39 3178
     36 3179
     24 3180
     46 3181
     33 3182
     35 3183
     40 3184
     38 3185
     35 3186
     41 3187
     38 3188
     39 3189
     37 3190
     36 3191
     28 3192
     27 3193
     52 3194
     38 3195
     32 3196
     36 3197
     46 3198
     38 3199
     39 3200
     36 3201
     43 3202
     34 3203
     35 3204
     37 3205
     31 3206
     32 3207
     33 3208
     39 3209
     37 3210
     43 3211
     41 3212
     37 3213
     33 3214
     33 3215
     51 3216
     33 3217
     39 3218
     26 3219
     36 3220
     36 3221
     32 3222
     36 3223
     38 3224
     36 3225
     48 3226
     26 3227
     30 3228
     37 3229
     34 3230
     29 3231
     28 3232
     38 3233
     49 3234
     29 3235
     24 3236
     35 3237
     33 3238
     45 3239
     35 3240
     37 3241
     34 3242
     32 3243
     28 3244
     36 3245
     30 3246
     32 3247
     36 3248
     32 3249
     30 3250
     24 3251
     25 3252
     28 3253
     32 3254
     35 3255
     28 3256
     26 3257
     36 3258
     26 3259
     22 3260
     40 3261
     32 3262
     20 3263
     26 3264
     28 3265
     21 3266
     28 3267
     28 3268
     25 3269
     27 3270
     34 3271
     29 3272
     18 3273
     23 3274
     20 3275
     35 3276
     30 3277
     25 3278
     23 3279
     38 3280
     24 3281
     24 3282
     29 3283
     28 3284
     13 3285
     19 3286
     26 3287
     33 3288
     35 3289
     35 3290
     27 3291
     29 3292
     31 3293
     28 3294
     35 3295
     28 3296
     24 3297
     28 3298
     26 3299
     26 3300
     26 3301
     33 3302
     26 3303
     26 3304
     35 3305
     33 3306
     34 3307
     26 3308
     41 3309
     28 3310
     28 3311
     22 3312
     27 3313
     20 3314
     24 3315
     26 3316
     36 3317
     24 3318
     28 3319
     26 3320
     37 3321
     23 3322
     29 3323
     36 3324
     29 3325
     30 3326
     40 3327
     24 3328
     26 3329
     29 3330
     23 3331
     25 3332
     29 3333
     26 3334
     28 3335
     28 3336
     35 3337
     23 3338
     23 3339
     35 3340
     27 3341
     32 3342
     27 3343
     32 3344
     28 3345
     31 3346
     25 3347
     21 3348
     28 3349
     38 3350
     26 3351
     27 3352
     24 3353
     25 3354
     32 3355
     18 3356
     38 3357
     30 3358
     33 3359
     41 3360
     26 3361
     33 3362
     32 3363
     31 3364
     25 3365
     21 3366
     25 3367
     24 3368
     30 3369
     25 3370
     28 3371
     23 3372
     29 3373
     28 3374
     35 3375
     19 3376
     21 3377
     22 3378
     27 3379
     27 3380
     20 3381
     28 3382
     28 3383
     26 3384
     35 3385
     18 3386
     17 3387
     26 3388
     28 3389
     21 3390
     27 3391
      9 3392
     32 3393
     19 3394
     23 3395
     24 3396
     21 3397
     22 3398
     19 3399
     17 3400
     22 3401
     21 3402
     19 3403
     22 3404
     26 3405
     25 3406
     23 3407
     33 3408
     15 3409
     22 3410
     26 3411
     20 3412
     21 3413
     24 3414
     19 3415
     19 3416
     24 3417
     16 3418
     24 3419
     25 3420
     29 3421
     20 3422
     23 3423
     29 3424
     22 3425
     18 3426
     15 3427
     19 3428
     18 3429
     31 3430
     18 3431
     25 3432
     15 3433
     16 3434
     16 3435
     20 3436
     15 3437
     29 3438
     18 3439
     23 3440
     24 3441
     22 3442
     19 3443
     19 3444
     14 3445
     17 3446
     21 3447
     23 3448
     21 3449
     18 3450
     15 3451
     16 3452
     18 3453
     25 3454
     23 3455
     18 3456
     26 3457
     18 3458
     10 3459
     21 3460
     10 3461
      9 3462
     19 3463
     28 3464
     20 3465
     14 3466
     21 3467
     18 3468
     18 3469
     15 3470
     14 3471
     13 3472
     21 3473
     14 3474
     20 3475
     20 3476
     14 3477
     13 3478
     11 3479
     10 3480
     14 3481
      8 3482
     23 3483
     24 3484
     10 3485
     18 3486
     15 3487
     17 3488
     10 3489
     11 3490
     17 3491
     24 3492
     17 3493
     12 3494
     16 3495
     21 3496
     18 3497
     18 3498
     13 3499
     14 3500
     10 3501
     16 3502
     11 3503
     10 3504
     19 3505
     18 3506
     15 3507
     14 3508
     19 3509
     21 3510
      8 3511
     16 3512
     16 3513
      7 3514
     20 3515
     14 3516
     18 3517
     13 3518
     11 3519
     16 3520
     19 3521
      8 3522
     15 3523
     10 3524
     16 3525
     21 3526
      8 3527
     15 3528
     12 3529
     12 3530
     16 3531
     11 3532
     19 3533
     15 3534
     14 3535
     15 3536
     12 3537
     18 3538
      8 3539
     18 3540
     11 3541
     18 3542
     10 3543
     12 3544
     17 3545
     19 3546
     14 3547
     18 3548
     16 3549
     15 3550
     10 3551
     15 3552
     16 3553
     16 3554
     15 3555
      8 3556
     12 3557
     19 3558
     11 3559
     18 3560
     15 3561
     16 3562
     12 3563
     11 3564
     17 3565
     13 3566
     15 3567
     17 3568
     12 3569
     15 3570
     13 3571
     13 3572
      9 3573
     13 3574
      8 3575
     15 3576
     15 3577
     11 3578
     12 3579
      9 3580
     15 3581
     12 3582
     23 3583
     17 3584
     15 3585
     21 3586
     11 3587
     11 3588
      9 3589
      9 3590
     14 3591
     13 3592
     18 3593
      8 3594
     12 3595
     12 3596
     13 3597
     12 3598
      8 3599
     11 3600
     11 3601
     18 3602
     19 3603
     11 3604
     17 3605
     12 3606
     13 3607
     13 3608
     14 3609
      8 3610
     10 3611
     12 3612
     11 3613
     12 3614
     26 3615
     12 3616
     13 3617
     12 3618
     14 3619
     11 3620
     10 3621
     20 3622
     16 3623
     17 3624
     14 3625
     15 3626
     14 3627
     18 3628
      9 3629
     17 3630
     13 3631
     17 3632
     11 3633
     12 3634
     18 3635
      9 3636
      8 3637
      8 3638
     16 3639
     17 3640
     12 3641
     16 3642
     13 3643
     10 3644
     14 3645
     12 3646
     19 3647
     11 3648
     12 3649
     15 3650
     18 3651
     13 3652
     21 3653
      9 3654
     20 3655
     12 3656
      9 3657
     10 3658
     15 3659
     17 3660
     15 3661
      7 3662
     19 3663
     11 3664
      8 3665
     16 3666
     16 3667
      6 3668
     17 3669
     12 3670
     16 3671
     15 3672
     16 3673
     11 3674
     13 3675
     13 3676
     11 3677
     15 3678
     15 3679
      8 3680
      8 3681
     12 3682
     19 3683
      5 3684
     17 3685
     15 3686
     12 3687
     10 3688
     14 3689
     13 3690
     10 3691
     13 3692
     22 3693
     19 3694
     12 3695
     16 3696
     10 3697
     10 3698
     16 3699
     11 3700
     15 3701
     12 3702
     13 3703
      8 3704
      5 3705
     15 3706
     10 3707
      8 3708
      8 3709
      9 3710
     13 3711
     11 3712
     12 3713
      8 3714
     10 3715
     11 3716
     11 3717
     10 3718
      8 3719
     10 3720
      9 3721
     12 3722
     11 3723
     10 3724
     10 3725
     12 3726
     13 3727
     12 3728
      8 3729
     13 3730
      7 3731
     10 3732
      7 3733
     12 3734
     12 3735
      8 3736
     17 3737
     12 3738
      9 3739
     12 3740
     13 3741
      9 3742
     10 3743
      9 3744
     11 3745
     12 3746
      7 3747
      8 3748
     11 3749
     10 3750
     12 3751
      9 3752
     12 3753
      8 3754
     17 3755
      9 3756
      8 3757
      8 3758
     15 3759
     14 3760
      8 3761
     12 3762
      9 3763
      9 3764
     15 3765
     13 3766
     11 3767
     11 3768
      9 3769
     11 3770
     10 3771
     13 3772
     12 3773
     15 3774
      8 3775
     12 3776
      8 3777
      7 3778
     13 3779
      8 3780
      6 3781
      7 3782
      9 3783
     13 3784
      8 3785
     14 3786
      8 3787
      9 3788
     10 3789
     11 3790
      7 3791
     17 3792
      8 3793
     10 3794
     12 3795
      7 3796
     13 3797
      8 3798
      4 3799
     13 3800
     11 3801
      6 3802
     12 3803
     14 3804
      9 3805
     10 3806
      5 3807
      7 3808
     10 3809
     11 3810
      8 3811
     12 3812
      4 3813
     10 3814
     11 3815
     11 3816
      9 3817
      9 3818
      6 3819
     10 3820
      7 3821
      8 3822
      8 3823
      5 3824
      7 3825
     12 3826
      8 3827
      6 3828
     10 3829
     10 3830
      9 3831
      8 3832
     13 3833
      5 3834
     10 3835
     15 3836
      9 3837
      6 3838
     12 3839
      5 3840
     13 3841
     11 3842
     13 3843
     10 3844
     10 3845
     12 3846
      6 3847
      9 3848
     10 3849
     11 3850
     10 3851
     14 3852
     12 3853
     12 3854
      6 3855
      9 3856
      1 3857
      7 3858
     18 3859
     13 3860
      9 3861
     11 3862
      6 3863
      7 3864
      7 3865
     11 3866
     10 3867
     10 3868
     13 3869
      7 3870
      7 3871
     10 3872
     15 3873
      8 3874
     14 3875
     12 3876
     12 3877
      5 3878
      6 3879
     11 3880
     15 3881
     10 3882
     14 3883
     11 3884
     12 3885
     13 3886
     11 3887
      9 3888
     10 3889
      9 3890
      7 3891
     16 3892
     16 3893
      8 3894
      9 3895
      7 3896
     12 3897
     10 3898
     11 3899
     12 3900
      9 3901
     15 3902
     12 3903
      9 3904
     17 3905
     13 3906
     10 3907
     10 3908
     11 3909
     15 3910
      7 3911
     14 3912
     10 3913
      8 3914
     11 3915
     11 3916
     13 3917
     12 3918
      6 3919
      8 3920
      6 3921
      8 3922
      8 3923
     11 3924
     10 3925
     17 3926
      9 3927
      9 3928
     10 3929
     10 3930
      9 3931
      7 3932
     13 3933
      2 3934
     10 3935
     10 3936
     10 3937
     15 3938
      9 3939
     11 3940
      9 3941
     18 3942
     10 3943
      6 3944
     11 3945
     13 3946
     16 3947
     11 3948
     11 3949
     13 3950
     11 3951
      9 3952
      8 3953
     13 3954
     10 3955
     13 3956
     15 3957
     12 3958
     14 3959
      9 3960
      5 3961
      9 3962
     11 3963
      9 3964
     10 3965
     14 3966
      9 3967
      5 3968
     18 3969
     15 3970
     14 3971
     10 3972
     12 3973
     12 3974
     14 3975
     17 3976
      7 3977
     14 3978
     15 3979
     10 3980
      9 3981
      9 3982
     15 3983
     15 3984
      9 3985
     12 3986
     12 3987
     16 3988
     14 3989
     10 3990
     10 3991
      7 3992
     10 3993
     11 3994
      5 3995
      6 3996
      8 3997
     11 3998
      9 3999
      8 4000
     12 4001
      5 4002
     12 4003
     15 4004
     11 4005
      8 4006
     10 4007
     15 4008
      7 4009
     12 4010
     10 4011
      5 4012
     12 4013
     11 4014
     12 4015
     12 4016
      9 4017
      9 4018
     13 4019
     10 4020
     11 4021
     16 4022
     10 4023
     11 4024
     10 4025
      9 4026
      8 4027
      8 4028
      8 4029
      8 4030
     11 4031
     12 4032
      9 4033
     11 4034
      7 4035
     12 4036
      9 4037
     16 4038
      9 4039
      6 4040
     10 4041
      3 4042
      8 4043
      9 4044
     12 4045
      5 4046
      9 4047
     10 4048
      8 4049
      4 4050
      5 4051
     12 4052
     10 4053
      9 4054
      7 4055
      9 4056
      9 4057
     13 4058
      8 4059
      6 4060
     10 4061
     10 4062
      4 4063
      8 4064
      6 4065
      6 4066
      3 4067
      8 4068
      7 4069
     11 4070
      7 4071
      9 4072
      3 4073
      8 4074
      9 4075
     10 4076
     12 4077
      5 4078
      8 4079
      8 4080
      6 4081
      5 4082
     10 4083
      4 4084
      6 4085
     13 4086
      7 4087
      8 4088
      9 4089
      6 4090
      7 4091
      5 4092
      7 4093
     12 4094
      4 4095
      9 4096
      5 4097
      9 4098
      4 4099
      6 4100
      5 4101
      9 4102
     10 4103
     14 4104
      5 4105
      4 4106
     11 4107
     12 4108
      5 4109
      6 4110
      6 4111
      8 4112
      7 4113
      6 4114
      8 4115
      2 4116
      4 4117
      6 4118
     10 4119
      9 4120
     14 4121
      7 4122
     11 4123
     13 4124
      7 4125
     10 4126
      7 4127
     10 4128
      7 4129
      7 4130
      5 4131
      9 4132
      8 4133
      6 4134
      3 4135
      8 4136
      2 4137
     10 4138
      8 4139
      6 4140
      6 4141
      9 4142
      5 4143
     11 4144
     10 4145
      6 4146
     13 4147
     10 4148
      5 4149
      7 4150
      9 4151
     11 4152
      4 4153
     10 4154
      6 4155
      5 4156
      7 4157
      4 4158
      9 4159
      8 4160
     17 4161
     11 4162
     11 4163
      7 4164
      7 4165
      7 4166
      5 4167
      8 4168
      7 4169
     11 4170
      5 4171
     11 4172
      4 4173
     10 4174
      8 4175
      7 4176
      2 4177
      7 4178
     10 4179
      7 4180
      7 4181
      7 4182
      7 4183
      7 4184
      2 4185
      7 4186
      8 4187
      9 4188
     14 4189
      7 4190
      6 4191
      6 4192
     12 4193
      7 4194
      8 4195
      7 4196
      4 4197
     10 4198
      9 4199
      9 4200
     11 4201
      6 4202
      6 4203
      5 4204
      6 4205
      6 4206
      9 4207
      6 4208
      7 4209
      9 4210
      8 4211
      4 4212
      8 4213
      3 4214
      9 4215
      5 4216
      5 4217
      9 4218
      8 4219
      7 4220
      3 4221
      6 4222
      6 4223
      2 4224
      6 4225
      6 4226
      4 4227
      9 4228
      8 4229
      8 4230
     10 4231
      7 4232
      9 4233
      7 4234
      2 4235
      7 4236
     11 4237
      6 4238
      8 4239
     11 4240
      3 4241
      6 4242
     13 4243
      6 4244
      3 4245
      6 4246
      9 4247
      7 4248
      7 4249
      5 4250
      7 4251
      6 4252
      5 4253
      5 4254
      5 4255
      6 4256
      6 4257
      9 4258
      5 4259
      7 4260
      3 4261
      9 4262
      8 4263
      5 4264
      6 4265
      8 4266
      1 4267
      3 4268
      7 4269
      3 4270
      5 4271
      7 4272
      6 4273
      7 4274
     10 4275
     10 4276
      3 4277
      8 4278
      9 4279
      5 4280
      5 4281
      3 4282
      4 4283
      4 4284
      4 4285
     10 4286
      4 4287
      8 4288
      4 4289
      7 4290
      8 4291
      4 4292
      1 4293
      6 4294
      5 4295
      4 4296
      6 4297
      6 4298
      4 4299
     10 4300
      6 4301
      5 4302
      6 4303
      5 4304
      8 4305
      7 4306
      4 4307
      2 4308
      5 4309
      3 4310
      9 4311
      8 4312
      8 4313
      9 4314
      5 4315
      7 4316
      6 4317
      8 4318
      5 4319
     13 4320
      3 4321
      4 4322
      8 4323
      1 4324
      8 4325
      5 4326
      3 4327
      4 4328
      7 4329
      7 4330
      2 4331
      9 4332
      6 4333
      5 4334
      6 4335
      5 4336
      7 4337
      7 4338
      3 4339
     12 4340
      2 4341
     13 4342
      4 4343
     10 4344
     10 4345
      4 4346
      4 4347
      6 4348
      4 4349
      6 4350
     12 4351
      5 4352
      3 4353
      7 4354
      7 4355
      8 4356
     12 4357
      7 4358
      5 4359
      7 4360
      5 4361
      8 4362
      7 4363
      5 4364
     10 4365
      7 4366
      6 4367
      7 4368
      9 4369
      5 4370
      9 4371
      8 4372
      8 4373
      3 4374
      4 4375
      5 4376
      5 4377
      8 4378
      5 4379
      7 4380
      2 4381
      7 4382
      9 4383
     11 4384
      8 4385
      6 4386
      6 4387
      4 4388
      6 4389
      5 4390
      5 4391
      4 4392
      6 4393
      8 4394
      7 4395
      4 4396
     11 4397
      9 4398
      7 4399
      5 4400
      5 4401
      5 4402
      3 4403
     10 4404
     10 4405
      8 4406
      3 4407
      6 4408
      8 4409
     12 4410
      2 4411
      9 4412
      9 4413
     10 4414
      6 4415
      6 4416
      3 4417
      4 4418
      8 4419
      8 4420
      6 4421
      6 4422
      5 4423
      5 4424
      6 4425
      6 4426
      6 4427
      4 4428
      9 4429
      8 4430
      2 4431
     10 4432
      7 4433
      7 4434
      5 4435
     11 4436
      6 4437
      5 4438
      3 4439
      9 4440
      4 4441
      5 4442
      4 4443
      9 4444
      5 4445
      4 4446
      6 4447
      6 4448
      8 4449
      6 4450
     11 4451
      8 4452
      9 4453
      3 4454
      6 4455
     10 4456
      6 4457
      7 4458
      6 4459
      5 4460
      2 4461
     11 4462
      8 4463
      4 4464
      8 4465
      9 4466
      5 4467
     10 4468
      5 4469
     12 4470
      5 4471
      9 4472
      4 4473
      4 4474
      7 4475
     10 4476
      7 4477
     12 4478
      3 4479
      7 4480
      7 4481
      8 4482
      2 4483
      6 4484
      8 4485
      6 4486
      7 4487
      1 4488
      6 4489
      8 4490
      7 4491
      7 4492
      8 4493
     10 4494
      4 4495
      2 4496
      7 4497
      4 4498
      2 4499
      5 4500
      4 4501
      8 4502
      3 4503
      9 4504
      5 4505
      4 4506
      7 4507
      7 4508
      5 4509
      5 4510
      7 4511
      3 4512
      6 4513
      6 4514
     10 4515
      8 4516
      3 4517
      5 4518
      3 4519
      2 4520
      6 4521
      5 4522
      8 4523
      4 4524
      8 4525
      7 4526
      5 4527
     10 4528
      3 4529
      8 4530
      7 4531
      5 4532
      8 4533
      6 4534
      5 4535
      4 4536
      5 4537
      4 4538
      5 4539
      9 4540
      5 4541
      6 4542
      4 4543
      6 4544
      8 4545
      4 4546
      6 4547
      7 4548
     10 4549
      7 4550
      3 4551
      4 4552
      3 4553
      6 4554
      3 4555
      4 4556
      9 4557
      9 4558
      5 4559
      8 4560
      6 4561
      9 4562
      7 4563
      7 4564
      3 4565
     10 4566
      7 4567
      7 4568
      5 4569
     10 4570
      6 4571
      8 4572
      1 4573
      3 4574
      5 4575
      3 4576
      4 4577
      6 4578
      6 4579
      7 4580
      3 4581
      3 4582
      5 4583
      7 4584
      8 4585
      8 4586
      7 4587
      4 4588
      7 4589
      3 4590
      7 4591
      3 4592
      4 4593
      6 4594
      8 4595
     10 4596
      8 4597
      6 4598
      2 4599
      7 4600
      6 4601
      5 4602
      2 4603
      4 4604
      7 4605
      8 4606
      4 4607
      4 4608
     11 4609
      7 4610
      6 4611
      6 4612
      6 4613
      6 4614
      6 4615
      2 4616
     11 4617
      3 4618
      5 4619
      1 4620
      2 4621
     10 4622
      2 4623
      5 4624
      6 4625
      5 4626
      3 4627
      6 4628
      7 4629
      4 4630
      7 4631
      4 4632
     10 4633
      2 4634
      7 4635
      6 4636
      4 4637
      7 4638
      6 4639
      2 4640
      3 4641
     11 4642
      5 4643
      3 4644
      4 4645
      9 4646
      4 4647
      8 4648
     11 4649
      2 4650
      4 4651
      1 4652
      4 4653
      6 4654
      3 4655
      4 4656
      5 4657
      6 4658
      5 4659
      6 4660
      6 4661
      3 4662
      9 4663
     10 4664
      3 4665
      6 4666
      3 4667
      2 4668
      5 4669
      5 4670
      5 4671
      7 4672
      8 4673
      2 4674
      7 4675
      7 4676
      6 4677
      4 4678
      5 4679
      6 4680
      7 4681
      5 4682
      5 4683
      5 4684
      6 4685
      9 4686
      6 4687
      2 4688
      3 4689
      4 4690
      2 4691
      4 4692
      7 4693
      4 4694
      6 4695
      8 4696
      5 4697
      4 4698
      4 4699
     10 4700
      4 4701
      5 4702
      1 4703
      5 4704
      5 4705
      6 4706
      4 4707
      8 4708
      8 4709
     10 4710
      4 4711
      2 4712
      7 4713
      5 4714
      7 4715
      8 4716
      7 4717
      7 4718
      7 4719
      6 4720
      3 4721
      6 4722
      3 4723
      6 4724
      2 4725
      7 4726
      4 4727
      2 4728
      5 4729
     11 4730
      8 4731
     11 4732
      1 4733
     13 4734
      6 4735
      4 4736
     11 4737
      2 4738
      3 4739
      6 4740
      6 4741
      5 4742
      6 4743
      4 4744
      6 4745
      9 4746
      7 4747
      5 4748
      6 4749
      4 4750
      4 4751
      3 4752
      8 4753
      6 4754
      5 4755
      7 4756
      5 4757
      4 4758
      7 4759
      3 4760
      6 4761
      4 4762
     11 4763
      5 4764
      4 4765
     10 4766
      8 4767
      3 4768
     13 4769
      4 4770
      6 4771
      5 4772
      3 4773
      6 4774
     10 4775
      2 4776
      5 4777
      4 4778
      7 4779
      7 4780
      6 4781
      7 4782
      8 4783
      7 4784
     10 4785
      9 4786
     10 4787
      6 4788
      5 4789
      3 4790
      8 4791
      4 4792
      4 4793
      9 4794
      6 4795
      3 4796
      4 4797
      4 4798
      5 4799
      8 4800
      4 4801
      9 4802
      6 4803
      6 4804
      6 4805
      4 4806
      8 4807
      3 4808
      7 4809
     10 4810
      3 4811
      6 4812
      5 4813
      6 4814
      8 4815
      5 4816
     12 4817
      5 4818
      8 4819
      4 4820
      7 4821
      3 4822
      6 4823
      9 4824
      5 4825
      8 4826
      4 4827
      5 4828
      9 4829
      9 4830
      7 4831
      3 4832
      6 4833
      4 4834
      8 4835
      9 4836
      8 4837
     10 4838
     14 4839
      4 4840
     11 4841
      8 4842
      6 4843
      9 4844
     10 4845
      5 4846
      5 4847
      6 4848
      6 4849
      5 4850
      6 4851
      7 4852
      6 4853
      7 4854
      6 4855
      7 4856
      1 4857
      4 4858
      2 4859
      4 4860
      5 4861
     11 4862
      5 4863
      3 4864
      7 4865
      6 4866
      3 4867
      5 4868
      3 4869
      7 4870
      5 4871
      3 4872
      5 4873
     10 4874
      2 4875
      5 4876
     10 4877
      8 4878
      6 4879
      3 4880
      2 4881
      6 4882
      6 4883
      5 4884
      5 4885
      3 4886
      9 4887
      3 4888
      6 4889
      6 4890
      7 4891
      8 4892
      7 4893
      4 4894
      5 4895
      5 4896
      4 4897
      7 4898
      4 4899
      7 4900
      8 4901
      2 4902
      4 4903
      1 4904
      4 4905
      6 4906
      8 4907
      6 4908
      6 4909
      2 4910
      5 4911
      4 4912
      9 4913
      5 4914
      5 4915
      8 4916
      6 4917
      2 4918
      5 4919
      5 4920
      5 4921
      8 4922
     11 4923
      2 4924
      8 4925
      6 4926
      5 4927
      4 4928
      7 4929
      9 4930
      3 4931
      5 4932
      5 4933
      6 4934
      6 4935
      2 4936
      8 4937
      4 4938
      9 4939
      4 4940
      3 4941
      8 4942
      3 4943
      5 4944
      6 4945
      7 4946
      4 4947
      3 4948
      5 4949
      7 4950
      6 4951
      4 4952
      4 4953
      2 4954
      2 4955
      4 4956
      5 4957
      5 4958
      1 4959
      6 4960
      4 4961
      3 4962
      4 4963
     12 4964
      7 4965
      3 4966
      5 4967
     10 4968
      3 4969
      7 4970
      8 4971
      9 4972
      5 4973
      8 4974
      4 4975
      5 4976
      5 4977
      9 4978
      4 4979
      4 4980
     10 4981
      5 4982
      4 4983
      8 4984
      7 4985
      7 4986
      7 4987
      5 4988
      2 4989
      8 4990
      2 4991
      5 4992
      6 4993
      4 4994
      3 4995
      7 4996
      4 4997
      7 4998
      7 4999
      3 5000
      3 5001
      7 5002
      6 5003
     10 5004
      7 5005
      8 5006
      4 5007
      4 5008
      3 5009
      5 5010
      1 5011
      6 5012
      7 5013
      6 5014
      8 5015
      6 5016
      3 5017
      7 5018
      8 5019
      4 5020
      5 5021
      1 5022
      3 5023
      6 5024
      5 5025
      2 5026
      3 5027
      7 5028
      5 5029
      7 5030
      2 5031
      6 5032
      7 5033
      5 5034
      6 5035
      5 5036
      5 5037
      5 5038
      3 5039
      5 5040
      5 5041
      4 5042
      3 5043
      7 5044
      6 5045
      8 5046
      4 5047
      6 5048
      9 5049
      4 5050
      6 5051
      5 5052
      2 5053
      6 5054
      4 5055
      2 5056
      5 5057
      1 5058
      2 5059
      5 5060
      7 5061
      1 5062
      3 5063
      1 5064
      8 5065
      7 5066
      6 5067
      4 5068
      6 5069
      6 5070
      6 5071
      3 5072
      8 5073
      2 5074
      2 5075
      4 5076
      8 5077
      5 5078
      3 5079
      8 5080
      2 5081
      4 5082
      3 5083
      2 5084
      2 5085
      5 5086
      3 5087
      3 5088
      2 5089
      7 5090
      4 5091
      4 5093
      8 5094
      2 5095
      2 5096
      9 5097
      4 5098
      4 5099
      4 5100
      4 5102
      5 5103
      3 5104
     12 5105
      4 5106
      4 5107
      9 5108
      2 5109
      4 5110
      3 5111
      8 5112
      6 5113
      3 5114
     10 5115
      1 5116
      3 5117
      3 5118
      4 5119
      1 5120
      5 5121
      3 5122
      5 5123
      6 5124
     10 5125
      3 5126
      1 5127
      2 5128
      2 5129
      4 5130
      5 5131
      6 5132
      3 5133
      5 5134
      7 5135
      7 5136
      3 5137
      6 5138
      5 5139
      3 5140
      4 5141
      4 5142
      5 5143
      4 5144
      5 5145
      5 5146
      5 5147
      2 5148
      4 5149
      4 5150
      6 5151
      3 5152
      1 5154
      4 5156
      3 5157
      3 5158
      4 5159
      8 5160
      4 5161
      5 5162
      2 5163
      8 5164
      4 5165
      6 5166
      5 5167
      4 5168
      3 5169
      4 5170
      7 5171
      4 5172
      5 5173
      5 5174
      3 5175
      6 5176
      2 5177
      4 5178
      2 5179
      1 5180
      4 5181
      5 5182
      9 5183
      6 5184
      6 5185
      8 5186
      6 5187
      4 5188
      4 5189
      4 5190
      7 5191
      2 5192
      5 5193
      3 5194
      4 5195
      3 5196
      5 5197
      5 5198
      3 5199
      1 5200
      2 5201
      5 5202
      5 5203
      5 5204
      4 5205
      3 5206
      2 5207
      3 5208
      5 5209
      5 5211
      4 5212
      3 5213
      4 5214
      3 5215
      4 5216
      8 5217
      5 5218
      4 5219
      4 5220
      7 5221
      3 5222
      3 5223
      1 5224
      8 5225
      2 5226
      2 5227
      3 5228
      3 5229
      2 5230
      7 5231
      4 5232
      2 5233
      6 5234
      3 5235
      3 5236
      3 5237
      3 5238
      3 5239
      3 5240
      3 5241
      4 5242
      3 5243
      4 5244
      4 5245
      7 5246
      5 5247
      3 5248
      5 5249
      7 5250
      4 5251
      3 5252
      5 5253
      2 5254
      3 5256
      3 5257
      5 5258
      2 5259
      1 5260
      4 5261
      5 5262
      6 5263
      6 5264
      2 5265
      3 5266
      3 5267
      3 5268
      3 5269
      4 5270
      7 5271
      2 5272
      5 5273
      7 5274
      5 5275
      4 5276
      7 5277
      1 5279
      7 5280
      1 5281
      3 5282
      5 5283
      4 5284
      2 5285
      2 5286
      9 5287
      1 5288
      6 5289
      3 5290
      2 5291
      3 5292
      1 5293
      5 5294
      6 5295
      3 5296
      6 5297
      2 5298
      7 5299
      3 5300
      4 5301
      7 5302
      2 5303
      3 5304
      4 5305
      2 5306
      6 5307
      3 5308
      1 5309
      8 5310
      3 5311
      3 5312
      8 5313
      2 5314
      3 5315
      5 5316
      3 5317
      5 5318
      3 5319
      2 5320
      2 5321
      2 5322
      5 5323
      3 5324
      3 5325
      5 5326
      4 5327
      5 5328
      3 5329
      1 5330
      5 5331
      3 5332
      5 5333
      5 5334
      3 5335
      3 5336
      4 5337
      5 5338
      4 5339
      6 5340
      3 5341
      2 5342
      4 5343
      3 5344
      6 5345
      2 5346
      3 5347
      7 5348
      6 5349
      2 5350
      2 5351
      7 5352
      4 5353
      8 5354
      4 5355
      2 5356
      3 5357
      6 5358
      1 5359
      2 5360
      3 5361
      4 5363
      3 5364
      3 5365
      6 5366
      6 5367
      4 5368
      3 5369
      7 5370
      1 5371
      7 5372
      6 5373
      4 5374
      2 5375
      4 5376
      6 5377
      4 5378
      4 5379
      5 5380
      5 5382
      3 5383
      6 5385
      3 5386
      1 5387
      4 5388
      5 5389
      3 5390
      2 5391
      5 5392
      5 5393
      1 5394
      6 5395
      3 5396
      1 5397
      2 5398
      6 5399
      5 5400
      3 5401
      2 5402
      2 5403
      6 5404
      4 5405
      7 5407
      4 5408
      5 5409
      6 5410
      4 5411
      2 5412
      3 5413
      6 5414
      4 5415
      7 5416
      4 5417
      2 5418
      2 5419
      4 5420
      5 5421
      2 5422
      1 5423
      3 5424
      5 5425
      3 5426
      1 5427
      6 5428
      3 5429
      3 5430
      2 5431
      5 5432
      7 5433
      3 5434
      2 5435
      1 5436
      3 5437
      2 5438
      3 5439
      1 5440
      2 5441
      3 5442
      4 5443
      3 5444
      2 5445
      5 5446
      4 5447
      1 5448
      1 5449
      2 5450
      5 5451
      4 5453
      4 5454
      4 5455
      3 5456
      3 5457
      3 5458
      2 5459
      3 5460
      4 5461
      4 5462
      3 5463
      1 5464
      5 5465
      3 5466
      3 5467
      2 5468
      3 5469
      3 5470
      5 5471
      2 5472
      6 5473
      5 5474
      2 5475
      3 5476
      3 5477
      5 5478
      4 5479
      2 5480
      4 5481
      2 5482
      1 5483
      4 5484
      7 5485
      3 5486
      5 5487
      1 5488
      4 5489
      2 5490
      1 5491
      4 5492
      3 5493
      2 5494
      2 5495
      5 5496
      4 5497
      3 5498
      3 5499
      3 5500
      1 5501
      4 5502
      2 5503
      3 5504
      2 5505
      5 5506
      2 5507
      2 5508
      3 5509
      7 5510
      4 5511
      5 5512
      3 5513
      4 5515
      4 5516
      6 5517
      5 5518
      5 5519
      2 5520
      4 5521
      4 5522
      4 5523
      5 5524
      7 5525
      4 5526
      3 5527
      4 5528
      1 5529
      5 5530
      2 5531
      5 5532
      1 5533
      7 5534
      4 5535
      3 5536
      3 5537
      2 5538
      2 5539
      2 5540
      4 5541
      1 5542
      2 5543
      7 5545
      3 5546
      3 5547
      5 5548
      4 5549
      5 5550
      4 5551
      2 5552
      3 5553
      3 5554
      4 5555
      3 5556
      3 5557
      4 5558
      4 5559
      6 5560
      1 5561
      6 5562
      4 5563
      3 5564
      4 5565
      3 5566
      5 5567
      4 5568
      1 5569
      2 5570
      5 5571
      2 5572
      3 5573
      2 5574
      4 5575
      2 5576
      1 5577
      5 5578
      1 5579
      2 5580
      1 5581
      2 5582
      4 5583
      3 5584
      4 5585
      3 5586
      6 5587
      3 5588
      3 5589
      2 5590
      6 5591
      5 5592
      4 5593
      3 5594
      3 5595
      6 5596
      1 5597
      6 5598
      1 5599
      2 5600
      3 5601
      4 5602
      4 5603
      8 5604
      2 5605
      2 5606
      3 5607
      3 5609
      3 5610
      2 5612
      5 5613
      4 5614
      4 5615
      6 5616
      2 5617
      2 5618
      3 5619
      4 5620
      4 5621
      4 5622
      4 5623
      4 5624
      3 5625
      2 5626
      5 5627
      3 5628
      4 5629
      3 5630
      2 5631
      3 5632
      2 5633
      7 5634
      4 5636
      1 5637
      3 5638
      1 5639
      3 5640
      4 5641
      2 5642
      4 5643
      3 5644
      3 5645
      3 5646
      3 5647
      2 5648
      3 5649
      2 5650
      2 5651
      2 5652
      3 5653
      2 5654
      5 5656
      2 5657
      1 5658
      8 5659
      3 5660
      5 5661
      2 5662
      6 5663
      2 5664
      4 5665
      1 5666
      2 5667
      1 5668
      5 5669
      3 5670
      2 5671
      3 5672
      4 5673
      2 5674
      3 5675
      3 5676
      3 5677
      5 5678
      5 5679
      2 5680
      1 5681
      4 5682
      3 5683
      2 5684
      3 5685
      2 5686
      2 5687
      2 5688
      4 5689
      3 5690
      2 5691
      3 5692
      2 5693
      2 5694
      2 5695
      2 5696
      4 5697
      4 5698
      4 5699
      4 5700
      3 5701
      3 5702
      4 5703
      4 5704
      6 5705
      2 5706
      4 5707
      2 5708
      4 5709
      6 5710
      5 5711
      6 5713
      1 5714
      2 5715
      3 5716
      1 5717
      2 5718
      1 5719
      2 5720
      3 5721
      1 5722
      3 5723
      4 5724
      1 5725
      2 5726
      1 5728
      1 5729
      1 5730
      4 5731
      2 5732
      3 5733
      2 5734
      1 5735
      1 5736
      1 5737
      1 5738
      3 5739
      2 5740
      4 5741
      3 5742
      1 5743
      1 5744
      4 5745
      4 5746
      2 5747
      3 5748
      2 5749
      4 5750
      1 5751
      2 5752
      4 5754
      1 5755
      4 5756
      6 5758
      4 5759
      2 5760
      1 5761
      2 5762
      5 5763
      2 5764
      4 5765
      5 5766
      4 5768
      5 5769
      4 5770
      1 5771
      5 5772
      1 5773
      3 5774
      5 5775
      4 5776
      3 5777
      1 5778
      5 5779
      2 5780
      1 5781
      1 5782
      1 5783
      4 5784
      1 5785
      2 5786
      2 5787
      2 5789
      1 5790
      3 5791
      5 5792
      2 5793
      3 5794
      1 5795
      3 5796
     11 5797
      2 5798
      1 5799
      5 5800
      2 5801
      1 5802
      1 5803
      1 5804
      3 5805
      5 5806
      2 5807
      2 5808
      2 5809
      1 5810
      4 5811
      2 5812
      3 5813
      3 5815
      1 5816
      3 5817
      5 5818
      3 5822
      6 5823
      2 5824
      2 5826
      1 5827
      1 5828
      3 5829
      3 5830
      4 5831
      4 5832
      3 5833
      1 5834
      1 5835
      2 5836
      3 5837
      2 5838
      2 5839
      3 5840
      1 5842
      1 5843
      3 5844
      1 5845
      6 5846
      1 5847
      2 5848
      2 5849
      2 5850
      2 5851
      2 5852
      1 5853
      2 5854
      3 5855
      2 5857
      1 5858
      1 5859
      4 5860
      2 5861
      3 5862
      3 5863
      3 5864
      2 5866
      2 5867
      5 5868
      4 5869
      1 5870
      1 5871
      1 5872
      2 5873
      1 5874
      2 5877
      3 5878
      1 5879
      1 5881
      4 5882
      3 5883
      3 5884
      3 5885
      1 5886
      6 5887
      5 5888
      1 5889
      1 5890
      6 5891
      2 5892
      3 5893
      4 5894
      4 5895
      1 5896
      7 5898
      4 5899
      2 5901
      4 5902
      3 5903
      2 5904
      5 5905
      3 5906
      4 5907
      3 5908
      2 5909
      3 5910
      5 5911
      2 5914
      1 5915
      4 5916
      2 5917
      4 5918
      2 5920
      1 5921
      5 5924
      3 5925
      1 5926
      3 5927
      1 5928
      1 5929
      3 5930
      4 5931
      2 5932
      2 5933
      3 5934
      3 5935
      2 5936
      5 5939
      2 5940
      1 5944
      2 5945
      1 5946
      1 5947
      1 5948
      1 5949
      1 5950
      3 5951
      6 5952
      8 5953
      4 5954
      2 5955
      2 5956
      3 5957
      1 5958
      2 5959
      1 5960
      4 5961
      4 5962
      3 5963
      2 5964
      5 5965
      3 5966
      6 5967
      2 5968
      1 5970
      6 5971
      4 5972
      2 5973
      1 5975
      1 5976
      4 5977
      3 5978
      3 5979
      3 5980
      2 5981
      1 5982
      2 5983
      4 5984
      2 5985
      2 5986
      1 5987
      2 5989
      1 5990
      3 5991
      5 5993
      1 5994
      2 5995
      4 5996
      2 5997
      2 5998
      1 5999
      1 6000
      2 6002
      2 6003
      1 6004
      3 6005
      3 6006
      3 6007
      2 6008
      2 6009
      3 6011
      2 6014
      1 6015
      4 6016
      1 6017
      2 6019
      1 6020
      1 6022
      5 6023
      2 6024
      3 6025
      2 6026
      3 6027
      1 6028
      2 6029
      2 6030
      1 6031
      2 6032
      5 6033
      1 6034
      1 6035
      1 6036
      2 6037
      2 6038
      1 6039
      2 6040
      2 6041
      2 6042
      3 6043
      3 6044
      2 6045
      1 6046
      2 6047
      2 6048
      4 6049
      2 6050
      1 6051
      2 6052
      3 6053
      1 6054
      5 6055
      5 6056
      3 6057
      2 6058
      2 6059
      4 6060
      2 6061
      3 6063
      1 6064
      2 6065
      5 6066
      2 6067
      1 6068
      1 6069
      1 6070
      2 6071
      4 6072
      3 6073
      5 6074
      4 6075
      4 6076
      2 6077
      2 6078
      4 6079
      2 6080
      7 6081
      3 6082
      3 6083
      2 6084
      2 6085
      4 6086
      2 6087
      3 6088
      2 6089
      1 6091
      2 6092
      2 6093
      4 6094
      1 6095
      2 6098
      2 6099
      1 6100
      4 6101
      1 6102
      1 6103
      1 6104
      2 6105
      3 6106
      5 6107
      2 6108
      3 6109
      2 6110
      3 6111
      1 6112
      3 6113
      2 6114
      6 6116
      2 6117
      3 6118
      3 6119
      3 6120
      4 6121
      1 6122
      2 6123
      4 6124
      2 6125
      1 6126
      2 6127
      6 6128
      1 6129
      4 6130
      5 6131
      6 6132
      1 6133
      1 6134
      1 6136
      1 6137
      5 6140
      4 6141
      1 6142
      1 6143
      2 6144
      2 6145
      4 6146
      2 6147
      3 6148
      2 6149
      1 6150
      1 6151
      2 6152
      3 6153
      2 6154
      3 6156
      5 6157
      2 6158
      2 6160
      3 6161
      1 6162
      2 6164
      3 6165
      4 6166
      2 6167
      5 6169
      2 6170
      3 6171
      1 6172
      3 6174
      1 6175
      2 6176
      2 6177
      3 6178
      5 6179
      1 6180
      2 6181
      1 6184
      4 6185
      4 6186
      2 6187
      5 6188
      4 6189
      6 6190
      3 6191
      1 6192
      2 6193
      1 6194
      1 6196
      1 6197
      5 6198
      4 6200
      4 6201
      3 6202
      2 6203
      1 6204
      2 6205
      2 6206
      5 6207
      5 6208
      4 6209
      3 6210
      2 6211
      2 6212
      6 6213
      3 6215
      6 6216
      1 6217
      3 6218
      1 6220
      2 6221
      2 6222
      2 6223
      1 6224
      2 6225
      3 6227
      1 6228
      2 6230
      2 6231
      5 6232
      7 6233
      1 6234
      1 6235
      1 6236
      3 6237
      3 6238
      1 6239
      4 6240
      1 6241
      1 6242
      2 6244
      1 6245
      2 6246
      2 6247
      2 6249
      4 6250
      5 6251
      5 6252
      1 6253
      2 6254
      1 6255
      2 6256
      1 6257
      2 6259
      2 6260
      1 6262
      2 6264
      2 6265
      1 6267
      2 6268
      3 6269
      1 6270
      3 6271
      1 6272
      1 6273
      1 6274
      2 6276
      2 6277
      1 6278
      3 6279
      1 6280
      3 6281
      3 6282
      1 6283
      2 6284
      4 6286
      3 6287
      1 6291
      1 6292
      1 6293
      2 6294
      1 6296
      2 6298
      3 6299
      2 6300
      2 6301
      3 6303
      4 6304
      3 6305
      3 6306
      1 6307
      1 6309
      2 6310
      1 6311
      2 6312
      1 6313
      2 6314
      1 6315
      3 6316
      2 6317
      3 6320
      1 6321
      1 6322
      3 6323
      1 6326
      2 6327
      2 6328
      1 6329
      1 6330
      1 6331
      4 6334
      3 6335
      1 6336
      1 6337
      4 6338
      1 6339
      5 6340
      2 6341
      1 6342
      3 6343
      4 6344
      1 6345
      1 6346
      3 6347
      4 6348
      3 6349
      2 6351
      2 6352
      2 6353
      2 6356
      1 6358
      2 6359
      4 6361
      3 6362
      1 6363
      1 6364
      1 6366
      2 6367
      2 6368
      1 6370
      3 6372
      4 6374
      1 6375
      4 6376
      1 6377
      1 6378
      3 6379
      2 6380
      1 6381
      1 6382
      1 6383
      1 6384
      1 6386
      3 6388
      1 6390
      1 6391
      1 6393
      1 6394
      3 6395
      1 6398
      1 6399
      4 6403
      1 6404
      2 6406
      1 6407
      3 6409
      2 6410
      2 6411
      2 6415
      4 6417
      2 6418
      2 6420
      3 6421
      1 6423
      1 6424
      1 6425
      2 6426
      1 6429
      3 6430
      3 6431
      3 6433
      1 6436
      4 6437
      2 6438
      1 6439
      2 6441
      1 6442
      1 6444
      1 6445
      3 6448
      1 6449
      1 6450
      2 6451
      2 6452
      1 6453
      1 6454
      3 6455
      1 6459
      2 6461
      4 6463
      1 6464
      2 6465
      1 6466
      1 6468
      1 6470
      1 6472
      1 6474
      2 6477
      1 6478
      3 6480
      1 6481
      1 6483
      1 6484
      1 6485
      2 6486
      3 6487
      1 6488
      1 6489
      1 6490
      2 6495
      1 6497
      3 6498
      2 6501
      1 6502
      3 6503
      2 6504
      1 6506
      1 6508
      1 6509
      1 6510
      2 6511
      1 6512
      1 6513
      1 6514
      1 6515
      1 6516
      3 6517
      1 6518
      2 6519
      4 6520
      1 6521
      1 6522
      2 6523
      2 6524
      4 6525
      3 6526
      1 6529
      1 6530
      2 6532
      4 6533
      1 6535
      1 6536
      1 6538
      1 6539
      1 6541
      1 6542
      6 6543
      4 6545
      1 6546
      2 6552
      3 6553
      1 6554
      1 6555
      1 6556
      1 6557
      2 6558
      2 6560
      7 6561
      1 6562
      2 6564
      2 6565
      2 6568
      1 6569
      1 6571
      3 6573
      1 6574
      1 6576
      1 6577
      1 6578
      2 6579
      2 6580
      1 6582
      2 6583
      2 6584
      2 6585
      2 6586
      1 6587
      2 6588
      1 6589
      2 6590
      1 6591
      3 6592
      3 6595
      1 6596
      1 6598
      1 6600
      2 6601
      3 6602
      1 6603
      2 6604
      2 6605
      1 6606
      2 6607
      3 6609
      2 6610
      1 6613
      1 6614
      2 6616
      1 6617
      1 6618
      1 6620
      2 6622
      1 6623
      1 6624
      2 6625
      2 6628
      1 6630
      2 6631
      2 6632
      1 6633
      2 6634
      1 6635
      1 6636
      2 6638
      2 6639
      1 6640
      5 6641
      1 6642
      1 6644
      1 6645
      1 6646
      1 6647
      2 6648
      1 6649
      2 6650
      1 6652
      2 6653
      1 6654
      1 6655
      2 6656
      3 6657
      3 6658
      1 6659
      1 6660
      3 6661
      1 6663
      2 6664
      1 6665
      2 6666
      3 6668
      4 6669
      2 6670
      2 6671
      3 6672
      3 6673
      3 6675
      2 6676
      1 6677
      3 6679
      2 6680
      5 6681
      1 6683
      4 6685
      3 6687
      2 6688
      2 6689
      1 6690
      2 6691
      1 6692
      2 6694
      2 6695
      1 6696
      2 6698
      2 6699
      1 6700
      1 6704
      1 6706
      5 6708
      3 6709
      4 6710
      1 6711
      2 6712
      1 6713
      1 6714
      2 6715
      2 6716
      1 6717
      1 6718
      1 6719
      2 6722
      2 6723
      1 6728
      1 6729
      1 6730
      2 6731
      4 6732
      1 6735
      2 6736
      2 6737
      1 6738
      2 6739
      2 6740
      2 6741
      1 6742
      1 6743
      2 6744
      1 6745
      2 6746
      1 6748
      1 6750
      1 6751
      1 6752
      3 6753
      1 6756
      1 6757
      3 6758
      3 6759
      1 6761
      2 6762
      1 6764
      3 6765
      4 6768
      1 6771
      1 6772
      2 6773
      1 6775
      3 6778
      2 6779
      1 6780
      2 6781
      2 6782
      1 6783
      1 6784
      1 6785
      1 6786
      1 6791
      1 6792
      1 6795
      1 6796
      1 6797
      1 6798
      2 6799
      2 6801
      3 6802
      1 6805
      1 6806
      1 6808
      1 6812
      2 6813
      1 6814
      1 6816
      4 6817
      2 6818
      2 6820
      1 6823
      1 6824
      1 6825
      1 6826
      4 6827
      1 6829
      2 6831
      1 6832
      6 6833
      1 6834
      1 6835
      4 6836
      1 6837
      1 6839
      1 6841
      2 6842
      1 6843
      1 6844
      2 6845
      1 6846
      1 6847
      5 6848
      1 6850
      2 6851
      2 6852
      2 6853
      2 6856
      1 6858
      2 6859
      2 6860
      1 6861
      1 6862
      1 6863
      1 6864
      4 6867
      2 6868
      1 6869
      1 6870
      1 6871
      1 6872
      1 6874
      2 6876
      2 6877
      1 6879
      1 6880
      2 6881
      1 6882
      2 6883
      1 6884
      3 6886
      1 6889
      1 6890
      2 6891
      1 6892
      1 6893
      1 6895
      3 6896
      1 6897
      3 6898
      2 6899
      1 6900
      2 6901
      2 6904
      1 6905
      1 6907
      1 6909
      1 6910
      1 6911
      1 6912
      1 6914
      2 6915
      1 6916
      1 6918
      1 6920
      3 6921
      4 6922
      1 6923
      1 6924
      2 6926
      1 6929
      1 6932
      3 6933
      4 6934
      1 6935
      1 6936
      1 6937
      1 6939
      1 6940
      4 6941
      2 6942
      1 6944
      2 6946
      3 6948
      2 6949
      1 6950
      2 6951
      2 6953
      1 6954
      2 6955
      3 6956
      1 6958
      1 6959
      1 6961
      1 6962
      1 6963
      1 6964
      3 6965
      3 6966
      1 6968
      1 6969
      1 6972
      3 6973
      2 6974
      1 6976
      1 6977
      1 6979
      1 6980
      2 6981
      1 6982
      1 6984
      2 6985
      1 6987
      4 6990
      3 6991
      2 6992
      1 6994
      3 6995
      1 6997
      1 6998
      3 6999
      1 7000
      1 7001
      1 7006
      1 7007
      6 7009
      1 7010
      1 7011
      1 7013
      3 7014
      1 7015
      1 7016
      4 7017
      2 7019
      2 7020
      1 7021
      2 7022
      1 7023
      3 7024
      1 7025
      3 7026
      1 7027
      2 7028
      1 7029
      2 7031
      1 7032
      1 7033
      2 7034
      1 7035
      2 7036
      1 7038
      1 7039
      1 7040
      2 7042
      2 7043
      2 7044
      1 7046
      1 7047
      1 7048
      1 7050
      2 7051
      2 7052
      1 7053
      4 7055
      2 7056
      4 7057
      2 7058
      1 7059
      4 7061
      3 7062
      4 7065
      2 7066
      3 7067
      1 7068
      1 7069
      2 7070
      2 7074
      1 7075
      1 7076
      3 7077
      2 7079
      1 7080
      3 7082
      1 7083
      4 7085
      2 7086
      1 7088
      2 7090
      3 7093
      1 7095
      1 7098
      1 7099
      1 7100
      1 7101
      1 7104
      1 7105
      2 7106
      3 7107
      4 7108
      2 7110
      4 7111
      2 7113
      3 7114
      2 7115
      1 7116
      1 7117
      1 7119
      4 7120
      1 7121
      1 7122
      1 7123
      3 7124
      1 7125
      1 7126
      1 7127
      1 7128
      2 7131
      1 7132
      1 7133
      2 7134
      2 7135
      2 7136
      1 7138
      3 7139
      1 7141
      3 7142
      3 7143
      1 7144
      1 7145
      1 7146
      2 7148
      1 7149
      2 7152
      2 7153
      4 7154
      1 7155
      3 7156
      1 7157
      1 7158
      1 7160
      2 7162
      4 7163
      3 7164
      2 7165
      1 7167
      1 7168
      1 7169
      2 7170
      3 7172
      1 7174
      3 7176
      3 7177
      1 7178
      1 7179
      2 7180
      1 7181
      2 7184
      2 7185
      6 7187
      2 7188
      4 7189
      3 7190
      3 7191
      2 7192
      3 7193
      4 7194
      2 7195
      3 7196
      1 7200
      1 7202
      2 7203
      2 7204
      1 7205
      1 7211
      2 7212
      1 7213
      1 7214
      1 7215
      1 7217
      1 7218
      1 7220
      2 7221
      1 7222
      2 7223
      1 7224
      1 7225
      3 7226
      3 7227
      2 7228
      1 7230
      1 7231
      1 7232
      1 7233
      2 7234
      1 7235
      2 7236
      3 7238
      2 7239
      2 7240
      1 7241
      1 7242
      1 7243
      2 7244
      1 7245
      1 7246
      4 7248
      1 7249
      1 7250
      1 7251
      1 7252
      3 7253
      1 7254
      2 7257
      1 7258
      4 7263
      1 7264
      2 7265
      4 7266
      4 7268
      1 7269
      1 7270
      1 7271
      1 7272
      2 7273
      1 7275
      2 7276
      2 7278
      5 7279
      2 7280
      2 7281
      3 7282
      2 7283
      2 7284
      2 7285
      1 7286
      1 7287
      1 7288
      4 7289
      2 7290
      2 7291
      1 7292
      1 7293
      1 7295
      3 7298
      2 7299
      1 7300
      1 7301
      1 7302
      1 7303
      1 7305
      2 7306
      3 7307
      3 7308
      1 7310
      3 7311
      2 7314
      3 7315
      1 7316
      1 7317
      2 7318
      3 7319
      1 7320
      1 7321
      1 7322
      1 7324
      2 7326
      1 7327
      2 7328
      1 7329
      1 7330
      1 7332
      3 7334
      1 7335
      1 7338
      1 7339
      1 7340
      1 7341
      1 7342
      1 7343
      2 7346
      2 7347
      2 7348
      1 7349
      2 7351
      2 7352
      2 7353
      1 7354
      1 7355
      4 7356
      5 7357
      2 7358
      3 7359
      3 7361
      5 7362
      2 7363
      2 7364
      1 7366
      3 7367
      1 7369
      4 7371
      1 7372
      1 7373
      2 7374
      2 7375
      2 7376
      1 7377
      2 7378
      1 7380
      3 7383
      1 7384
      2 7385
      2 7386
      2 7387
      2 7388
      1 7389
      3 7390
      1 7392
      1 7393
      1 7395
      1 7397
      1 7398
      2 7399
      2 7400
      1 7401
      2 7402
      2 7404
      1 7405
      3 7406
      3 7409
      2 7410
      1 7411
      1 7412
      1 7413
      1 7416
      3 7419
      1 7421
      1 7422
      1 7424
      1 7425
      1 7426
      2 7427
      1 7428
      3 7429
      1 7430
      1 7431
      2 7432
      1 7437
      1 7438
      1 7439
      2 7441
      3 7443
      2 7444
      4 7445
      1 7446
      5 7447
      2 7448
      1 7449
      2 7456
      1 7457
      1 7458
      1 7460
      2 7462
      3 7463
      3 7465
      5 7466
      2 7469
      1 7470
      1 7471
      1 7472
      4 7473
      1 7474
      2 7475
      2 7476
      5 7478
      1 7480
      2 7482
      1 7483
      1 7486
      2 7487
      1 7488
      2 7490
      2 7492
      2 7493
      1 7494
      2 7495
      3 7497
      1 7498
      1 7500
      3 7501
      5 7502
      3 7504
      4 7506
      2 7508
      1 7509
      1 7510
      3 7511
      1 7512
      1 7514
      1 7515
      2 7516
      2 7517
      2 7518
      1 7519
      1 7520
      1 7522
      2 7525
      1 7526
      2 7528
      1 7529
      1 7530
      1 7531
      3 7533
      1 7534
      1 7535
      3 7537
      1 7538
      2 7539
      3 7540
      2 7541
      2 7543
      5 7544
      2 7546
      6 7547
      3 7548
      2 7549
      2 7550
      2 7551
      2 7554
      1 7555
      1 7556
      3 7559
      2 7560
      2 7561
      1 7563
      1 7566
      1 7567
      1 7568
      1 7570
      2 7572
      1 7574
      1 7576
      1 7577
      2 7578
      3 7579
      2 7582
      1 7583
      1 7584
      2 7587
      2 7588
      1 7589
      3 7590
      3 7591
      1 7592
      1 7593
      1 7594
      1 7595
      3 7596
      1 7597
      2 7598
      3 7599
      2 7600
      1 7601
      2 7603
      1 7604
      2 7605
      2 7606
      1 7607
      3 7609
      1 7610
      1 7612
      3 7613
      3 7614
      2 7615
      2 7616
      2 7617
      2 7618
      2 7619
      2 7620
      1 7621
      2 7622
      2 7623
      1 7626
      1 7627
      2 7628
      3 7629
      1 7630
      4 7631
      4 7632
      1 7633
      2 7634
      1 7635
      3 7636
      2 7638
      3 7639
      2 7640
      1 7641
      1 7643
      2 7644
      2 7645
      5 7646
      1 7647
      2 7648
      1 7649
      1 7650
      2 7651
      2 7652
      1 7653
      1 7654
      1 7655
      1 7658
      1 7659
      1 7660
      5 7663
      1 7664
      2 7665
      3 7666
      2 7667
      1 7668
      1 7669
      2 7670
      2 7671
      3 7672
      4 7673
      1 7674
      2 7675
      2 7676
      3 7678
      3 7679
      2 7680
      4 7681
      2 7682
      1 7683
      4 7684
      1 7685
      4 7686
      2 7688
      1 7689
      2 7690
      1 7691
      3 7692
      2 7693
      2 7694
      3 7695
      1 7696
      2 7697
      1 7698
      4 7700
      1 7702
      3 7703
      5 7704
      2 7705
      1 7706
      1 7707
      1 7708
      2 7709
      2 7710
      3 7712
      1 7713
      2 7714
      1 7715
      2 7716
      4 7717
      3 7718
      2 7719
      7 7720
      4 7721
      3 7722
      1 7723
      1 7724
      3 7726
      2 7727
      1 7728
      2 7730
      1 7731
      1 7732
      2 7733
      1 7734
      2 7736
      2 7737
      4 7738
      2 7739
      5 7740
      3 7741
      2 7742
      3 7744
      1 7745
      1 7746
      1 7747
      2 7748
      1 7749
      3 7750
      2 7751
      2 7752
      4 7753
      4 7754
      1 7755
      4 7758
      1 7760
      1 7761
      2 7762
      1 7763
      1 7764
      2 7765
      1 7767
      1 7768
      1 7769
      3 7770
      1 7772
      2 7773
      2 7776
      4 7777
      2 7778
      1 7779
      2 7782
      1 7783
      3 7785
      2 7786
      2 7787
      3 7788
      3 7789
      1 7790
      2 7793
      4 7794
      1 7795
      1 7796
      1 7798
      1 7799
      2 7801
      3 7802
      4 7803
      3 7804
      2 7805
      2 7806
      3 7808
      1 7809
      2 7810
      2 7811
      3 7812
      4 7813
      1 7814
      1 7815
      2 7816
      2 7817
      3 7818
      4 7819
      2 7821
      3 7822
      1 7823
      2 7825
      3 7826
      1 7827
      5 7828
      1 7829
      5 7831
      2 7832
      3 7833
      4 7834
      6 7836
      6 7837
      4 7838
      4 7839
      4 7840
      5 7841
      2 7842
      2 7843
      4 7844
      5 7845
      4 7846
      4 7847
      5 7848
      2 7849
      3 7850
      4 7851
      3 7852
      7 7853
      2 7854
      1 7855
      2 7856
      5 7857
      7 7858
      6 7859
      4 7860
      4 7861
      3 7862
      2 7863
      7 7864
      4 7865
      4 7866
      8 7867
      6 7868
      5 7869
      2 7870
      2 7871
      5 7872
      8 7873
      6 7874
      7 7875
      9 7876
      9 7877
      4 7878
     10 7879
      9 7880
     10 7881
     10 7882
      7 7883
      4 7884
      8 7885
     13 7886
     12 7887
     13 7888
      8 7889
      5 7890
      7 7891
      7 7892
     12 7893
      5 7894
      7 7895
      7 7896
      8 7897
      7 7898
      9 7899
     13 7900
      9 7901
     12 7902
      6 7903
     11 7904
      8 7905
     10 7906
      5 7907
      2 7908
     13 7909
      7 7910
     13 7911
      6 7912
      9 7913
      9 7914
      7 7915
      9 7916
     12 7917
      7 7918
     15 7919
     10 7920
      5 7921
     11 7922
      7 7923
      6 7924
      8 7925
      6 7926
     12 7927
      8 7928
     11 7929
     10 7930
     10 7931
      8 7932
      5 7933
     11 7934
      6 7935
      6 7936
      9 7937
      7 7938
      7 7939
      4 7940
      3 7941
      6 7942
      5 7943
      5 7944
      5 7945
      6 7946
      4 7947
      9 7948
      3 7949
      2 7950
      4 7951
      5 7952
      4 7953
      2 7954
      7 7955
      6 7956
      2 7957
      4 7958
      2 7959
      5 7960
      4 7961
      8 7962
      8 7963
      3 7964
      4 7965
      3 7966
      2 7967
      7 7968
      4 7969
      5 7970
      2 7971
      7 7972
      6 7973
      7 7974
      5 7975
      2 7976
      6 7977
      5 7978
      4 7979
      5 7980
      7 7981
      2 7982
      4 7983
      3 7984
      4 7985
      1 7986
      2 7987
      3 7988
      4 7989
      3 7990
      3 7992
      2 7993
      3 7994
      2 7995
      3 7996
      3 7997
      1 7998
