 222133 0
66094588 1
128589028 2
212924175 3
298759042 4
363074314 5
388484002 6
370216713 7
317552288 8
247387936 9
176811454 10
116866512 11
72047322 12
41841025 13
23097516 14
12348865 15
6532116 16
3539156 17
2037269 18
1290424 19
 911676 20
 707407 21
 581590 22
 487931 23
 420718 24
 367426 25
 324615 26
 287008 27
 257871 28
 231626 29
 209001 30
 188940 31
 173010 32
 158306 33
 147086 34
 135100 35
 126309 36
 117814 37
 109933 38
 103317 39
  96007 40
  88201 41
  82330 42
  76365 43
  72117 44
  68291 45
  63230 46
  59400 47
  55308 48
  51550 49
  47625 50
  45285 51
  42665 52
  40008 53
  38066 54
  36461 55
  34610 56
  33208 57
  31896 58
  29991 59
  29116 60
  27583 61
  26560 62
  25934 63
  24509 64
  23106 65
  22337 66
  21791 67
  21203 68
  20319 69
  20141 70
  19786 71
  18959 72
  18600 73
  17965 74
  16945 75
  16386 76
  16103 77
  15452 78
  15252 79
  15051 80
  14743 81
  13924 82
  13577 83
  13533 84
  12889 85
  12757 86
  12436 87
  12364 88
  12254 89
  11941 90
  11918 91
  11670 92
  11377 93
  11231 94
  10969 95
  10883 96
  10333 97
  10125 98
   9969 99
   9957 100
   9589 101
   9571 102
   9193 103
   9059 104
   8837 105
   8742 106
   8755 107
   8612 108
   8539 109
   8523 110
   8263 111
   8149 112
   8084 113
   7904 114
   7879 115
   7656 116
   7597 117
   7444 118
   7334 119
   7251 120
   7187 121
   7217 122
   6934 123
   6833 124
   6540 125
   6577 126
   6504 127
   6534 128
   6274 129
   6198 130
   6248 131
   6215 132
   6088 133
   6129 134
   5775 135
   5652 136
   5790 137
   5693 138
   5522 139
   5427 140
   5301 141
   5281 142
   5351 143
   5240 144
   5270 145
   5099 146
   5095 147
   4849 148
   4824 149
   4674 150
   4700 151
   4523 152
   4468 153
   4538 154
   4462 155
   4372 156
   4413 157
   4477 158
   4392 159
   4337 160
   4350 161
   4303 162
   4271 163
   4225 164
   4252 165
   4069 166
   4282 167
   4211 168
   4225 169
   4118 170
   3979 171
   3815 172
   3754 173
   3751 174
   3713 175
   3653 176
   3675 177
   3658 178
   3466 179
   3399 180
   3339 181
   3487 182
   3522 183
   3333 184
   3493 185
   3409 186
   3416 187
   3440 188
   3385 189
   3452 190
   3223 191
   3280 192
   3344 193
   3175 194
   3232 195
   3120 196
   3158 197
   3206 198
   3030 199
   3149 200
   3071 201
   3166 202
   3181 203
   3079 204
   2991 205
   2978 206
   3083 207
   3110 208
   3017 209
   2937 210
   2806 211
   2985 212
   2980 213
   2830 214
   2854 215
   2935 216
   2904 217
   2946 218
   2916 219
   2853 220
   2838 221
   2810 222
   2960 223
   2846 224
   2837 225
   2886 226
   2822 227
   2771 228
   2740 229
   2781 230
   2795 231
   2814 232
   2708 233
   2738 234
   2598 235
   2669 236
   2633 237
   2653 238
   2709 239
   2610 240
   2515 241
   2771 242
   2816 243
   2614 244
   2641 245
   2660 246
   2595 247
   2624 248
   2611 249
   2663 250
   2701 251
   2722 252
   2771 253
   2807 254
   2902 255
   2719 256
   2936 257
   2878 258
   2786 259
   2930 260
   2733 261
   2818 262
   2877 263
   3018 264
   2941 265
   3108 266
   3064 267
   3071 268
   3137 269
   3172 270
   3225 271
   3219 272
   3359 273
   3424 274
   3300 275
   3352 276
   3463 277
   3401 278
   3367 279
   3471 280
   3411 281
   3496 282
   3410 283
   3319 284
   3461 285
   3337 286
   3367 287
   3244 288
   3241 289
   3079 290
   3335 291
   3293 292
   3361 293
   3233 294
   3244 295
   3187 296
   3119 297
   3150 298
   3147 299
   3035 300
   2958 301
   3085 302
   3128 303
   3011 304
   3040 305
   3054 306
   3000 307
   2876 308
   2906 309
   2882 310
   2812 311
   2784 312
   2650 313
   2664 314
   2564 315
   2462 316
   2529 317
   2461 318
   2346 319
   2394 320
   2430 321
   2332 322
   2279 323
   2245 324
   2247 325
   2204 326
   2146 327
   2172 328
   2033 329
   1978 330
   2070 331
   2031 332
   1975 333
   1909 334
   1832 335
   1939 336
   1785 337
   1766 338
   1723 339
   1640 340
   1706 341
   1671 342
   1670 343
   1695 344
   1624 345
   1559 346
   1581 347
   1558 348
   1523 349
   1542 350
   1451 351
   1427 352
   1326 353
   1381 354
   1340 355
   1345 356
   1397 357
   1334 358
   1283 359
   1259 360
   1242 361
   1321 362
   1187 363
   1232 364
   1206 365
   1200 366
   1231 367
   1145 368
   1145 369
   1152 370
   1148 371
   1146 372
   1165 373
   1140 374
   1113 375
   1094 376
   1065 377
   1043 378
   1088 379
   1039 380
   1113 381
   1064 382
   1026 383
   1004 384
   1017 385
   1007 386
    955 387
    967 388
   1002 389
   1006 390
   1075 391
   1019 392
    980 393
    971 394
    964 395
   1009 396
    911 397
    971 398
    931 399
    983 400
    932 401
    924 402
    874 403
    926 404
    890 405
    890 406
    869 407
    939 408
    886 409
    867 410
    876 411
    833 412
    843 413
    864 414
    805 415
    806 416
    842 417
    809 418
    869 419
    817 420
    859 421
    803 422
    821 423
    807 424
    788 425
    839 426
    792 427
    805 428
    786 429
    777 430
    789 431
    751 432
    791 433
    750 434
    785 435
    726 436
    764 437
    763 438
    779 439
    681 440
    738 441
    721 442
    749 443
    749 444
    726 445
    763 446
    741 447
    768 448
    728 449
    716 450
    717 451
    687 452
    680 453
    715 454
    706 455
    721 456
    736 457
    680 458
    709 459
    667 460
    678 461
    703 462
    653 463
    663 464
    679 465
    693 466
    610 467
    625 468
    703 469
    698 470
    659 471
    645 472
    710 473
    669 474
    632 475
    688 476
    685 477
    684 478
    683 479
    688 480
    658 481
    641 482
    609 483
    629 484
    622 485
    640 486
    644 487
    662 488
    614 489
    669 490
    657 491
    626 492
    633 493
    595 494
    588 495
    617 496
    601 497
    567 498
    580 499
    620 500
    625 501
    542 502
    592 503
    641 504
    556 505
    622 506
    645 507
    584 508
    575 509
    565 510
    643 511
    622 512
    575 513
    581 514
    561 515
    633 516
    598 517
    567 518
    591 519
    596 520
    603 521
    647 522
    579 523
    634 524
    624 525
    602 526
    554 527
    601 528
    603 529
    542 530
    593 531
    541 532
    589 533
    575 534
    588 535
    686 536
    616 537
    628 538
    577 539
    617 540
    572 541
    625 542
    610 543
    619 544
    604 545
    556 546
    615 547
    547 548
    575 549
    615 550
    625 551
    599 552
    608 553
    608 554
    586 555
    632 556
    608 557
    630 558
    573 559
    609 560
    529 561
    570 562
    534 563
    567 564
    562 565
    548 566
    575 567
    547 568
    576 569
    552 570
    560 571
    553 572
    554 573
    585 574
    572 575
    567 576
    575 577
    566 578
    540 579
    558 580
    519 581
    535 582
    536 583
    527 584
    541 585
    576 586
    520 587
    588 588
    533 589
    534 590
    617 591
    572 592
    516 593
    531 594
    494 595
    543 596
    560 597
    485 598
    500 599
    507 600
    492 601
    542 602
    527 603
    511 604
    490 605
    523 606
    532 607
    487 608
    522 609
    545 610
    475 611
    500 612
    496 613
    483 614
    554 615
    541 616
    503 617
    471 618
    503 619
    494 620
    483 621
    510 622
    506 623
    499 624
    449 625
    472 626
    451 627
    430 628
    469 629
    428 630
    400 631
    466 632
    426 633
    445 634
    407 635
    432 636
    422 637
    424 638
    433 639
    418 640
    456 641
    409 642
    413 643
    441 644
    387 645
    428 646
    371 647
    436 648
    455 649
    489 650
    445 651
    455 652
    443 653
    424 654
    411 655
    397 656
    425 657
    391 658
    397 659
    385 660
    378 661
    410 662
    448 663
    435 664
    433 665
    457 666
    425 667
    419 668
    430 669
    425 670
    403 671
    413 672
    429 673
    412 674
    405 675
    422 676
    407 677
    431 678
    437 679
    413 680
    407 681
    378 682
    390 683
    374 684
    395 685
    390 686
    353 687
    384 688
    386 689
    405 690
    398 691
    411 692
    415 693
    402 694
    391 695
    360 696
    363 697
    342 698
    356 699
    373 700
    416 701
    365 702
    371 703
    328 704
    342 705
    340 706
    324 707
    356 708
    354 709
    347 710
    377 711
    392 712
    331 713
    347 714
    365 715
    342 716
    339 717
    334 718
    328 719
    309 720
    352 721
    324 722
    358 723
    333 724
    343 725
    313 726
    323 727
    300 728
    309 729
    336 730
    375 731
    317 732
    319 733
    304 734
    351 735
    321 736
    308 737
    291 738
    358 739
    304 740
    335 741
    326 742
    312 743
    306 744
    313 745
    302 746
    291 747
    318 748
    328 749
    267 750
    269 751
    249 752
    281 753
    285 754
    322 755
    322 756
    312 757
    309 758
    309 759
    302 760
    297 761
    314 762
    285 763
    281 764
    275 765
    250 766
    301 767
    275 768
    269 769
    257 770
    245 771
    283 772
    281 773
    293 774
    257 775
    286 776
    302 777
    281 778
    264 779
    306 780
    285 781
    282 782
    268 783
    269 784
    307 785
    292 786
    279 787
    268 788
    267 789
    274 790
    266 791
    293 792
    285 793
    270 794
    260 795
    247 796
    260 797
    248 798
    277 799
    260 800
    271 801
    241 802
    270 803
    290 804
    260 805
    264 806
    233 807
    252 808
    264 809
    255 810
    253 811
    232 812
    264 813
    222 814
    275 815
    271 816
    251 817
    248 818
    237 819
    268 820
    229 821
    257 822
    239 823
    228 824
    227 825
    262 826
    244 827
    233 828
    262 829
    255 830
    252 831
    243 832
    269 833
    252 834
    252 835
    234 836
    242 837
    236 838
    231 839
    229 840
    234 841
    218 842
    244 843
    234 844
    220 845
    231 846
    210 847
    232 848
    235 849
    259 850
    241 851
    237 852
    272 853
    260 854
    214 855
    221 856
    244 857
    272 858
    211 859
    241 860
    273 861
    254 862
    220 863
    253 864
    265 865
    237 866
    248 867
    261 868
    257 869
    239 870
    260 871
    243 872
    243 873
    282 874
    255 875
    259 876
    224 877
    255 878
    279 879
    237 880
    254 881
    237 882
    234 883
    251 884
    223 885
    222 886
    240 887
    233 888
    253 889
    225 890
    235 891
    229 892
    218 893
    244 894
    203 895
    220 896
    263 897
    233 898
    229 899
    220 900
    241 901
    229 902
    207 903
    227 904
    240 905
    238 906
    238 907
    226 908
    248 909
    223 910
    213 911
    220 912
    244 913
    209 914
    232 915
    239 916
    199 917
    228 918
    244 919
    221 920
    251 921
    211 922
    210 923
    230 924
    194 925
    212 926
    220 927
    190 928
    208 929
    203 930
    195 931
    214 932
    208 933
    204 934
    211 935
    212 936
    200 937
    213 938
    210 939
    198 940
    218 941
    195 942
    209 943
    217 944
    211 945
    177 946
    215 947
    223 948
    208 949
    213 950
    197 951
    195 952
    185 953
    201 954
    216 955
    203 956
    187 957
    199 958
    185 959
    221 960
    221 961
    214 962
    211 963
    209 964
    204 965
    209 966
    214 967
    178 968
    214 969
    208 970
    190 971
    187 972
    194 973
    185 974
    203 975
    208 976
    195 977
    221 978
    199 979
    209 980
    219 981
    205 982
    195 983
    219 984
    219 985
    211 986
    211 987
    199 988
    179 989
    202 990
    205 991
    193 992
    211 993
    198 994
    220 995
    217 996
    212 997
    217 998
    230 999
    221 1000
    237 1001
    227 1002
    273 1003
    242 1004
    230 1005
    244 1006
    194 1007
    224 1008
    215 1009
    241 1010
    202 1011
    258 1012
    216 1013
    208 1014
    238 1015
    253 1016
    231 1017
    232 1018
    212 1019
    222 1020
    222 1021
    198 1022
    224 1023
    208 1024
    211 1025
    229 1026
    218 1027
    213 1028
    207 1029
    212 1030
    203 1031
    209 1032
    215 1033
    216 1034
    200 1035
    205 1036
    214 1037
    188 1038
    211 1039
    231 1040
    236 1041
    221 1042
    226 1043
    193 1044
    232 1045
    187 1046
    194 1047
    219 1048
    225 1049
    243 1050
    226 1051
    181 1052
    236 1053
    206 1054
    197 1055
    203 1056
    208 1057
    234 1058
    190 1059
    230 1060
    216 1061
    248 1062
    228 1063
    205 1064
    207 1065
    215 1066
    200 1067
    238 1068
    217 1069
    223 1070
    228 1071
    224 1072
    211 1073
    233 1074
    228 1075
    208 1076
    227 1077
    256 1078
    196 1079
    207 1080
    212 1081
    235 1082
    231 1083
    202 1084
    211 1085
    205 1086
    182 1087
    242 1088
    217 1089
    213 1090
    225 1091
    213 1092
    207 1093
    185 1094
    207 1095
    178 1096
    199 1097
    180 1098
    233 1099
    201 1100
    208 1101
    213 1102
    224 1103
    212 1104
    215 1105
    222 1106
    249 1107
    232 1108
    207 1109
    216 1110
    214 1111
    205 1112
    248 1113
    233 1114
    193 1115
    237 1116
    222 1117
    221 1118
    235 1119
    213 1120
    196 1121
    203 1122
    193 1123
    202 1124
    200 1125
    183 1126
    192 1127
    200 1128
    179 1129
    167 1130
    187 1131
    202 1132
    191 1133
    183 1134
    178 1135
    223 1136
    191 1137
    186 1138
    197 1139
    181 1140
    174 1141
    176 1142
    195 1143
    203 1144
    175 1145
    209 1146
    208 1147
    200 1148
    202 1149
    198 1150
    199 1151
    175 1152
    203 1153
    208 1154
    208 1155
    204 1156
    204 1157
    221 1158
    210 1159
    177 1160
    216 1161
    193 1162
    198 1163
    206 1164
    209 1165
    190 1166
    195 1167
    195 1168
    204 1169
    168 1170
    196 1171
    204 1172
    185 1173
    210 1174
    211 1175
    193 1176
    177 1177
    181 1178
    187 1179
    207 1180
    193 1181
    178 1182
    182 1183
    192 1184
    198 1185
    174 1186
    189 1187
    194 1188
    191 1189
    174 1190
    189 1191
    154 1192
    175 1193
    173 1194
    187 1195
    166 1196
    211 1197
    188 1198
    182 1199
    184 1200
    174 1201
    185 1202
    184 1203
    184 1204
    202 1205
    158 1206
    174 1207
    214 1208
    167 1209
    186 1210
    151 1211
    195 1212
    195 1213
    166 1214
    159 1215
    152 1216
    174 1217
    191 1218
    165 1219
    146 1220
    169 1221
    181 1222
    172 1223
    193 1224
    171 1225
    152 1226
    150 1227
    155 1228
    161 1229
    150 1230
    156 1231
    169 1232
    144 1233
    147 1234
    160 1235
    136 1236
    160 1237
    163 1238
    147 1239
    153 1240
    168 1241
    143 1242
    171 1243
    147 1244
    145 1245
    129 1246
    153 1247
    152 1248
    134 1249
    138 1250
    124 1251
    139 1252
    140 1253
    128 1254
    143 1255
    152 1256
    145 1257
    109 1258
    123 1259
    147 1260
    123 1261
    137 1262
    145 1263
    129 1264
    134 1265
    129 1266
    141 1267
    151 1268
    137 1269
    155 1270
    156 1271
    148 1272
    137 1273
    140 1274
    120 1275
    143 1276
    128 1277
    150 1278
    136 1279
    113 1280
    107 1281
    134 1282
    120 1283
    125 1284
    113 1285
    126 1286
    125 1287
    132 1288
    130 1289
    117 1290
    148 1291
    130 1292
    120 1293
    131 1294
    124 1295
    135 1296
    119 1297
    125 1298
    117 1299
    113 1300
    107 1301
    154 1302
    136 1303
    128 1304
    120 1305
    108 1306
    107 1307
     94 1308
    127 1309
     91 1310
    111 1311
     91 1312
    112 1313
    124 1314
    115 1315
    169 1316
     87 1317
    130 1318
    119 1319
    121 1320
    110 1321
    117 1322
     95 1323
    125 1324
    118 1325
    120 1326
    125 1327
    113 1328
    127 1329
    131 1330
    120 1331
    138 1332
    119 1333
    104 1334
    101 1335
    105 1336
    122 1337
    108 1338
    117 1339
    110 1340
    113 1341
    120 1342
    111 1343
    111 1344
    106 1345
     93 1346
    120 1347
    113 1348
    110 1349
    111 1350
    115 1351
    108 1352
    119 1353
    107 1354
    109 1355
     96 1356
    129 1357
    111 1358
    110 1359
    113 1360
    107 1361
    102 1362
    118 1363
     89 1364
    101 1365
    115 1366
    131 1367
    122 1368
    104 1369
    118 1370
    110 1371
    112 1372
    121 1373
     86 1374
    109 1375
     97 1376
    100 1377
    106 1378
    109 1379
    122 1380
    113 1381
    104 1382
    103 1383
    116 1384
    121 1385
     96 1386
    115 1387
     92 1388
     82 1389
    116 1390
     96 1391
    111 1392
    124 1393
    104 1394
    118 1395
    125 1396
    117 1397
     83 1398
    107 1399
     98 1400
    105 1401
    120 1402
    121 1403
    100 1404
    117 1405
    114 1406
    107 1407
    114 1408
    114 1409
    109 1410
    108 1411
     90 1412
     97 1413
    107 1414
    101 1415
    106 1416
    112 1417
    109 1418
    103 1419
    124 1420
    124 1421
    119 1422
    139 1423
     91 1424
    110 1425
    120 1426
    125 1427
    105 1428
    103 1429
    111 1430
    122 1431
    126 1432
    115 1433
    117 1434
    109 1435
    110 1436
     89 1437
     98 1438
     93 1439
    114 1440
    109 1441
     91 1442
    100 1443
    102 1444
    113 1445
     85 1446
    127 1447
    101 1448
    119 1449
     93 1450
    105 1451
     96 1452
    107 1453
     92 1454
    113 1455
     92 1456
    110 1457
     87 1458
     89 1459
    101 1460
     94 1461
     99 1462
     95 1463
    113 1464
    107 1465
     85 1466
    102 1467
    109 1468
     98 1469
     98 1470
    113 1471
    125 1472
     99 1473
    105 1474
     93 1475
     95 1476
    120 1477
     86 1478
    103 1479
     90 1480
     94 1481
     89 1482
     85 1483
     91 1484
     91 1485
     92 1486
     97 1487
     95 1488
     94 1489
    101 1490
    100 1491
    103 1492
     93 1493
     98 1494
     88 1495
     94 1496
    100 1497
     93 1498
     91 1499
     84 1500
     85 1501
     96 1502
     94 1503
     90 1504
     93 1505
     94 1506
     99 1507
    105 1508
    102 1509
     94 1510
     90 1511
     83 1512
    101 1513
     91 1514
     91 1515
     86 1516
     80 1517
     81 1518
     74 1519
     98 1520
     84 1521
     76 1522
     93 1523
     83 1524
     87 1525
     77 1526
     90 1527
     86 1528
     96 1529
    103 1530
     93 1531
     92 1532
    105 1533
     96 1534
     90 1535
     98 1536
     85 1537
     75 1538
     95 1539
     75 1540
    100 1541
     79 1542
     81 1543
     72 1544
     88 1545
    100 1546
     82 1547
     70 1548
     85 1549
     89 1550
     79 1551
     75 1552
     96 1553
     77 1554
    107 1555
     89 1556
     89 1557
     96 1558
    112 1559
     92 1560
    109 1561
     97 1562
     91 1563
     90 1564
     86 1565
     80 1566
     86 1567
     91 1568
     86 1569
     80 1570
     95 1571
     96 1572
     95 1573
     87 1574
     85 1575
     74 1576
     87 1577
     80 1578
     80 1579
     78 1580
     86 1581
    108 1582
     90 1583
     91 1584
    106 1585
     80 1586
     77 1587
     62 1588
     85 1589
     85 1590
     95 1591
    108 1592
     87 1593
     84 1594
     92 1595
     86 1596
     90 1597
     89 1598
     83 1599
     92 1600
     89 1601
     86 1602
     88 1603
     76 1604
     82 1605
     96 1606
     96 1607
     75 1608
     82 1609
     73 1610
     93 1611
     80 1612
     81 1613
     95 1614
     74 1615
     90 1616
     95 1617
     73 1618
     95 1619
     75 1620
     90 1621
     78 1622
     80 1623
     85 1624
     81 1625
    103 1626
     81 1627
     89 1628
     93 1629
     86 1630
     83 1631
     73 1632
     94 1633
     83 1634
     75 1635
     88 1636
     82 1637
     80 1638
     94 1639
     87 1640
     87 1641
     86 1642
     90 1643
     97 1644
     81 1645
    104 1646
     95 1647
    102 1648
     98 1649
     80 1650
     94 1651
     90 1652
     88 1653
     85 1654
     99 1655
     97 1656
     79 1657
    100 1658
     82 1659
     65 1660
     98 1661
     83 1662
     86 1663
     83 1664
     93 1665
     86 1666
     75 1667
     81 1668
     83 1669
     73 1670
     84 1671
     86 1672
     85 1673
     84 1674
     80 1675
     74 1676
     79 1677
     89 1678
     73 1679
     79 1680
     89 1681
     90 1682
     63 1683
     86 1684
    109 1685
     96 1686
     79 1687
     84 1688
     82 1689
     89 1690
     83 1691
     77 1692
     70 1693
     88 1694
     84 1695
     84 1696
     81 1697
     72 1698
     82 1699
     75 1700
     74 1701
     82 1702
     78 1703
     95 1704
     72 1705
     85 1706
     72 1707
     85 1708
     71 1709
     88 1710
    103 1711
    113 1712
     81 1713
     81 1714
     77 1715
     78 1716
     78 1717
     80 1718
     93 1719
     75 1720
     75 1721
     75 1722
     94 1723
     78 1724
     75 1725
     81 1726
     84 1727
     79 1728
     85 1729
     85 1730
     95 1731
     92 1732
     66 1733
     81 1734
     78 1735
     87 1736
     76 1737
    100 1738
     76 1739
     81 1740
     73 1741
     70 1742
     81 1743
     84 1744
     73 1745
     94 1746
     78 1747
     68 1748
     88 1749
     84 1750
     76 1751
     88 1752
     71 1753
     72 1754
     76 1755
     69 1756
     85 1757
     69 1758
     74 1759
     69 1760
     69 1761
     83 1762
     58 1763
     86 1764
     73 1765
     91 1766
     73 1767
     70 1768
     74 1769
     79 1770
     72 1771
     97 1772
     63 1773
     87 1774
     68 1775
     76 1776
     80 1777
     68 1778
     75 1779
     76 1780
     81 1781
     75 1782
     83 1783
     73 1784
     61 1785
     78 1786
     83 1787
     64 1788
     84 1789
     78 1790
     78 1791
     75 1792
     67 1793
     95 1794
     75 1795
     86 1796
     68 1797
     83 1798
     72 1799
     73 1800
     93 1801
     78 1802
     94 1803
     62 1804
     68 1805
    111 1806
     81 1807
     77 1808
     61 1809
     78 1810
     70 1811
     88 1812
     75 1813
     73 1814
     76 1815
     72 1816
     55 1817
     82 1818
     76 1819
     68 1820
     86 1821
     63 1822
     76 1823
     79 1824
     70 1825
     79 1826
     68 1827
     64 1828
     67 1829
     72 1830
     72 1831
     78 1832
     87 1833
     73 1834
     86 1835
     71 1836
     63 1837
     86 1838
     77 1839
     72 1840
     72 1841
     72 1842
     64 1843
     61 1844
     73 1845
     79 1846
     79 1847
     62 1848
     79 1849
     88 1850
     75 1851
     68 1852
     65 1853
     54 1854
     79 1855
     79 1856
     81 1857
     69 1858
     96 1859
     90 1860
     70 1861
     73 1862
     53 1863
     62 1864
     77 1865
     70 1866
     57 1867
     76 1868
     81 1869
     60 1870
     69 1871
     70 1872
     68 1873
     60 1874
     66 1875
     54 1876
     52 1877
     54 1878
     55 1879
     68 1880
     66 1881
     62 1882
     61 1883
     54 1884
     79 1885
     56 1886
     81 1887
     60 1888
     73 1889
     63 1890
     76 1891
     62 1892
     65 1893
     78 1894
     61 1895
     66 1896
     66 1897
     66 1898
     69 1899
     61 1900
     70 1901
     73 1902
     59 1903
     83 1904
     66 1905
     62 1906
     60 1907
     66 1908
     61 1909
     67 1910
     73 1911
     77 1912
     71 1913
     69 1914
     72 1915
     61 1916
     75 1917
     53 1918
     67 1919
     75 1920
     69 1921
     86 1922
     66 1923
     61 1924
     69 1925
     64 1926
     69 1927
     53 1928
     67 1929
     89 1930
     46 1931
     70 1932
     48 1933
     57 1934
     60 1935
     63 1936
     61 1937
     65 1938
     65 1939
     72 1940
     82 1941
     62 1942
     51 1943
     60 1944
     62 1945
     75 1946
     72 1947
     63 1948
     59 1949
     68 1950
     58 1951
     65 1952
     69 1953
     66 1954
     72 1955
     69 1956
     71 1957
     62 1958
     66 1959
     60 1960
     59 1961
     53 1962
     78 1963
     59 1964
     38 1965
     63 1966
     62 1967
     66 1968
     55 1969
     69 1970
     61 1971
     63 1972
     64 1973
     50 1974
     65 1975
     62 1976
     49 1977
     62 1978
     52 1979
     43 1980
     61 1981
     52 1982
     54 1983
     64 1984
     63 1985
     79 1986
     62 1987
     57 1988
     49 1989
     59 1990
     63 1991
     56 1992
     67 1993
     62 1994
     65 1995
     67 1996
     59 1997
     83 1998
     53 1999
     60 2000
     57 2001
     61 2002
     54 2003
     64 2004
     65 2005
     49 2006
     61 2007
     49 2008
     64 2009
     53 2010
     62 2011
     52 2012
     49 2013
     55 2014
     54 2015
     60 2016
     56 2017
     60 2018
     54 2019
     48 2020
     54 2021
     65 2022
     60 2023
     57 2024
     64 2025
     47 2026
     41 2027
     46 2028
     58 2029
     58 2030
     59 2031
     65 2032
     45 2033
     46 2034
     65 2035
     67 2036
     60 2037
     66 2038
     54 2039
     62 2040
     43 2041
     37 2042
     59 2043
     51 2044
     79 2045
     52 2046
     51 2047
     63 2048
     56 2049
     66 2050
     70 2051
     56 2052
     58 2053
     48 2054
     64 2055
     57 2056
     59 2057
     60 2058
     58 2059
     54 2060
     54 2061
     60 2062
     52 2063
     50 2064
     55 2065
     59 2066
     56 2067
     67 2068
     74 2069
     52 2070
     56 2071
     58 2072
     72 2073
     46 2074
     65 2075
     56 2076
     47 2077
     52 2078
     44 2079
     50 2080
     66 2081
     56 2082
     42 2083
     47 2084
     38 2085
     67 2086
     48 2087
     49 2088
     37 2089
     47 2090
     64 2091
     47 2092
     47 2093
     52 2094
     57 2095
     50 2096
     58 2097
     50 2098
     48 2099
     63 2100
     57 2101
     48 2102
     46 2103
     53 2104
     50 2105
     51 2106
     62 2107
     56 2108
     61 2109
     55 2110
     51 2111
     48 2112
     41 2113
     51 2114
     45 2115
     54 2116
     39 2117
     69 2118
     53 2119
     52 2120
     53 2121
     57 2122
     44 2123
     59 2124
     59 2125
     59 2126
     50 2127
     56 2128
     54 2129
     52 2130
     46 2131
     50 2132
     56 2133
     52 2134
     56 2135
     57 2136
     45 2137
     59 2138
     46 2139
     54 2140
     62 2141
     62 2142
     50 2143
     58 2144
     53 2145
     48 2146
     55 2147
     65 2148
     55 2149
     52 2150
     73 2151
     57 2152
     63 2153
     66 2154
     48 2155
     58 2156
     53 2157
     48 2158
     56 2159
     60 2160
     57 2161
     55 2162
     51 2163
     44 2164
     42 2165
     52 2166
     56 2167
     72 2168
     55 2169
     54 2170
     52 2171
     62 2172
     55 2173
     57 2174
     61 2175
     44 2176
     61 2177
     39 2178
     64 2179
     50 2180
     64 2181
     58 2182
     54 2183
     64 2184
     54 2185
     52 2186
     69 2187
     61 2188
     62 2189
     59 2190
     46 2191
     60 2192
     55 2193
     47 2194
     38 2195
     48 2196
     58 2197
     36 2198
     49 2199
     49 2200
     42 2201
     53 2202
     46 2203
     41 2204
     49 2205
     53 2206
     44 2207
     56 2208
     55 2209
     50 2210
     49 2211
     49 2212
     61 2213
     54 2214
     42 2215
     47 2216
     45 2217
     56 2218
     42 2219
     49 2220
     48 2221
     47 2222
     44 2223
     67 2224
     58 2225
     49 2226
     47 2227
     51 2228
     57 2229
     44 2230
     52 2231
     50 2232
     52 2233
     53 2234
     42 2235
     56 2236
     56 2237
     73 2238
     51 2239
     64 2240
     43 2241
     59 2242
     41 2243
     51 2244
     44 2245
     39 2246
     47 2247
     62 2248
     45 2249
     47 2250
     50 2251
     50 2252
     49 2253
     52 2254
     39 2255
     54 2256
     57 2257
     43 2258
     53 2259
     58 2260
     46 2261
     41 2262
     55 2263
     51 2264
     50 2265
     51 2266
     51 2267
     54 2268
     52 2269
     54 2270
     44 2271
     46 2272
     38 2273
     61 2274
     32 2275
     60 2276
     38 2277
     46 2278
     52 2279
     50 2280
     59 2281
     40 2282
     48 2283
     54 2284
     37 2285
     43 2286
     44 2287
     53 2288
     35 2289
     41 2290
     43 2291
     52 2292
     42 2293
     52 2294
     42 2295
     53 2296
     60 2297
     50 2298
     54 2299
     41 2300
     51 2301
     52 2302
     51 2303
     50 2304
     50 2305
     54 2306
     53 2307
     42 2308
     54 2309
     37 2310
     40 2311
     36 2312
     37 2313
     30 2314
     39 2315
     38 2316
     39 2317
     45 2318
     36 2319
     38 2320
     41 2321
     43 2322
     40 2323
     43 2324
     40 2325
     46 2326
     41 2327
     50 2328
     47 2329
     53 2330
     51 2331
     33 2332
     44 2333
     36 2334
     39 2335
     45 2336
     41 2337
     35 2338
     43 2339
     38 2340
     50 2341
     53 2342
     42 2343
     40 2344
     53 2345
     51 2346
     43 2347
     36 2348
     45 2349
     52 2350
     53 2351
     34 2352
     41 2353
     31 2354
     39 2355
     41 2356
     38 2357
     41 2358
     46 2359
     28 2360
     34 2361
     40 2362
     41 2363
     36 2364
     27 2365
     27 2366
     39 2367
     35 2368
     30 2369
     33 2370
     45 2371
     38 2372
     37 2373
     51 2374
     43 2375
     42 2376
     36 2377
     40 2378
     35 2379
     58 2380
     27 2381
     44 2382
     40 2383
     38 2384
     46 2385
     32 2386
     41 2387
     46 2388
     38 2389
     47 2390
     39 2391
     43 2392
     41 2393
     57 2394
     29 2395
     46 2396
     45 2397
     41 2398
     48 2399
     43 2400
     45 2401
     29 2402
     52 2403
     45 2404
     33 2405
     42 2406
     38 2407
     35 2408
     34 2409
     44 2410
     39 2411
     37 2412
     50 2413
     40 2414
     43 2415
     47 2416
     42 2417
     40 2418
     40 2419
     28 2420
     43 2421
     43 2422
     43 2423
     35 2424
     52 2425
     39 2426
     33 2427
     42 2428
     48 2429
     36 2430
     55 2431
     39 2432
     55 2433
     41 2434
     41 2435
     43 2436
     39 2437
     44 2438
     43 2439
     40 2440
     42 2441
     35 2442
     37 2443
     35 2444
     38 2445
     45 2446
     41 2447
     58 2448
     50 2449
     43 2450
     32 2451
     43 2452
     43 2453
     49 2454
     38 2455
     35 2456
     53 2457
     38 2458
     52 2459
     43 2460
     39 2461
     35 2462
     36 2463
     40 2464
     41 2465
     49 2466
     43 2467
     38 2468
     42 2469
     34 2470
     37 2471
     57 2472
     52 2473
     48 2474
     34 2475
     45 2476
     51 2477
     34 2478
     47 2479
     49 2480
     42 2481
     61 2482
     40 2483
     41 2484
     45 2485
     42 2486
     39 2487
     38 2488
     36 2489
     49 2490
     53 2491
     52 2492
     40 2493
     24 2494
     28 2495
     38 2496
     46 2497
     46 2498
     35 2499
     51 2500
     26 2501
     48 2502
     46 2503
     44 2504
     41 2505
     42 2506
     32 2507
     47 2508
     37 2509
     47 2510
     32 2511
     40 2512
     33 2513
     39 2514
     44 2515
     33 2516
     33 2517
     39 2518
     34 2519
     31 2520
     35 2521
     34 2522
     37 2523
     32 2524
     41 2525
     46 2526
     32 2527
     37 2528
     34 2529
     36 2530
     37 2531
     36 2532
     37 2533
     42 2534
     43 2535
     38 2536
     36 2537
     31 2538
     35 2539
     40 2540
     51 2541
     43 2542
     45 2543
     48 2544
     40 2545
     46 2546
     41 2547
     35 2548
     31 2549
     56 2550
     45 2551
     37 2552
     47 2553
     34 2554
     28 2555
     40 2556
     34 2557
     47 2558
     30 2559
     43 2560
     35 2561
     32 2562
     43 2563
     43 2564
     42 2565
     40 2566
     44 2567
     39 2568
     35 2569
     41 2570
     34 2571
     43 2572
     40 2573
     35 2574
     33 2575
     29 2576
     42 2577
     38 2578
     32 2579
     24 2580
     38 2581
     39 2582
     51 2583
     39 2584
     36 2585
     46 2586
     38 2587
     26 2588
     41 2589
     38 2590
     38 2591
     39 2592
     46 2593
     47 2594
     34 2595
     36 2596
     41 2597
     32 2598
     34 2599
     40 2600
     46 2601
     48 2602
     44 2603
     25 2604
     41 2605
     35 2606
     47 2607
     40 2608
     29 2609
     44 2610
     34 2611
     42 2612
     38 2613
     30 2614
     34 2615
     46 2616
     38 2617
     37 2618
     45 2619
     46 2620
     42 2621
     38 2622
     50 2623
     33 2624
     41 2625
     35 2626
     33 2627
     47 2628
     35 2629
     45 2630
     46 2631
     44 2632
     31 2633
     49 2634
     36 2635
     50 2636
     45 2637
     32 2638
     38 2639
     33 2640
     39 2641
     35 2642
     34 2643
     43 2644
     33 2645
     36 2646
     42 2647
     40 2648
     46 2649
     37 2650
     32 2651
     33 2652
     33 2653
     29 2654
     36 2655
     33 2656
     32 2657
     38 2658
     45 2659
     29 2660
     40 2661
     38 2662
     46 2663
     38 2664
     41 2665
     31 2666
     32 2667
     46 2668
     27 2669
     46 2670
     45 2671
     33 2672
     34 2673
     35 2674
     44 2675
     33 2676
     34 2677
     32 2678
     33 2679
     35 2680
     25 2681
     43 2682
     39 2683
     33 2684
     29 2685
     25 2686
     32 2687
     28 2688
     27 2689
     38 2690
     47 2691
     36 2692
     40 2693
     39 2694
     38 2695
     21 2696
     41 2697
     37 2698
     40 2699
     27 2700
     29 2701
     31 2702
     34 2703
     24 2704
     30 2705
     37 2706
     32 2707
     28 2708
     29 2709
     25 2710
     30 2711
     41 2712
     38 2713
     34 2714
     35 2715
     30 2716
     35 2717
     40 2718
     40 2719
     42 2720
     31 2721
     34 2722
     33 2723
     25 2724
     38 2725
     35 2726
     30 2727
     25 2728
     38 2729
     38 2730
     40 2731
     34 2732
     40 2733
     27 2734
     31 2735
     31 2736
     29 2737
     35 2738
     44 2739
     31 2740
     30 2741
     30 2742
     36 2743
     26 2744
     24 2745
     36 2746
     33 2747
     31 2748
     30 2749
     31 2750
     41 2751
     19 2752
     32 2753
     23 2754
     44 2755
     35 2756
     22 2757
     40 2758
     36 2759
     34 2760
     30 2761
     42 2762
     34 2763
     29 2764
     31 2765
     44 2766
     27 2767
     33 2768
     40 2769
     22 2770
     32 2771
     34 2772
     39 2773
     33 2774
     33 2775
     38 2776
     38 2777
     39 2778
     46 2779
     35 2780
     49 2781
     22 2782
     40 2783
     25 2784
     34 2785
     37 2786
     37 2787
     36 2788
     34 2789
     29 2790
     35 2791
     40 2792
     32 2793
     39 2794
     30 2795
     39 2796
     35 2797
     43 2798
     45 2799
     39 2800
     29 2801
     32 2802
     29 2803
     25 2804
     44 2805
     28 2806
     32 2807
     43 2808
     35 2809
     27 2810
     34 2811
     40 2812
     38 2813
     34 2814
     28 2815
     27 2816
     43 2817
     28 2818
     29 2819
     30 2820
     34 2821
     37 2822
     33 2823
     38 2824
     32 2825
     29 2826
     35 2827
     24 2828
     27 2829
     27 2830
     33 2831
     26 2832
     32 2833
     25 2834
     28 2835
     34 2836
     27 2837
     32 2838
     32 2839
     33 2840
     26 2841
     30 2842
     29 2843
     34 2844
     33 2845
     29 2846
     28 2847
     26 2848
     35 2849
     32 2850
     35 2851
     23 2852
     35 2853
     33 2854
     28 2855
     33 2856
     31 2857
     33 2858
     38 2859
     22 2860
     32 2861
     23 2862
     37 2863
     27 2864
     34 2865
     36 2866
     36 2867
     22 2868
     44 2869
     26 2870
     39 2871
     26 2872
     35 2873
     38 2874
     30 2875
     28 2876
     18 2877
     35 2878
     34 2879
     36 2880
     35 2881
     39 2882
     26 2883
     31 2884
     26 2885
     34 2886
     35 2887
     35 2888
     26 2889
     26 2890
     20 2891
     29 2892
     24 2893
     37 2894
     32 2895
     22 2896
     29 2897
     26 2898
     22 2899
     26 2900
     34 2901
     30 2902
     23 2903
     33 2904
     28 2905
     31 2906
     23 2907
     30 2908
     27 2909
     28 2910
     34 2911
     30 2912
     28 2913
     25 2914
     25 2915
     26 2916
     34 2917
     34 2918
     35 2919
     23 2920
     23 2921
     26 2922
     34 2923
     41 2924
     37 2925
     23 2926
     28 2927
     23 2928
     26 2929
     25 2930
     24 2931
     35 2932
     25 2933
     30 2934
     27 2935
     29 2936
     25 2937
     35 2938
     31 2939
     27 2940
     24 2941
     38 2942
     28 2943
     28 2944
     29 2945
     30 2946
     23 2947
     28 2948
     26 2949
     21 2950
     27 2951
     26 2952
     30 2953
     33 2954
     20 2955
     33 2956
     29 2957
     30 2958
     29 2959
     28 2960
     27 2961
     33 2962
     27 2963
     20 2964
     42 2965
     33 2966
     29 2967
     28 2968
     22 2969
     34 2970
     31 2971
     23 2972
     16 2973
     25 2974
     27 2975
     29 2976
     33 2977
     27 2978
     37 2979
     35 2980
     24 2981
     29 2982
     20 2983
     22 2984
     26 2985
     30 2986
     38 2987
     30 2988
     29 2989
     23 2990
     29 2991
     28 2992
     24 2993
     20 2994
     31 2995
     25 2996
     29 2997
     23 2998
     20 2999
     25 3000
     21 3001
     38 3002
     21 3003
     16 3004
     27 3005
     26 3006
     35 3007
     27 3008
     24 3009
     37 3010
     33 3011
     28 3012
     19 3013
     24 3014
     22 3015
     23 3016
     34 3017
     33 3018
     30 3019
     35 3020
     26 3021
     18 3022
     34 3023
     20 3024
     36 3025
     33 3026
     31 3027
     19 3028
     30 3029
     28 3030
     30 3031
     28 3032
     22 3033
     28 3034
     41 3035
     36 3036
     41 3037
     23 3038
     22 3039
     25 3040
     21 3041
     23 3042
     29 3043
     28 3044
     32 3045
     30 3046
     27 3047
     27 3048
     23 3049
     20 3050
     28 3051
     34 3052
     26 3053
     37 3054
     34 3055
     28 3056
     41 3057
     30 3058
     32 3059
     25 3060
     28 3061
     29 3062
     24 3063
     24 3064
     30 3065
     34 3066
     34 3067
     38 3068
     37 3069
     42 3070
     31 3071
     27 3072
     26 3073
     35 3074
     40 3075
     43 3076
     40 3077
     32 3078
     28 3079
     32 3080
     40 3081
     24 3082
     36 3083
     28 3084
     29 3085
     36 3086
     30 3087
     25 3088
     30 3089
     39 3090
     40 3091
     36 3092
     18 3093
     26 3094
     24 3095
     22 3096
     28 3097
     31 3098
     26 3099
     34 3100
     26 3101
     24 3102
     25 3103
     33 3104
     25 3105
     30 3106
     27 3107
     34 3108
     20 3109
     39 3110
     30 3111
     33 3112
     30 3113
     29 3114
     25 3115
     30 3116
     17 3117
     27 3118
     30 3119
     18 3120
     25 3121
     30 3122
     43 3123
     23 3124
     27 3125
     34 3126
     30 3127
     22 3128
     43 3129
     22 3130
     30 3131
     20 3132
     29 3133
     35 3134
     24 3135
     32 3136
     29 3137
     31 3138
     35 3139
     27 3140
     29 3141
     28 3142
     27 3143
     23 3144
     22 3145
     27 3146
     24 3147
     24 3148
     30 3149
     26 3150
     21 3151
     28 3152
     27 3153
     29 3154
     23 3155
     31 3156
     30 3157
     30 3158
     34 3159
     34 3160
     33 3161
     22 3162
     19 3163
     22 3164
     31 3165
     32 3166
     23 3167
     28 3168
     26 3169
     40 3170
     31 3171
     20 3172
     20 3173
     33 3174
     34 3175
     11 3176
     30 3177
     34 3178
     33 3179
     23 3180
     33 3181
     23 3182
     23 3183
     29 3184
     26 3185
     25 3186
     25 3187
     28 3188
     24 3189
     20 3190
     41 3191
     28 3192
     34 3193
     29 3194
     26 3195
     29 3196
     27 3197
     29 3198
     13 3199
     23 3200
     26 3201
     25 3202
     24 3203
     32 3204
     24 3205
     28 3206
     25 3207
     35 3208
     22 3209
     29 3210
     21 3211
     24 3212
     21 3213
     26 3214
     22 3215
     26 3216
     17 3217
     25 3218
     28 3219
     24 3220
     30 3221
     30 3222
     25 3223
     16 3224
     22 3225
     22 3226
     26 3227
     19 3228
     27 3229
     15 3230
     27 3231
     25 3232
     21 3233
     23 3234
     20 3235
     21 3236
     30 3237
     29 3238
     23 3239
     21 3240
     24 3241
     21 3242
     34 3243
     20 3244
     16 3245
     19 3246
     16 3247
     15 3248
     35 3249
     18 3250
     20 3251
     22 3252
     24 3253
     26 3254
     23 3255
     22 3256
     28 3257
     22 3258
     22 3259
     24 3260
     17 3261
     21 3262
     23 3263
     16 3264
     29 3265
     29 3266
     27 3267
     23 3268
     18 3269
     26 3270
     23 3271
     22 3272
     32 3273
     20 3274
     25 3275
     30 3276
     25 3277
     19 3278
     28 3279
     29 3280
     19 3281
     24 3282
     19 3283
     24 3284
     23 3285
     20 3286
     20 3287
     29 3288
     28 3289
     20 3290
     21 3291
     21 3292
     24 3293
     20 3294
     19 3295
     34 3296
     20 3297
     28 3298
     29 3299
     20 3300
     26 3301
     23 3302
     18 3303
     20 3304
     20 3305
     22 3306
     19 3307
     21 3308
     23 3309
     26 3310
     27 3311
     20 3312
     19 3313
     16 3314
     33 3315
     26 3316
     21 3317
     20 3318
     23 3319
     17 3320
     28 3321
     23 3322
     21 3323
     28 3324
     20 3325
     35 3326
     22 3327
     22 3328
     26 3329
     26 3330
     17 3331
     18 3332
     19 3333
     16 3334
     21 3335
     26 3336
     20 3337
     22 3338
     15 3339
     19 3340
     21 3341
     25 3342
     22 3343
     27 3344
     25 3345
     21 3346
     21 3347
     18 3348
     16 3349
     20 3350
     25 3351
     19 3352
     17 3353
     22 3354
     27 3355
     26 3356
     30 3357
     19 3358
     19 3359
     20 3360
     22 3361
     16 3362
     25 3363
     24 3364
     23 3365
     22 3366
     17 3367
     20 3368
     21 3369
     30 3370
     23 3371
     17 3372
     14 3373
     21 3374
     21 3375
     25 3376
     23 3377
     20 3378
     25 3379
     22 3380
     25 3381
     17 3382
     23 3383
     25 3384
     16 3385
     22 3386
     17 3387
     18 3388
     19 3389
     16 3390
     24 3391
     24 3392
     22 3393
     22 3394
     15 3395
     15 3396
     13 3397
     21 3398
     11 3399
     21 3400
     19 3401
     17 3402
     27 3403
     37 3404
     19 3405
     18 3406
     22 3407
     19 3408
     24 3409
     14 3410
     18 3411
     20 3412
     12 3413
     25 3414
     31 3415
     22 3416
     25 3417
     13 3418
     23 3419
     21 3420
     33 3421
     15 3422
     20 3423
     18 3424
     22 3425
     23 3426
     18 3427
     15 3428
     27 3429
     19 3430
     17 3431
     17 3432
     22 3433
     16 3434
     20 3435
     16 3436
     17 3437
     16 3438
     13 3439
     20 3440
     19 3441
     17 3442
     15 3443
     21 3444
     13 3445
     13 3446
     23 3447
     21 3448
     21 3449
     21 3450
     20 3451
     18 3452
     22 3453
     15 3454
     21 3455
     20 3456
     16 3457
     16 3458
     20 3459
     20 3460
     12 3461
     16 3462
     13 3463
     24 3464
     11 3465
     22 3466
     12 3467
     17 3468
     22 3469
     14 3470
     17 3471
     18 3472
     21 3473
     19 3474
     18 3475
     16 3476
     18 3477
     13 3478
     21 3479
     19 3480
     20 3481
     16 3482
     12 3483
     18 3484
     18 3485
     15 3486
     14 3487
     21 3488
     21 3489
     15 3490
     14 3491
     17 3492
     15 3493
     14 3494
     14 3495
     22 3496
     13 3497
     14 3498
      9 3499
     11 3500
     14 3501
     24 3502
     19 3503
     11 3504
     27 3505
     15 3506
     13 3507
     21 3508
     15 3509
     12 3510
     17 3511
     11 3512
     11 3513
     16 3514
     14 3515
     25 3516
     14 3517
     16 3518
     19 3519
     11 3520
     17 3521
     15 3522
     19 3523
     10 3524
     15 3525
     21 3526
     14 3527
     22 3528
     21 3529
     19 3530
     17 3531
     21 3532
     14 3533
     21 3534
     14 3535
     18 3536
     21 3537
     18 3538
     20 3539
     23 3540
     19 3541
     10 3542
     13 3543
     19 3544
     20 3545
     17 3546
     22 3547
     21 3548
     18 3549
      8 3550
     16 3551
     26 3552
     17 3553
     10 3554
     24 3555
     15 3556
     12 3557
     16 3558
     20 3559
     15 3560
     12 3561
     20 3562
     28 3563
     21 3564
     13 3565
     19 3566
     22 3567
     20 3568
     13 3569
     19 3570
     13 3571
     16 3572
     19 3573
     17 3574
     23 3575
     19 3576
     22 3577
     16 3578
     12 3579
     10 3580
     12 3581
     23 3582
     20 3583
     23 3584
     16 3585
     15 3586
     20 3587
     18 3588
     14 3589
     22 3590
     22 3591
     15 3592
     17 3593
     14 3594
     19 3595
     21 3596
     23 3597
     13 3598
     15 3599
     14 3600
     25 3601
     14 3602
     23 3603
     15 3604
     16 3605
     17 3606
     10 3607
     14 3608
     10 3609
     12 3610
     12 3611
      7 3612
     17 3613
     14 3614
     21 3615
     14 3616
     13 3617
     17 3618
     12 3619
     20 3620
     14 3621
      9 3622
     17 3623
     12 3624
      7 3625
     12 3626
     15 3627
     17 3628
     17 3629
     13 3630
     13 3631
     18 3632
     13 3633
     14 3634
     16 3635
     21 3636
     14 3637
     12 3638
     15 3639
     15 3640
     22 3641
     18 3642
     15 3643
     25 3644
     19 3645
     21 3646
     23 3647
     22 3648
     12 3649
     17 3650
     15 3651
     16 3652
     18 3653
     17 3654
     13 3655
     18 3656
     14 3657
     12 3658
     19 3659
     18 3660
     13 3661
     13 3662
     13 3663
     19 3664
     14 3665
     12 3666
     11 3667
     11 3668
     17 3669
     18 3670
     16 3671
     19 3672
     22 3673
     11 3674
     21 3675
     16 3676
     22 3677
     22 3678
     14 3679
     20 3680
     18 3681
     21 3682
     21 3683
     19 3684
     19 3685
     14 3686
     12 3687
      8 3688
     16 3689
     13 3690
     25 3691
     15 3692
     16 3693
     12 3694
     18 3695
     21 3696
     10 3697
     17 3698
     21 3699
     19 3700
     20 3701
     11 3702
     17 3703
     13 3704
     13 3705
     22 3706
     19 3707
     20 3708
     13 3709
     19 3710
     21 3711
     12 3712
     10 3713
      9 3714
     17 3715
     18 3716
     11 3717
     17 3718
     16 3719
     17 3720
     17 3721
     16 3722
     15 3723
     11 3724
     13 3725
     21 3726
     17 3727
     18 3728
     21 3729
     15 3730
     11 3731
     13 3732
     16 3733
     24 3734
      8 3735
     14 3736
     19 3737
     15 3738
     19 3739
     13 3740
     19 3741
     27 3742
     19 3743
     20 3744
     11 3745
     21 3746
     11 3747
     19 3748
     16 3749
     14 3750
     11 3751
     16 3752
     14 3753
     14 3754
     14 3755
     15 3756
     14 3757
     22 3758
     16 3759
     23 3760
     24 3761
     12 3762
     12 3763
      9 3764
     14 3765
     11 3766
     23 3767
     22 3768
     20 3769
     15 3770
     11 3771
     21 3772
     13 3773
     21 3774
     16 3775
     17 3776
     13 3777
     14 3778
     12 3779
     21 3780
     24 3781
     18 3782
     16 3783
     13 3784
     26 3785
      8 3786
     14 3787
     14 3788
     16 3789
      9 3790
     19 3791
     13 3792
     20 3793
     20 3794
     14 3795
     24 3796
     26 3797
     16 3798
     15 3799
     15 3800
     16 3801
      7 3802
     19 3803
     12 3804
      9 3805
     17 3806
     13 3807
     10 3808
     13 3809
     12 3810
     22 3811
     18 3812
     23 3813
     15 3814
     15 3815
     15 3816
     20 3817
     16 3818
     10 3819
     20 3820
     18 3821
     13 3822
     15 3823
     14 3824
     12 3825
      9 3826
     17 3827
     12 3828
     16 3829
     14 3830
     15 3831
     16 3832
     12 3833
     15 3834
     17 3835
     11 3836
     10 3837
     22 3838
     15 3839
     14 3840
     13 3841
     19 3842
     11 3843
     19 3844
     16 3845
     15 3846
     17 3847
     11 3848
     18 3849
     20 3850
      7 3851
     21 3852
     14 3853
     17 3854
     14 3855
     20 3856
     13 3857
     12 3858
     17 3859
     17 3860
     15 3861
     11 3862
     18 3863
      9 3864
     19 3865
     25 3866
      9 3867
     14 3868
     15 3869
     12 3870
     16 3871
     12 3872
     15 3873
     16 3874
     20 3875
     13 3876
     15 3877
     11 3878
      8 3879
     12 3880
     21 3881
     10 3882
     14 3883
     17 3884
     14 3885
      6 3886
     19 3887
      8 3888
     13 3889
     12 3890
     12 3891
     20 3892
     13 3893
     18 3894
     17 3895
     17 3896
     15 3897
     13 3898
     16 3899
     12 3900
     14 3901
     13 3902
     16 3903
     12 3904
      9 3905
     13 3906
     15 3907
      9 3908
      9 3909
     13 3910
     20 3911
     11 3912
     12 3913
     15 3914
     21 3915
     14 3916
     19 3917
     13 3918
     14 3919
     17 3920
     18 3921
     15 3922
     17 3923
     13 3924
     18 3925
     17 3926
     14 3927
      9 3928
     13 3929
     10 3930
     14 3931
     16 3932
     18 3933
     18 3934
     11 3935
     13 3936
      9 3937
     11 3938
     13 3939
     17 3940
     15 3941
     17 3942
     17 3943
     15 3944
     17 3945
     17 3946
     12 3947
     11 3948
     17 3949
     17 3950
     11 3951
     17 3952
     11 3953
     21 3954
     19 3955
     18 3956
     15 3957
     14 3958
     13 3959
     22 3960
     13 3961
     20 3962
     26 3963
     13 3964
     17 3965
     25 3966
     20 3967
     17 3968
     15 3969
     16 3970
      8 3971
     13 3972
     13 3973
      9 3974
     16 3975
     13 3976
     18 3977
     14 3978
     19 3979
      9 3980
     13 3981
     14 3982
     24 3983
     10 3984
     20 3985
     12 3986
      9 3987
     21 3988
      8 3989
     23 3990
     12 3991
     21 3992
     10 3993
     13 3994
     13 3995
     22 3996
     18 3997
     11 3998
     16 3999
     15 4000
     16 4001
     17 4002
     11 4003
     19 4004
     13 4005
     17 4006
     12 4007
     10 4008
     18 4009
     21 4010
      6 4011
     17 4012
     13 4013
     17 4014
     17 4015
      9 4016
     17 4017
     12 4018
     13 4019
     23 4020
     13 4021
     13 4022
     14 4023
     17 4024
     14 4025
     17 4026
     14 4027
     15 4028
      7 4029
     13 4030
     11 4031
     12 4032
     11 4033
      9 4034
     17 4035
     12 4036
     16 4037
     13 4038
     16 4039
     21 4040
     14 4041
     13 4042
     12 4043
     13 4044
      6 4045
     17 4046
     14 4047
     11 4048
     12 4049
     12 4050
     20 4051
     11 4052
     12 4053
     11 4054
      5 4055
      9 4056
     11 4057
     12 4058
     15 4059
     11 4060
     13 4061
      9 4062
     12 4063
      9 4064
      8 4065
     13 4066
     13 4067
     14 4068
     12 4069
     12 4070
     12 4071
     11 4072
      9 4073
      9 4074
     12 4075
     13 4076
      8 4077
     16 4078
     14 4079
     12 4080
     17 4081
      9 4082
     14 4083
     13 4084
     14 4085
     12 4086
     14 4087
     10 4088
     16 4089
     15 4090
     14 4091
     17 4092
     18 4093
      9 4094
      9 4095
     25 4096
     16 4097
     14 4098
     12 4099
     17 4100
     23 4101
     23 4102
     15 4103
     13 4104
     13 4105
     12 4106
      7 4107
      9 4108
     10 4109
     12 4110
     20 4111
     10 4112
     16 4113
      9 4114
     10 4115
     11 4116
     15 4117
     20 4118
     12 4119
     17 4120
     11 4121
     17 4122
      7 4123
     14 4124
     13 4125
     17 4126
     10 4127
      8 4128
     12 4129
     13 4130
     12 4131
     11 4132
     12 4133
      9 4134
     12 4135
     14 4136
     10 4137
     19 4138
      5 4139
     18 4140
     12 4141
     15 4142
      9 4143
     22 4144
     16 4145
     20 4146
     29 4147
     21 4148
     14 4149
     20 4150
     16 4151
      8 4152
     16 4153
     19 4154
     19 4155
     14 4156
     16 4157
     18 4158
     17 4159
     22 4160
     13 4161
     16 4162
     17 4163
     15 4164
     13 4165
     15 4166
     13 4167
     12 4168
     17 4169
     17 4170
     17 4171
     22 4172
     11 4173
     18 4174
     16 4175
     14 4176
     25 4177
     10 4178
     12 4179
     13 4180
     16 4181
     20 4182
     12 4183
     11 4184
     18 4185
     20 4186
     17 4187
     16 4188
     25 4189
     12 4190
     15 4191
     11 4192
     10 4193
     15 4194
     18 4195
     17 4196
     22 4197
     20 4198
     18 4199
     14 4200
     10 4201
     22 4202
     18 4203
     15 4204
     10 4205
     16 4206
     15 4207
     13 4208
     20 4209
     13 4210
      8 4211
     19 4212
     24 4213
     17 4214
     12 4215
     13 4216
     11 4217
     14 4218
     15 4219
     25 4220
     20 4221
     20 4222
      6 4223
     20 4224
     15 4225
     11 4226
     23 4227
     16 4228
     14 4229
     18 4230
     15 4231
     12 4232
     11 4233
     21 4234
     13 4235
     15 4236
     16 4237
     22 4238
     17 4239
     11 4240
      9 4241
     12 4242
     17 4243
     13 4244
     17 4245
     18 4246
     10 4247
     27 4248
     11 4249
     11 4250
     18 4251
     14 4252
     20 4253
     18 4254
     15 4255
     11 4256
     28 4257
     13 4258
     19 4259
     23 4260
     19 4261
     17 4262
     21 4263
     12 4264
     23 4265
     18 4266
     16 4267
     23 4268
     15 4269
     17 4270
     12 4271
     21 4272
     14 4273
     11 4274
     15 4275
     23 4276
     18 4277
     14 4278
     15 4279
     19 4280
     17 4281
     23 4282
     19 4283
     18 4284
     18 4285
     14 4286
     17 4287
     12 4288
     14 4289
     19 4290
     19 4291
     16 4292
     30 4293
     17 4294
     21 4295
     15 4296
     13 4297
     20 4298
     25 4299
      6 4300
     17 4301
     18 4302
     27 4303
     12 4304
     19 4305
     17 4306
     21 4307
     19 4308
     14 4309
     15 4310
     16 4311
     13 4312
     17 4313
     21 4314
      7 4315
     13 4316
     13 4317
     11 4318
     15 4319
     17 4320
     12 4321
     17 4322
     13 4323
     14 4324
     14 4325
     11 4326
     20 4327
     21 4328
     25 4329
     15 4330
     20 4331
     25 4332
     22 4333
     16 4334
     15 4335
     21 4336
     14 4337
     19 4338
     17 4339
     10 4340
     21 4341
     16 4342
     14 4343
     19 4344
     15 4345
     14 4346
     21 4347
     16 4348
     22 4349
     13 4350
     19 4351
     20 4352
     18 4353
     14 4354
     15 4355
     19 4356
     17 4357
     12 4358
     13 4359
     19 4360
     20 4361
     19 4362
     14 4363
     16 4364
     14 4365
     14 4366
     10 4367
     16 4368
     16 4369
     20 4370
     15 4371
     15 4372
     15 4373
     24 4374
     13 4375
     15 4376
     25 4377
     16 4378
     16 4379
     21 4380
     19 4381
     15 4382
     18 4383
     26 4384
     15 4385
     20 4386
     17 4387
     10 4388
     26 4389
     18 4390
     19 4391
     12 4392
     12 4393
     18 4394
     16 4395
     23 4396
     18 4397
     20 4398
     24 4399
     22 4400
     24 4401
     17 4402
     13 4403
     18 4404
     25 4405
     15 4406
     20 4407
     22 4408
     16 4409
     24 4410
     19 4411
     25 4412
     22 4413
     24 4414
     16 4415
     13 4416
     19 4417
     21 4418
     14 4419
     18 4420
     13 4421
     24 4422
     28 4423
     22 4424
     25 4425
     17 4426
     17 4427
     21 4428
     14 4429
     26 4430
     25 4431
     24 4432
     15 4433
      7 4434
     27 4435
     31 4436
     24 4437
     20 4438
     24 4439
     27 4440
     30 4441
     32 4442
     23 4443
     32 4444
     29 4445
     20 4446
     21 4447
     25 4448
     23 4449
     27 4450
     16 4451
     27 4452
     28 4453
     17 4454
     13 4455
     23 4456
     17 4457
     21 4458
     30 4459
     19 4460
     30 4461
     13 4462
     18 4463
     21 4464
     23 4465
     31 4466
     25 4467
     30 4468
     22 4469
     20 4470
      9 4471
     21 4472
     21 4473
     19 4474
     29 4475
     24 4476
     21 4477
     27 4478
     21 4479
     26 4480
     27 4481
     31 4482
     23 4483
     20 4484
     21 4485
     19 4486
     19 4487
     21 4488
     25 4489
     33 4490
     18 4491
     23 4492
     24 4493
     31 4494
     20 4495
     24 4496
     26 4497
     29 4498
     21 4499
     23 4500
     16 4501
     22 4502
     13 4503
     35 4504
     27 4505
     25 4506
     22 4507
     26 4508
     19 4509
     20 4510
     18 4511
     23 4512
     28 4513
     19 4514
     24 4515
     28 4516
     25 4517
     32 4518
     24 4519
     14 4520
     20 4521
     19 4522
     24 4523
     19 4524
     27 4525
     29 4526
     16 4527
     24 4528
     30 4529
     28 4530
     27 4531
     17 4532
     17 4533
     23 4534
     26 4535
     17 4536
     15 4537
     19 4538
     18 4539
     24 4540
     19 4541
     18 4542
     16 4543
     19 4544
     27 4545
     31 4546
     29 4547
     21 4548
     18 4549
     24 4550
     21 4551
     22 4552
     18 4553
     12 4554
     23 4555
     21 4556
     13 4557
     18 4558
     18 4559
     15 4560
     21 4561
     28 4562
     24 4563
     11 4564
     21 4565
     20 4566
     19 4567
     17 4568
     15 4569
     20 4570
     16 4571
     19 4572
     16 4573
     19 4574
     18 4575
     19 4576
     16 4577
     12 4578
     22 4579
     19 4580
     28 4581
     23 4582
     25 4583
     14 4584
     22 4585
     23 4586
     25 4587
     20 4588
     26 4589
     17 4590
     18 4591
     19 4592
     17 4593
     18 4594
      8 4595
     17 4596
     27 4597
     31 4598
     23 4599
     19 4600
     14 4601
     16 4602
     17 4603
     29 4604
     14 4605
     23 4606
     27 4607
     25 4608
     26 4609
     18 4610
     22 4611
     17 4612
     25 4613
     24 4614
     16 4615
     14 4616
     20 4617
     21 4618
     15 4619
     26 4620
     26 4621
     19 4622
     20 4623
     24 4624
     24 4625
     24 4626
     28 4627
     21 4628
     19 4629
      9 4630
     24 4631
     20 4632
     23 4633
     20 4634
     18 4635
     25 4636
     18 4637
     12 4638
     13 4639
     18 4640
     20 4641
     29 4642
     21 4643
     13 4644
     22 4645
     30 4646
     17 4647
     20 4648
     24 4649
     25 4650
     21 4651
     21 4652
     23 4653
     15 4654
     21 4655
     17 4656
     17 4657
     21 4658
     23 4659
     14 4660
     16 4661
     27 4662
     28 4663
     24 4664
     26 4665
     17 4666
     26 4667
     25 4668
     28 4669
     21 4670
     24 4671
     22 4672
     26 4673
     28 4674
     27 4675
     28 4676
     31 4677
     26 4678
     26 4679
     20 4680
     21 4681
     29 4682
     23 4683
     25 4684
     17 4685
     23 4686
     18 4687
     16 4688
     21 4689
     18 4690
     20 4691
     19 4692
     21 4693
     23 4694
     32 4695
     23 4696
     24 4697
     17 4698
     26 4699
     20 4700
     22 4701
     21 4702
     23 4703
     20 4704
     14 4705
     13 4706
     22 4707
     20 4708
     18 4709
     20 4710
     16 4711
     26 4712
     26 4713
     21 4714
     27 4715
     15 4716
     19 4717
     22 4718
     29 4719
     20 4720
     17 4721
     18 4722
     15 4723
     25 4724
     17 4725
     18 4726
     18 4727
     27 4728
     22 4729
     21 4730
     18 4731
     12 4732
     20 4733
     15 4734
     18 4735
     23 4736
     32 4737
     25 4738
     20 4739
     14 4740
     24 4741
     19 4742
     27 4743
     25 4744
     25 4745
     19 4746
     24 4747
     33 4748
     31 4749
     36 4750
     29 4751
     30 4752
     20 4753
     18 4754
     27 4755
     19 4756
     23 4757
     30 4758
     27 4759
     25 4760
     26 4761
     29 4762
     17 4763
     25 4764
     23 4765
     28 4766
     26 4767
     28 4768
     26 4769
     28 4770
     26 4771
     29 4772
     19 4773
     20 4774
     22 4775
     19 4776
     18 4777
     36 4778
     21 4779
     30 4780
     23 4781
     27 4782
     21 4783
     31 4784
     20 4785
     22 4786
     28 4787
     30 4788
     30 4789
     34 4790
     32 4791
     22 4792
     24 4793
     27 4794
     27 4795
     19 4796
     29 4797
     20 4798
     27 4799
     21 4800
     24 4801
     23 4802
     22 4803
     36 4804
     37 4805
     35 4806
     23 4807
     28 4808
     27 4809
     30 4810
     31 4811
     26 4812
     25 4813
     34 4814
     32 4815
     33 4816
     25 4817
     30 4818
     22 4819
     21 4820
     28 4821
     30 4822
     22 4823
     28 4824
     23 4825
     15 4826
     28 4827
     27 4828
     35 4829
     27 4830
     22 4831
     32 4832
     19 4833
     26 4834
     16 4835
     28 4836
     27 4837
     27 4838
     16 4839
     26 4840
     23 4841
     18 4842
     24 4843
     14 4844
     25 4845
     32 4846
     17 4847
     18 4848
     28 4849
     27 4850
     21 4851
     28 4852
     21 4853
     19 4854
     27 4855
     21 4856
     27 4857
     23 4858
     19 4859
     26 4860
     20 4861
     22 4862
     19 4863
     23 4864
     26 4865
     29 4866
     19 4867
     27 4868
     23 4869
     24 4870
     19 4871
     26 4872
     28 4873
     16 4874
     30 4875
     23 4876
     19 4877
     21 4878
     23 4879
     22 4880
     23 4881
     25 4882
     21 4883
     23 4884
     33 4885
     23 4886
     24 4887
     22 4888
     33 4889
     26 4890
     28 4891
     20 4892
     20 4893
     24 4894
     24 4895
     27 4896
     32 4897
     25 4898
     21 4899
     24 4900
     35 4901
     37 4902
     27 4903
     20 4904
     31 4905
     25 4906
     23 4907
     22 4908
     17 4909
     25 4910
     22 4911
     20 4912
     25 4913
     31 4914
     14 4915
     34 4916
     32 4917
     33 4918
     22 4919
     26 4920
     32 4921
     34 4922
     20 4923
     23 4924
     30 4925
     19 4926
     19 4927
     33 4928
     24 4929
     30 4930
     24 4931
     22 4932
     27 4933
     29 4934
     24 4935
     25 4936
     25 4937
     24 4938
     32 4939
     21 4940
     23 4941
     30 4942
     25 4943
     20 4944
     29 4945
     33 4946
     21 4947
     17 4948
     26 4949
     27 4950
     25 4951
     22 4952
     23 4953
     30 4954
     32 4955
     21 4956
     20 4957
     27 4958
     24 4959
     27 4960
     21 4961
     30 4962
     23 4963
     29 4964
     29 4965
     27 4966
     25 4967
     26 4968
     29 4969
     27 4970
      9 4971
     26 4972
     19 4973
     28 4974
     27 4975
     24 4976
     16 4977
     25 4978
     26 4979
     19 4980
     27 4981
     25 4982
     23 4983
     20 4984
     23 4985
     16 4986
     18 4987
     31 4988
     15 4989
     14 4990
     24 4991
     20 4992
     20 4993
      8 4994
     12 4995
     20 4996
     22 4997
     14 4998
     22 4999
     18 5000
     31 5001
     10 5002
     22 5003
     15 5004
     18 5005
     12 5006
      9 5007
     15 5008
     22 5009
     18 5010
     20 5011
     22 5012
     24 5013
     21 5014
     22 5015
     17 5016
     18 5017
     18 5018
     29 5019
     17 5020
     24 5021
     13 5022
     11 5023
     24 5024
     21 5025
     21 5026
     19 5027
     24 5028
     15 5029
     24 5030
     24 5031
     22 5032
     16 5033
     36 5034
     22 5035
     20 5036
     18 5037
     23 5038
     24 5039
     19 5040
     25 5041
     26 5042
     18 5043
     22 5044
     23 5045
     19 5046
     16 5047
     23 5048
     13 5049
      9 5050
     17 5051
     14 5052
     20 5053
     16 5054
     22 5055
     19 5056
     11 5057
     21 5058
     16 5059
     14 5060
     16 5061
     24 5062
     11 5063
      8 5064
     16 5065
     13 5066
     22 5067
     15 5068
     18 5069
     27 5070
     18 5071
     16 5072
     16 5073
     11 5074
     15 5075
     14 5076
     13 5077
     12 5078
     18 5079
     14 5080
     14 5081
     13 5082
     14 5083
     14 5084
     15 5085
     28 5086
     23 5087
     24 5088
     14 5089
      7 5090
     13 5091
     20 5092
     21 5093
     24 5094
     17 5095
     13 5096
     17 5097
     17 5098
     18 5099
     14 5100
     19 5101
     13 5102
     15 5103
     13 5104
     16 5105
     13 5106
     13 5107
     12 5108
     14 5109
     11 5110
      8 5111
     15 5112
     10 5113
     11 5114
     14 5115
     13 5116
     12 5117
     14 5118
     11 5119
     10 5120
      8 5121
     16 5122
     11 5123
     14 5124
      6 5125
     15 5126
     15 5127
      9 5128
      7 5129
     20 5130
     18 5131
     15 5132
     14 5133
     12 5134
     13 5135
     20 5136
     18 5137
     16 5138
     11 5139
     14 5140
     15 5141
     12 5142
      9 5143
      9 5144
     18 5145
     21 5146
     10 5147
     10 5148
     21 5149
     19 5150
     19 5151
     25 5152
     13 5153
     14 5154
     14 5155
     18 5156
     21 5157
     12 5158
     10 5159
     13 5160
     16 5161
     18 5162
     13 5163
     12 5164
     11 5165
     14 5166
     16 5167
     12 5168
     15 5169
     16 5170
     16 5171
     12 5172
     20 5173
     15 5174
     15 5175
     15 5176
      9 5177
     16 5178
     15 5179
     16 5180
     17 5181
     16 5182
     12 5183
     25 5184
     17 5185
     20 5186
     23 5187
     16 5188
     18 5189
     11 5190
     15 5191
     14 5192
     19 5193
     13 5194
     16 5195
     12 5196
     19 5197
     16 5198
     14 5199
     11 5200
     14 5201
     11 5202
     22 5203
     12 5204
     18 5205
     13 5206
      8 5207
     18 5208
     12 5209
      9 5210
     14 5211
     10 5212
     12 5213
     15 5214
     10 5215
      8 5216
     10 5217
      6 5218
     13 5219
     12 5220
      6 5221
     15 5222
     12 5223
      8 5224
      9 5225
     17 5226
      9 5227
     16 5228
      8 5229
     17 5230
     10 5231
      5 5232
     11 5233
      7 5234
      9 5235
     11 5236
     11 5237
     11 5238
      4 5239
      9 5240
      8 5241
      7 5242
      3 5243
     10 5244
      6 5245
      7 5246
     12 5247
     13 5248
      7 5249
     10 5250
     16 5251
      9 5252
      8 5253
     16 5254
     10 5255
      8 5256
     13 5257
      8 5258
      4 5259
      5 5260
     10 5261
      7 5262
     10 5263
      9 5264
      8 5265
     11 5266
      7 5267
      5 5268
      8 5269
      8 5270
     15 5271
     11 5272
      5 5273
     12 5274
     11 5275
     12 5276
      5 5277
      6 5278
     12 5279
      5 5280
     11 5281
      7 5282
      4 5283
     12 5284
     11 5285
      3 5286
      6 5287
      8 5288
      7 5289
     13 5290
      4 5291
     10 5292
      6 5293
      7 5294
      9 5295
     10 5296
      3 5297
     10 5298
      9 5299
      6 5300
     11 5301
     13 5302
      9 5303
     10 5304
      6 5305
      7 5306
      9 5307
      6 5308
      5 5309
     13 5310
      6 5311
      6 5312
      7 5313
      8 5314
      8 5315
      7 5316
     11 5317
     13 5318
      4 5319
      9 5320
      9 5321
      7 5322
      6 5323
     11 5324
      5 5325
      7 5326
     13 5327
      7 5328
      6 5329
      9 5330
      8 5331
      9 5332
      5 5333
     11 5334
      6 5335
     11 5336
     11 5337
      5 5338
      5 5339
     10 5340
      3 5341
      7 5342
      6 5343
     14 5344
      7 5345
      7 5346
      5 5347
      6 5348
      3 5349
      6 5350
      1 5351
      7 5352
      6 5353
      9 5354
      8 5355
      5 5356
      5 5357
      2 5358
      5 5359
     11 5360
      4 5361
     10 5362
      7 5363
      4 5364
      6 5365
      7 5366
      9 5367
      8 5368
     17 5369
      1 5370
      6 5371
      7 5372
      7 5373
      6 5374
      6 5375
      7 5376
      5 5377
      3 5378
      6 5379
      6 5380
      3 5381
      5 5382
     10 5383
      6 5384
      6 5385
      6 5386
      9 5387
      6 5388
      4 5389
      7 5390
      2 5391
     12 5392
      7 5393
      4 5394
      3 5395
      4 5396
     12 5397
      2 5398
      4 5399
      6 5400
      3 5401
      3 5402
      3 5403
      5 5404
      3 5405
      5 5406
      5 5407
      2 5408
      3 5409
      7 5410
      4 5411
     10 5412
      4 5413
      9 5414
      6 5415
      9 5416
      3 5417
      7 5418
      5 5419
      4 5420
      5 5421
      5 5422
      5 5423
      8 5424
      7 5425
      9 5426
      8 5427
      5 5428
      9 5429
      4 5430
      8 5431
      6 5432
      2 5433
     10 5434
      7 5435
      6 5436
      8 5437
      5 5438
     10 5439
      6 5440
      9 5441
      6 5442
      8 5443
      9 5444
      3 5445
      3 5446
      6 5447
      3 5448
      5 5449
     11 5450
      7 5451
      8 5452
      9 5453
      5 5454
      4 5455
     10 5456
      7 5457
     11 5458
      9 5459
      5 5460
      3 5461
      5 5462
      8 5463
      5 5464
      7 5465
      6 5466
      6 5467
      8 5468
      9 5469
      5 5470
      9 5471
      9 5472
      6 5473
      6 5474
      6 5475
      6 5476
      6 5477
      7 5478
      4 5479
      4 5480
      3 5481
      7 5482
      9 5483
      6 5484
      3 5485
      3 5486
      7 5487
      7 5488
     11 5489
      7 5490
      7 5491
      7 5492
      5 5493
      7 5494
      8 5495
      3 5496
      5 5497
      4 5498
      4 5499
      2 5500
      4 5501
      2 5502
      3 5503
      3 5504
      4 5505
      4 5506
      8 5507
      6 5508
      9 5509
      6 5510
      2 5511
      6 5512
      6 5513
      4 5514
     10 5515
      3 5516
      4 5517
      3 5518
      5 5519
      7 5520
      4 5521
      7 5522
      3 5523
      9 5524
     10 5525
      4 5526
     12 5527
      4 5528
      6 5529
      5 5530
      9 5531
      6 5532
      6 5533
      9 5534
      8 5535
      3 5536
      4 5537
      2 5538
      6 5539
      5 5540
      4 5541
      5 5542
      4 5543
     12 5544
      3 5545
      8 5546
      9 5547
      2 5548
      5 5549
      4 5550
      6 5551
      7 5552
      5 5553
      2 5554
      6 5555
      3 5556
      4 5557
      8 5558
      6 5559
      3 5560
     10 5561
      8 5562
      8 5563
      9 5564
     11 5565
      4 5566
      6 5567
      4 5568
      7 5569
      5 5570
      7 5571
      7 5572
      3 5573
      4 5574
     10 5575
      5 5576
      3 5577
      8 5578
      5 5579
      5 5580
      6 5581
      3 5582
      8 5583
      6 5584
      7 5585
      3 5586
      8 5587
      2 5588
      5 5589
      7 5590
      3 5591
      4 5592
      5 5593
      3 5594
      1 5595
      4 5596
      4 5597
     10 5598
     15 5599
      4 5600
      5 5602
      7 5603
      4 5604
      3 5605
      2 5606
      6 5607
      9 5608
      5 5609
      5 5610
      2 5611
      6 5612
      2 5613
      6 5614
      5 5615
      1 5616
      2 5617
      4 5618
      6 5619
      6 5620
      6 5621
      5 5622
      6 5623
      3 5624
      4 5625
      4 5626
      6 5627
      6 5628
      3 5629
      9 5630
      3 5631
      4 5632
      8 5633
     12 5634
      5 5635
      7 5636
      9 5637
      2 5638
      2 5639
      3 5640
      4 5641
      4 5642
      8 5643
      2 5644
      2 5645
      2 5646
      5 5648
      4 5649
      2 5650
      3 5651
      3 5652
      5 5653
      9 5654
      1 5655
      6 5656
      5 5657
      7 5658
      3 5659
      5 5660
      3 5661
      5 5662
      4 5663
      5 5664
      5 5665
      5 5666
      4 5667
      5 5668
      2 5669
      2 5670
      6 5671
      6 5672
      5 5673
      2 5674
      5 5675
      3 5676
      4 5677
      9 5678
      6 5679
      2 5680
      5 5681
      6 5682
      3 5683
      5 5684
      3 5685
      2 5686
      7 5687
      5 5688
      5 5689
      1 5690
      7 5691
      9 5692
      7 5693
      6 5694
      6 5695
      4 5696
      6 5697
      2 5698
      7 5700
      4 5701
      6 5702
      3 5703
      1 5704
      1 5705
      4 5706
      6 5707
      3 5708
      6 5709
      1 5710
      7 5711
      6 5712
      6 5713
      1 5714
      2 5715
      2 5716
      3 5717
      3 5718
      4 5719
      5 5720
      5 5721
      5 5722
      4 5723
      4 5724
      6 5725
      2 5726
      3 5727
      5 5728
      3 5729
      3 5730
      8 5732
      7 5733
      2 5734
      1 5735
      4 5736
      1 5737
      3 5738
      2 5739
      6 5740
      3 5741
      2 5742
      5 5743
      4 5744
      3 5745
      1 5746
      5 5747
      2 5748
      3 5749
      1 5750
      4 5751
      2 5752
      3 5753
      4 5754
      2 5755
      3 5756
      5 5757
      4 5759
      3 5760
      7 5761
      7 5762
      5 5763
      1 5764
      5 5766
      6 5767
      7 5768
      3 5769
      2 5770
      3 5771
      4 5772
      3 5773
      3 5774
      8 5775
      7 5776
      4 5777
      3 5778
      2 5779
      4 5780
      3 5781
      4 5782
      2 5783
      8 5785
      6 5786
      1 5787
      4 5788
      7 5789
      6 5790
      4 5791
      2 5792
      4 5793
      4 5794
      2 5795
      1 5796
      4 5797
      2 5798
      5 5799
      5 5800
      6 5801
      7 5802
      3 5803
      3 5804
      5 5805
      2 5806
      5 5807
      4 5808
      5 5809
      3 5810
      4 5811
      5 5812
      4 5813
      2 5814
      4 5815
      5 5816
      5 5817
      6 5818
      1 5819
      2 5820
      3 5821
      4 5822
      5 5823
      3 5824
      5 5825
      2 5826
      2 5827
      4 5828
      7 5829
      1 5830
      1 5831
      3 5832
      4 5833
      7 5834
      5 5835
      2 5836
      2 5837
      5 5838
      5 5839
      6 5840
      1 5841
      2 5842
      1 5843
      2 5844
      3 5845
      2 5846
      3 5848
      7 5849
      4 5850
      1 5851
      6 5852
      5 5853
      3 5854
      5 5855
      6 5856
      4 5857
      5 5858
      6 5859
      2 5860
      2 5861
      4 5862
      6 5863
      3 5864
      2 5865
      3 5866
      2 5867
      4 5868
      5 5869
      3 5870
      3 5871
      3 5872
      2 5873
      2 5874
      3 5875
      2 5876
      2 5877
      1 5878
      4 5879
      4 5880
      4 5881
      3 5883
      4 5884
      7 5885
      5 5886
      2 5887
      4 5888
      1 5889
      2 5890
      7 5891
      1 5892
      4 5893
      4 5894
      5 5895
      2 5896
      4 5897
      2 5898
      3 5899
      6 5900
      3 5901
      4 5902
      7 5903
      2 5904
      4 5905
      6 5906
      2 5907
      1 5909
      2 5910
      1 5911
      3 5912
      3 5913
      3 5914
      1 5915
      1 5916
      5 5917
      5 5918
      3 5919
      1 5920
      1 5921
      7 5922
      4 5923
      3 5924
      3 5925
      7 5926
      3 5927
      5 5928
      2 5929
      2 5930
      4 5931
      4 5933
      5 5935
      1 5937
      1 5938
      2 5939
      5 5940
      3 5941
      3 5942
      7 5943
      2 5945
      5 5946
      7 5947
      1 5948
      4 5949
      2 5950
      2 5951
      5 5952
      4 5953
      4 5954
      1 5955
      2 5957
      3 5959
      5 5960
      3 5961
      1 5962
      2 5963
      2 5964
      2 5965
      2 5966
      2 5968
      3 5969
      5 5970
      5 5971
      2 5972
      1 5973
      1 5974
      6 5975
      4 5976
      2 5977
      1 5979
      3 5980
      4 5981
      5 5982
      2 5983
      2 5984
      1 5985
      4 5986
      5 5987
      3 5988
      3 5989
      4 5990
      2 5991
      1 5992
      1 5993
      3 5994
      3 5995
      9 5996
      3 5997
      5 5998
      5 5999
      5 6000
      5 6001
      4 6002
      1 6003
      3 6004
      1 6005
      4 6006
      2 6007
      6 6008
      6 6009
      3 6010
      2 6011
      4 6012
      4 6013
      1 6014
      1 6015
      5 6016
      1 6017
      4 6019
      7 6020
      3 6021
      1 6022
      6 6023
      5 6024
      3 6025
      3 6026
      2 6027
      2 6028
      4 6029
      3 6030
      5 6031
      2 6032
      3 6033
      2 6034
      1 6035
      3 6036
      1 6037
      2 6038
      2 6039
      1 6040
      1 6041
      2 6042
      2 6043
      5 6044
      3 6045
      2 6047
      1 6048
      1 6049
      8 6050
      3 6051
      3 6052
      5 6053
      5 6054
      4 6055
      2 6056
      2 6057
      7 6058
      3 6059
      6 6060
      2 6061
      5 6062
      2 6063
      5 6064
      6 6065
      4 6066
      7 6067
      4 6068
      3 6069
      4 6070
      1 6072
      5 6073
      2 6074
      3 6075
      1 6076
      1 6077
      4 6078
      6 6079
      1 6081
      8 6082
      5 6083
      3 6084
      1 6085
      5 6086
      5 6087
      6 6088
      4 6089
      2 6090
      6 6091
      1 6092
      5 6093
      4 6094
      4 6095
      6 6096
      3 6097
      1 6098
      5 6099
      6 6100
      4 6101
      5 6102
      4 6103
      2 6104
      5 6106
      2 6107
      1 6108
      7 6109
      4 6110
      4 6111
      1 6112
      6 6113
      2 6115
      3 6116
      4 6117
      4 6118
      4 6119
      3 6120
      3 6121
      2 6122
      4 6124
      2 6125
      4 6126
      3 6127
      3 6128
      4 6129
      4 6130
      6 6131
      1 6132
      5 6133
      2 6134
      3 6135
      7 6136
      3 6137
      1 6138
      1 6139
      1 6140
      4 6141
      3 6142
      3 6143
      6 6144
      6 6145
      5 6146
      4 6147
      3 6148
      2 6149
      1 6150
      4 6151
      5 6152
      4 6153
      5 6154
      1 6155
      5 6156
      7 6157
      1 6158
      4 6159
      4 6160
      4 6161
      2 6162
      4 6163
      3 6164
      2 6165
      2 6166
      2 6167
      1 6169
      3 6170
      3 6171
      3 6172
      1 6173
      1 6174
      1 6175
      5 6176
      1 6177
      3 6178
      2 6179
      3 6180
      3 6181
      1 6182
      1 6183
      5 6184
      2 6185
      5 6186
      1 6187
      6 6188
      5 6189
      3 6191
      2 6192
      3 6193
      3 6194
      2 6196
      6 6197
      2 6198
      3 6200
      2 6201
      3 6202
      2 6203
      3 6204
      7 6205
      4 6206
      1 6207
      6 6208
      3 6209
      2 6210
      3 6211
      5 6212
      2 6213
      5 6214
      4 6215
      5 6216
      4 6217
      9 6218
      1 6219
      5 6220
      2 6221
      2 6222
      2 6223
      2 6224
      2 6225
      3 6226
      2 6227
      1 6228
      4 6229
      2 6230
      5 6231
      3 6232
      2 6233
      4 6234
      4 6235
      3 6236
      2 6237
      4 6238
      1 6239
      3 6240
      3 6242
      2 6243
      3 6244
      1 6245
      5 6246
      4 6247
      3 6248
      1 6249
      1 6250
      3 6251
      7 6253
      5 6254
      4 6256
      2 6259
      3 6260
      2 6261
      2 6262
      1 6263
      4 6264
      4 6265
      3 6266
      1 6267
      2 6268
      3 6270
      2 6271
      2 6272
      4 6273
      3 6274
      5 6275
      3 6276
      2 6277
      4 6278
      3 6279
      4 6280
      6 6281
      4 6282
      5 6284
      3 6285
      2 6286
      5 6287
      2 6289
      3 6290
      1 6291
      3 6292
      3 6293
      2 6294
      1 6296
      3 6297
      4 6298
      4 6299
      4 6300
      4 6302
      1 6303
      5 6304
      1 6305
      3 6306
      1 6308
      3 6309
      1 6310
      4 6311
      4 6312
      1 6313
      1 6314
      3 6315
      2 6316
      5 6317
      1 6318
      2 6319
      1 6320
      3 6321
      6 6322
      5 6323
      2 6324
      4 6325
      1 6327
      1 6328
      1 6329
      1 6330
      1 6331
      6 6332
      4 6333
      2 6334
      2 6335
      3 6336
      2 6337
      3 6338
      2 6339
      4 6340
      2 6341
      2 6342
      1 6343
      1 6345
      2 6347
      1 6348
      5 6349
      4 6350
      1 6351
      3 6352
      5 6353
      3 6354
      3 6356
      5 6357
      6 6358
      2 6359
      4 6361
      1 6363
      1 6364
      3 6365
      5 6366
      1 6367
      3 6368
      2 6369
      5 6370
      2 6371
      2 6372
      5 6374
      3 6375
      5 6377
      4 6378
      1 6379
      4 6380
      2 6381
      3 6382
      1 6383
      2 6384
      3 6386
      1 6387
      1 6388
      2 6390
      2 6391
      2 6392
      3 6393
      1 6394
      3 6395
      2 6396
      4 6397
      1 6398
      8 6400
      3 6401
      5 6402
      1 6404
      4 6405
      5 6406
      3 6407
      4 6408
      4 6409
      3 6410
      4 6411
      3 6413
      3 6414
      4 6415
      2 6416
      2 6417
      2 6418
      1 6420
      4 6421
      1 6422
      3 6423
      2 6424
      1 6425
      5 6426
      3 6427
      1 6428
      1 6429
      2 6430
      1 6433
      1 6435
      1 6437
      3 6438
      1 6439
      3 6440
      2 6441
      5 6442
      2 6443
      4 6444
      3 6445
      3 6446
      1 6447
      3 6448
      4 6449
      1 6450
      1 6451
      4 6454
      4 6455
      1 6456
      1 6457
      1 6458
      5 6459
      3 6460
      2 6461
      5 6462
      2 6463
      2 6464
      5 6465
      7 6466
      2 6467
      1 6468
      5 6469
      3 6470
      2 6471
      2 6472
      5 6473
      4 6474
      2 6475
      2 6476
      2 6477
      1 6478
      3 6479
      1 6480
      2 6481
      2 6482
      1 6483
      1 6484
      2 6486
      2 6487
      1 6488
      2 6490
      2 6491
      1 6492
      4 6493
      3 6494
      1 6495
      1 6497
      2 6498
      2 6499
      3 6500
      3 6504
      6 6505
      1 6507
      2 6508
      1 6509
      2 6511
      2 6513
      2 6514
      2 6515
      5 6516
      3 6517
      2 6518
      2 6519
      2 6520
      3 6521
      1 6522
      1 6523
      3 6524
      3 6526
      6 6527
      1 6528
      3 6529
      4 6530
      2 6531
      2 6532
      5 6533
      2 6534
      4 6536
      1 6537
      1 6538
      1 6539
      1 6540
      2 6541
      1 6542
      1 6543
      3 6544
      4 6545
      1 6546
      3 6547
      2 6548
      2 6549
      2 6550
      4 6551
      5 6552
      1 6553
      3 6555
      3 6556
      1 6557
      3 6558
      3 6559
      2 6560
      2 6561
      3 6562
      5 6563
      1 6564
      2 6565
      2 6566
      2 6568
      1 6569
      3 6570
      2 6571
      2 6572
      2 6573
      2 6574
      4 6575
      3 6576
      3 6577
      1 6578
      4 6579
      2 6580
      2 6581
      1 6582
      1 6583
      2 6584
      1 6586
      1 6587
      2 6590
      2 6591
      1 6592
      4 6593
      1 6594
      1 6595
      1 6596
      2 6597
      2 6598
      1 6599
      3 6600
      2 6601
      2 6602
      4 6604
      1 6606
      3 6607
      1 6609
      3 6611
      1 6612
      3 6613
      1 6614
      2 6615
      1 6617
      2 6618
      2 6619
      5 6620
      2 6621
      1 6622
      4 6623
      1 6624
      2 6625
      3 6626
      1 6630
      2 6632
      3 6633
      2 6634
      1 6635
      4 6636
      5 6637
      2 6638
      2 6639
      3 6640
      3 6641
      3 6642
      1 6643
      1 6644
      1 6645
      3 6646
      2 6647
      3 6648
      2 6649
      1 6650
      3 6651
      1 6653
      1 6654
      2 6655
      1 6657
      3 6658
      1 6660
      1 6661
      1 6662
      2 6663
      2 6664
      3 6665
      1 6667
      3 6669
      4 6670
      2 6672
      1 6673
      1 6674
      1 6675
      2 6677
      2 6678
      2 6679
      1 6680
      1 6681
      2 6683
      2 6684
      1 6685
      3 6687
      1 6688
      2 6689
      1 6690
      2 6692
      1 6693
      1 6694
      1 6695
      1 6696
      1 6698
      2 6700
      2 6701
      3 6702
      2 6703
      5 6704
      2 6705
      1 6706
      3 6707
      3 6708
      1 6709
      3 6710
      1 6711
      2 6712
      4 6713
      4 6714
      4 6715
      1 6716
      2 6717
      2 6718
      2 6720
      1 6721
      2 6722
      5 6723
      1 6724
      3 6725
      3 6726
      3 6727
      4 6728
      3 6729
      2 6730
      1 6731
      5 6732
      1 6733
      2 6734
      5 6735
      3 6736
      1 6737
      3 6738
      2 6739
      1 6740
      2 6741
      1 6742
      4 6743
      3 6744
      3 6745
      1 6747
      5 6748
      3 6749
      5 6750
      2 6751
      1 6752
      5 6753
      4 6754
      4 6755
      2 6756
      1 6757
      3 6758
      4 6760
      2 6761
      1 6762
      1 6763
      3 6765
      1 6766
      1 6767
      3 6768
      2 6769
      1 6770
      2 6771
      1 6772
      2 6773
      1 6774
      4 6775
      2 6776
      4 6777
      3 6778
      3 6779
      2 6780
      3 6781
      3 6782
      5 6783
      1 6784
      4 6785
      2 6786
      4 6787
      1 6788
      2 6789
      5 6790
      2 6791
      5 6792
      1 6793
      3 6794
      4 6795
      5 6796
      3 6797
      5 6799
      5 6800
      2 6801
      5 6802
      3 6803
      2 6804
      4 6805
      2 6806
      5 6807
      3 6808
      2 6809
      3 6810
      2 6811
      3 6812
      3 6813
      2 6814
      5 6815
      4 6817
      3 6818
      3 6819
      3 6820
      3 6821
      1 6822
      2 6823
      1 6824
      3 6825
      3 6826
      2 6827
      3 6828
      1 6829
      3 6830
      3 6831
      2 6832
      2 6833
      2 6834
      4 6835
      5 6836
      4 6837
      2 6839
      2 6840
      3 6841
      2 6842
      1 6843
      1 6844
      4 6845
      1 6847
      1 6848
      3 6849
      2 6850
      1 6851
      3 6852
      4 6853
      4 6854
      2 6855
      2 6856
      2 6857
      2 6858
      5 6859
      2 6860
      2 6861
      2 6862
      1 6863
      2 6864
      1 6865
      5 6866
      1 6867
      1 6868
      2 6869
      6 6870
      4 6871
      3 6872
      4 6874
      1 6875
      3 6876
      1 6877
      1 6878
      2 6880
      2 6881
      2 6882
      5 6883
      1 6884
      2 6885
      1 6886
      2 6887
      4 6888
      2 6889
      2 6891
      2 6892
      3 6893
      2 6896
      1 6897
      4 6899
      2 6900
      1 6901
      1 6902
      2 6903
      3 6904
      1 6905
      1 6906
      2 6907
      2 6908
      2 6909
      2 6910
      3 6912
      3 6913
      3 6914
      2 6915
      3 6916
      1 6917
      2 6920
      3 6921
      2 6923
      5 6924
      2 6925
      1 6926
      1 6927
      2 6929
      1 6930
      1 6931
      3 6932
      5 6933
      2 6935
      3 6936
      1 6937
      1 6938
      1 6939
      3 6941
      3 6943
      1 6944
      2 6945
      3 6946
      3 6947
      1 6949
      2 6950
      3 6951
      3 6952
      4 6953
      1 6954
      6 6955
      5 6957
      2 6958
      1 6960
      3 6961
      2 6962
      2 6963
      2 6964
      2 6965
      1 6966
      3 6967
      6 6968
      3 6969
      1 6970
      2 6971
      2 6972
      4 6974
      1 6975
      3 6976
      2 6977
      1 6978
      2 6979
      2 6980
      2 6981
      2 6982
      3 6983
      3 6984
      1 6985
      2 6986
      3 6987
      3 6988
      1 6989
      1 6991
      1 6992
      1 6993
      1 6995
      1 6996
      6 6997
      4 6998
      1 6999
      5 7000
      2 7001
      2 7002
      1 7003
      2 7005
      1 7006
      4 7007
      1 7008
      4 7009
      3 7010
      1 7011
      1 7012
      3 7013
      1 7014
      2 7016
      2 7017
      1 7019
      3 7020
      2 7021
      2 7022
      1 7023
      2 7024
      1 7025
      1 7026
      1 7027
      4 7028
      1 7029
      2 7030
      3 7031
      3 7032
      1 7033
      3 7034
      1 7035
      3 7036
      2 7037
      2 7038
      3 7039
      1 7040
      3 7041
      1 7042
      1 7043
      2 7044
      1 7045
      4 7046
      2 7047
      1 7048
      2 7049
      6 7050
      2 7051
      3 7052
      2 7053
      1 7054
      1 7055
      3 7056
      2 7057
      1 7058
      3 7059
      1 7060
      2 7061
      1 7062
      5 7063
      3 7064
      4 7065
      5 7066
      4 7067
      1 7068
      4 7069
      3 7070
      1 7071
      2 7072
      2 7073
      2 7074
      1 7075
      3 7076
      2 7077
      4 7078
      2 7079
      2 7080
      2 7081
      2 7082
      3 7083
      4 7085
      5 7086
      4 7087
      6 7088
      3 7089
      2 7090
      2 7091
      3 7092
      5 7093
      2 7094
      2 7095
      2 7096
      1 7097
      2 7098
      2 7099
      2 7100
      5 7102
      4 7103
      2 7104
      2 7105
      3 7106
      4 7107
      6 7108
      1 7109
      2 7110
      1 7111
      8 7112
      5 7113
      3 7114
      2 7115
      3 7116
      1 7117
      1 7118
      2 7119
      3 7120
      1 7121
      4 7122
      2 7123
      3 7124
      3 7125
      1 7126
      2 7127
      1 7128
      3 7129
      1 7130
      2 7133
      3 7134
      5 7135
      3 7136
      1 7137
      2 7138
      1 7139
      2 7140
      5 7142
      2 7143
      2 7144
      2 7145
      2 7146
      4 7148
      1 7150
      1 7153
      2 7154
      1 7155
      1 7156
      4 7157
      2 7158
      1 7159
      4 7160
      2 7161
      1 7162
      2 7163
      1 7165
      4 7166
      1 7167
      1 7168
      2 7169
      3 7170
      1 7171
      2 7172
      3 7173
      1 7174
      1 7175
      1 7176
      1 7177
      3 7178
      2 7180
      4 7181
      1 7182
      4 7183
      1 7184
      2 7185
      1 7186
      1 7188
      1 7189
      3 7190
      4 7191
      2 7192
      1 7193
      1 7194
      2 7195
      1 7197
      3 7198
      2 7199
      2 7200
      2 7201
      1 7202
      1 7203
      2 7204
      1 7205
      4 7206
      4 7207
      1 7209
      2 7210
      1 7211
      1 7212
      5 7213
      3 7215
      4 7216
      1 7217
      4 7218
      1 7219
      1 7221
      1 7223
      3 7224
      3 7225
      4 7226
      1 7227
      4 7228
      1 7229
      5 7230
      2 7231
      1 7232
      5 7233
      2 7234
      2 7235
      5 7236
      2 7237
      3 7238
      2 7239
      5 7240
      3 7242
      3 7243
      4 7244
      1 7245
      1 7246
      3 7247
      9 7248
      1 7249
      3 7250
      1 7251
      1 7252
      3 7253
      3 7255
      4 7256
      2 7257
      6 7258
      2 7259
      3 7260
      2 7261
      2 7262
      2 7263
      2 7264
      1 7265
      4 7266
      2 7267
      1 7268
      4 7269
      2 7270
      2 7271
      1 7272
      4 7273
      2 7274
      2 7275
      3 7276
      3 7277
      2 7278
      2 7279
      3 7280
      1 7282
      1 7283
      2 7284
      1 7285
      1 7286
      5 7288
      4 7289
      1 7291
      3 7293
      2 7294
      4 7295
      2 7297
      2 7298
      5 7299
      3 7300
      3 7301
      2 7303
      1 7304
      2 7305
      3 7306
      2 7307
      5 7308
      1 7309
      1 7310
      2 7311
      3 7312
      3 7314
      3 7315
      1 7316
      3 7317
      2 7318
      3 7319
      3 7320
      3 7321
      3 7322
      2 7323
      5 7326
      2 7327
      1 7328
      2 7329
      2 7330
      1 7332
      1 7333
      2 7335
      1 7336
      2 7337
      2 7338
      5 7339
      2 7340
      1 7341
      1 7342
      2 7344
      2 7345
      2 7346
      3 7348
      2 7350
      4 7351
      3 7352
      1 7354
      3 7356
      4 7357
      2 7358
      1 7359
      1 7360
      4 7361
      1 7365
      1 7366
      1 7368
      4 7369
      3 7370
      3 7371
      1 7372
      1 7373
      1 7375
      2 7377
      3 7378
      2 7379
      1 7381
      1 7382
      1 7383
      3 7384
      1 7385
      2 7386
      3 7387
      1 7389
      4 7390
      5 7391
      2 7392
      1 7393
      1 7395
      1 7396
      1 7397
      1 7398
      1 7399
      1 7400
      1 7401
      1 7402
      1 7405
      2 7407
      1 7408
      3 7409
      1 7411
      1 7412
      1 7414
      1 7415
      1 7418
      5 7419
      2 7420
      1 7421
      2 7422
      1 7423
      1 7425
      1 7426
      2 7427
      2 7428
      2 7429
      1 7430
      2 7431
      1 7432
      1 7433
      4 7434
      2 7435
      2 7436
      2 7437
      1 7438
      3 7441
      1 7442
      1 7443
      1 7444
      3 7445
      2 7446
      1 7447
      3 7448
      4 7449
      1 7452
      4 7453
      3 7454
      3 7456
      2 7457
      1 7458
      1 7459
      4 7460
      1 7461
      3 7462
      2 7463
      2 7465
      2 7466
      1 7467
      1 7468
      4 7470
      1 7471
      1 7474
      2 7475
      1 7476
      2 7478
      2 7480
      2 7483
      5 7484
      3 7486
      2 7487
      3 7488
      1 7489
      2 7490
      2 7491
      1 7492
      2 7493
      2 7494
      1 7495
      2 7496
      1 7497
      2 7498
      2 7500
      2 7501
      2 7502
      1 7503
      3 7504
      1 7506
      1 7507
      2 7508
      2 7509
      1 7510
      2 7512
      3 7517
      2 7519
      1 7520
      1 7521
      2 7523
      1 7524
      2 7527
      3 7528
      2 7529
      1 7530
      1 7531
      1 7532
      1 7533
      1 7534
      2 7535
      5 7536
      1 7537
      3 7538
      2 7539
      1 7540
      2 7541
      3 7542
      2 7544
      1 7545
      2 7546
      3 7548
      2 7549
      3 7550
      2 7552
      1 7553
      3 7555
      1 7556
      1 7557
      4 7558
      5 7559
      2 7560
      2 7561
      4 7562
      3 7563
      2 7564
      2 7565
      3 7566
      1 7567
      2 7568
      2 7569
      1 7570
      1 7571
      4 7572
      1 7573
      1 7574
      1 7575
      6 7576
      1 7577
      2 7578
      2 7580
      3 7582
      3 7583
      1 7584
      1 7585
      1 7586
      4 7587
      1 7588
      1 7589
      3 7590
      1 7591
      4 7592
      1 7595
      2 7596
      2 7598
      1 7599
      4 7600
      2 7601
      1 7602
      4 7606
      5 7608
      1 7609
      2 7610
      1 7611
      3 7612
      1 7613
      2 7614
      3 7615
      1 7616
      4 7618
      2 7619
      3 7621
      2 7622
      1 7623
      1 7624
      3 7625
      3 7626
      2 7627
      1 7628
      2 7629
      1 7630
      1 7631
      4 7632
      1 7633
      2 7635
      2 7636
      3 7637
      3 7638
      1 7639
      3 7640
      3 7641
      5 7642
      5 7643
      1 7644
      3 7646
      3 7647
      1 7648
      3 7650
      3 7652
      3 7653
      1 7654
      1 7655
      4 7656
      3 7657
      3 7658
      2 7659
      3 7660
      2 7661
      6 7662
      2 7664
      1 7665
      2 7666
      3 7667
      2 7668
      7 7669
      1 7670
      2 7671
      2 7672
      2 7673
      2 7674
      4 7675
      1 7676
      2 7677
      2 7678
      1 7679
      3 7680
      1 7681
      3 7682
      1 7683
      2 7684
      3 7685
      1 7686
      4 7687
      5 7688
      5 7689
      1 7690
      3 7691
      3 7693
      3 7694
      1 7695
      1 7696
      5 7697
      2 7698
      1 7699
      2 7700
      2 7701
      1 7702
      2 7703
      2 7704
      3 7705
      2 7706
      4 7707
      3 7708
      1 7709
      3 7710
      2 7711
      2 7712
      1 7713
      1 7714
      4 7716
      1 7717
      2 7718
      4 7719
      1 7720
      1 7721
      1 7722
      1 7723
      2 7724
      3 7725
      4 7726
      2 7727
      1 7728
      3 7729
      1 7731
      2 7732
      1 7734
      2 7735
      4 7736
      1 7737
      2 7738
      2 7739
      4 7740
      2 7741
      4 7742
      2 7743
      3 7744
      2 7745
      1 7746
      3 7747
      2 7749
      2 7750
      3 7751
      2 7752
      3 7753
      3 7754
      2 7755
      2 7756
      1 7758
      1 7760
      1 7761
      2 7763
      3 7764
      4 7766
      2 7767
      1 7768
      1 7769
      1 7770
      5 7771
      4 7772
      1 7773
      3 7774
      4 7775
      1 7776
      1 7777
      2 7778
      2 7779
      3 7780
      1 7781
      1 7782
      1 7783
      1 7784
      3 7785
      1 7786
      3 7787
      3 7788
      2 7789
      5 7790
      2 7791
      2 7793
      2 7795
      1 7796
      2 7797
      1 7798
      1 7799
      5 7800
      1 7802
      5 7803
      4 7804
      3 7805
      4 7806
      1 7808
      4 7809
      1 7810
      1 7811
      1 7812
      2 7813
      1 7814
      5 7815
      1 7816
      1 7818
      2 7819
      1 7820
      2 7821
      1 7823
      3 7824
      3 7825
      2 7826
      1 7827
      6 7828
      5 7829
      3 7830
      2 7831
      5 7832
      1 7833
      2 7834
      2 7835
      3 7836
      1 7837
      2 7838
      2 7840
      7 7841
      3 7842
      4 7844
      3 7845
      2 7846
      4 7847
      1 7848
      2 7849
      4 7850
      5 7851
      6 7852
      3 7853
      2 7854
      2 7855
      4 7856
      2 7857
      1 7858
      6 7859
      3 7860
      5 7861
      6 7862
      6 7863
      5 7864
      5 7865
      2 7866
      7 7867
      3 7868
      1 7869
      3 7870
      1 7871
      6 7872
      4 7873
     10 7874
      9 7875
      4 7876
      4 7877
      3 7878
      9 7879
     11 7880
      9 7881
      8 7882
      6 7883
      8 7884
      8 7885
      5 7886
      6 7887
      6 7888
      3 7889
      6 7890
      3 7891
      5 7892
      7 7893
      2 7894
      8 7895
      9 7896
      7 7897
     10 7898
     12 7899
     16 7900
     10 7901
     11 7902
      9 7903
     14 7904
     10 7905
     10 7906
      6 7907
      7 7908
      7 7909
      8 7910
      8 7911
     13 7912
      9 7913
     10 7914
     12 7915
     14 7916
     12 7917
     11 7918
     17 7919
     11 7920
     12 7921
     21 7922
     12 7923
     14 7924
     15 7925
     13 7926
     14 7927
     18 7928
     13 7929
     14 7930
     11 7931
     16 7932
     17 7933
     20 7934
     13 7935
     19 7936
     20 7937
     21 7938
     18 7939
     17 7940
     19 7941
     20 7942
     23 7943
     20 7944
     27 7945
     27 7946
     24 7947
     31 7948
     30 7949
     32 7950
     24 7951
     17 7952
     24 7953
     26 7954
     21 7955
     19 7956
     16 7957
     17 7958
     24 7959
     17 7960
     16 7961
     13 7962
     16 7963
     11 7964
     14 7965
      7 7966
     10 7967
     13 7968
     10 7969
     14 7970
     16 7971
     15 7972
      8 7973
     18 7974
     14 7975
     13 7976
      7 7977
     16 7978
     19 7979
     15 7980
     14 7981
     14 7982
     15 7983
     22 7984
     11 7985
     19 7986
     13 7987
      9 7988
     12 7989
     16 7990
     12 7991
     10 7992
     12 7993
      8 7994
     11 7995
      8 7996
      7 7997
     12 7998
      8 7999
      1 8000
      1 8001
      1 8002
