 225914 0
78118322 1
166012002 2
272935246 3
368647108 4
422422055 5
418721207 6
364716129 7
283414837 8
198833118 9
127469912 10
75415294 11
41693598 12
21848429 13
11085358 14
5611517 15
2961168 16
1699086 17
1097025 18
 788300 19
 608650 20
 494186 21
 415565 22
 359670 23
 317097 24
 282345 25
 255856 26
 231558 27
 211438 28
 193184 29
 176525 30
 160643 31
 146129 32
 135426 33
 123226 34
 113587 35
 103734 36
  95477 37
  85908 38
  77929 39
  71065 40
  66473 41
  62543 42
  58623 43
  53869 44
  49236 45
  46496 46
  43315 47
  40759 48
  38522 49
  35810 50
  34576 51
  33514 52
  32145 53
  31125 54
  29380 55
  28326 56
  27321 57
  25901 58
  25672 59
  24416 60
  23858 61
  23284 62
  22803 63
  22284 64
  21737 65
  20908 66
  20237 67
  19418 68
  19183 69
  18599 70
  18023 71
  17697 72
  17493 73
  16625 74
  16384 75
  15951 76
  15631 77
  15011 78
  14941 79
  14722 80
  14520 81
  14296 82
  14293 83
  13785 84
  13722 85
  13361 86
  13157 87
  13214 88
  12889 89
  12823 90
  12243 91
  11772 92
  11509 93
  11476 94
  11158 95
  11090 96
  10974 97
  10826 98
  10749 99
  10580 100
  10505 101
  10339 102
  10228 103
   9838 104
   9672 105
   9658 106
   9729 107
   9628 108
   9863 109
   9536 110
   9425 111
   9435 112
   9423 113
   9178 114
   9029 115
   9209 116
   9212 117
   8790 118
   8957 119
   9068 120
   8985 121
   9184 122
   8989 123
   8967 124
   9198 125
   9056 126
   9061 127
   9403 128
   9235 129
   9276 130
   9272 131
   9288 132
   9386 133
   9294 134
   9450 135
   9581 136
   9747 137
   9606 138
   9427 139
   9274 140
   8905 141
   8882 142
   8938 143
   8642 144
   8721 145
   8589 146
   8459 147
   8296 148
   7934 149
   8035 150
   7907 151
   7864 152
   7673 153
   7348 154
   7114 155
   7034 156
   6916 157
   6731 158
   6628 159
   6659 160
   6558 161
   6575 162
   6414 163
   6258 164
   6086 165
   6009 166
   5789 167
   5671 168
   5624 169
   5444 170
   5330 171
   5274 172
   5296 173
   5145 174
   4866 175
   4961 176
   4890 177
   4621 178
   4635 179
   4583 180
   4687 181
   4611 182
   4530 183
   4379 184
   4349 185
   4149 186
   4248 187
   4166 188
   4101 189
   4089 190
   3962 191
   4018 192
   3998 193
   3985 194
   3954 195
   3913 196
   3708 197
   3743 198
   3830 199
   3735 200
   3627 201
   3812 202
   3700 203
   3685 204
   3559 205
   3483 206
   3481 207
   3539 208
   3589 209
   3540 210
   3458 211
   3470 212
   3367 213
   3364 214
   3150 215
   3323 216
   3299 217
   3270 218
   3317 219
   3342 220
   3160 221
   3114 222
   3030 223
   3002 224
   3074 225
   2985 226
   2925 227
   2994 228
   3038 229
   3075 230
   3090 231
   3018 232
   2947 233
   2998 234
   3003 235
   2960 236
   3067 237
   2995 238
   2956 239
   3000 240
   2984 241
   2884 242
   2851 243
   2911 244
   2949 245
   2839 246
   2843 247
   2835 248
   2927 249
   2764 250
   2733 251
   2653 252
   2680 253
   2559 254
   2614 255
   2522 256
   2553 257
   2492 258
   2598 259
   2497 260
   2524 261
   2454 262
   2474 263
   2431 264
   2539 265
   2407 266
   2367 267
   2516 268
   2350 269
   2378 270
   2305 271
   2262 272
   2172 273
   2293 274
   2312 275
   2292 276
   2228 277
   2209 278
   2139 279
   2184 280
   2156 281
   2138 282
   2162 283
   2093 284
   2070 285
   2004 286
   2037 287
   1985 288
   1913 289
   1942 290
   1867 291
   1881 292
   1985 293
   1953 294
   1872 295
   1922 296
   1910 297
   1952 298
   1901 299
   1781 300
   1767 301
   1735 302
   1838 303
   1786 304
   1739 305
   1775 306
   1768 307
   1738 308
   1809 309
   1830 310
   1811 311
   1749 312
   1787 313
   1755 314
   1740 315
   1697 316
   1721 317
   1693 318
   1702 319
   1650 320
   1702 321
   1624 322
   1556 323
   1554 324
   1554 325
   1613 326
   1596 327
   1510 328
   1529 329
   1550 330
   1632 331
   1587 332
   1515 333
   1427 334
   1448 335
   1471 336
   1458 337
   1483 338
   1435 339
   1521 340
   1425 341
   1474 342
   1354 343
   1449 344
   1321 345
   1387 346
   1363 347
   1366 348
   1342 349
   1336 350
   1393 351
   1373 352
   1334 353
   1339 354
   1366 355
   1359 356
   1355 357
   1356 358
   1336 359
   1300 360
   1348 361
   1315 362
   1369 363
   1370 364
   1330 365
   1357 366
   1270 367
   1333 368
   1269 369
   1337 370
   1317 371
   1287 372
   1284 373
   1249 374
   1286 375
   1267 376
   1247 377
   1354 378
   1200 379
   1154 380
   1188 381
   1196 382
   1097 383
   1114 384
   1145 385
   1191 386
   1156 387
   1084 388
   1040 389
   1108 390
   1115 391
   1056 392
   1108 393
   1041 394
   1089 395
   1115 396
   1039 397
   1035 398
   1008 399
   1066 400
   1063 401
   1034 402
   1073 403
   1053 404
    953 405
   1038 406
   1050 407
   1030 408
   1022 409
    963 410
   1017 411
    983 412
    971 413
   1016 414
    947 415
    993 416
   1021 417
   1011 418
    954 419
   1014 420
   1019 421
    994 422
   1032 423
    968 424
    960 425
    937 426
    968 427
    931 428
    917 429
    944 430
    966 431
    939 432
    936 433
    962 434
    903 435
    929 436
    937 437
    906 438
    950 439
    946 440
    886 441
    886 442
    902 443
    878 444
    867 445
    927 446
    850 447
    825 448
    785 449
    854 450
    814 451
    797 452
    822 453
    752 454
    897 455
    855 456
    769 457
    814 458
    837 459
    818 460
    839 461
    775 462
    768 463
    756 464
    831 465
    807 466
    793 467
    839 468
    770 469
    767 470
    815 471
    762 472
    769 473
    760 474
    715 475
    795 476
    750 477
    769 478
    770 479
    767 480
    786 481
    699 482
    754 483
    765 484
    751 485
    736 486
    745 487
    758 488
    731 489
    700 490
    753 491
    786 492
    738 493
    720 494
    747 495
    683 496
    724 497
    741 498
    696 499
    732 500
    736 501
    709 502
    707 503
    725 504
    693 505
    721 506
    691 507
    700 508
    678 509
    666 510
    751 511
    696 512
    668 513
    653 514
    689 515
    738 516
    724 517
    718 518
    700 519
    651 520
    684 521
    628 522
    660 523
    689 524
    689 525
    661 526
    664 527
    669 528
    639 529
    671 530
    609 531
    633 532
    598 533
    615 534
    556 535
    562 536
    605 537
    637 538
    603 539
    654 540
    581 541
    631 542
    596 543
    593 544
    595 545
    563 546
    616 547
    613 548
    556 549
    599 550
    618 551
    609 552
    638 553
    592 554
    612 555
    532 556
    553 557
    597 558
    575 559
    568 560
    562 561
    543 562
    572 563
    596 564
    542 565
    588 566
    571 567
    593 568
    619 569
    559 570
    577 571
    541 572
    541 573
    548 574
    536 575
    538 576
    585 577
    528 578
    558 579
    549 580
    562 581
    605 582
    555 583
    571 584
    556 585
    595 586
    570 587
    588 588
    584 589
    597 590
    574 591
    572 592
    562 593
    554 594
    540 595
    546 596
    541 597
    517 598
    514 599
    548 600
    485 601
    567 602
    518 603
    502 604
    531 605
    501 606
    493 607
    511 608
    486 609
    503 610
    543 611
    551 612
    542 613
    536 614
    495 615
    518 616
    515 617
    500 618
    476 619
    524 620
    496 621
    496 622
    540 623
    515 624
    522 625
    487 626
    516 627
    526 628
    495 629
    478 630
    466 631
    453 632
    448 633
    436 634
    436 635
    428 636
    486 637
    455 638
    433 639
    469 640
    469 641
    504 642
    484 643
    474 644
    520 645
    457 646
    473 647
    507 648
    447 649
    401 650
    468 651
    401 652
    411 653
    435 654
    431 655
    421 656
    437 657
    446 658
    435 659
    478 660
    425 661
    422 662
    466 663
    451 664
    403 665
    438 666
    430 667
    421 668
    425 669
    400 670
    361 671
    414 672
    436 673
    401 674
    405 675
    430 676
    358 677
    409 678
    415 679
    396 680
    396 681
    377 682
    414 683
    426 684
    413 685
    410 686
    410 687
    373 688
    413 689
    375 690
    411 691
    436 692
    415 693
    429 694
    371 695
    455 696
    406 697
    401 698
    402 699
    430 700
    378 701
    456 702
    427 703
    411 704
    382 705
    406 706
    382 707
    377 708
    379 709
    413 710
    394 711
    363 712
    384 713
    388 714
    396 715
    391 716
    398 717
    382 718
    405 719
    338 720
    407 721
    429 722
    403 723
    374 724
    377 725
    381 726
    400 727
    376 728
    360 729
    366 730
    374 731
    352 732
    358 733
    351 734
    357 735
    338 736
    351 737
    342 738
    329 739
    363 740
    346 741
    342 742
    367 743
    321 744
    316 745
    339 746
    312 747
    349 748
    351 749
    350 750
    324 751
    353 752
    279 753
    337 754
    331 755
    316 756
    294 757
    334 758
    326 759
    361 760
    333 761
    347 762
    332 763
    311 764
    314 765
    335 766
    352 767
    329 768
    337 769
    305 770
    296 771
    325 772
    333 773
    366 774
    346 775
    313 776
    297 777
    337 778
    346 779
    384 780
    316 781
    351 782
    318 783
    305 784
    337 785
    322 786
    333 787
    340 788
    334 789
    303 790
    331 791
    331 792
    360 793
    322 794
    302 795
    352 796
    314 797
    311 798
    317 799
    326 800
    315 801
    320 802
    286 803
    317 804
    292 805
    331 806
    286 807
    319 808
    317 809
    332 810
    310 811
    305 812
    273 813
    305 814
    287 815
    261 816
    283 817
    269 818
    278 819
    272 820
    315 821
    249 822
    256 823
    282 824
    251 825
    255 826
    248 827
    273 828
    229 829
    271 830
    274 831
    249 832
    227 833
    256 834
    243 835
    273 836
    265 837
    210 838
    264 839
    226 840
    227 841
    247 842
    226 843
    255 844
    243 845
    248 846
    255 847
    225 848
    267 849
    244 850
    277 851
    254 852
    225 853
    247 854
    215 855
    248 856
    290 857
    244 858
    272 859
    258 860
    262 861
    203 862
    250 863
    272 864
    252 865
    246 866
    245 867
    221 868
    204 869
    224 870
    226 871
    244 872
    220 873
    214 874
    190 875
    209 876
    252 877
    254 878
    194 879
    237 880
    246 881
    242 882
    217 883
    230 884
    201 885
    242 886
    211 887
    236 888
    203 889
    241 890
    210 891
    200 892
    223 893
    215 894
    216 895
    242 896
    216 897
    202 898
    226 899
    230 900
    215 901
    242 902
    205 903
    221 904
    201 905
    218 906
    202 907
    220 908
    201 909
    236 910
    233 911
    246 912
    228 913
    226 914
    187 915
    193 916
    197 917
    215 918
    219 919
    227 920
    198 921
    213 922
    231 923
    242 924
    226 925
    197 926
    245 927
    194 928
    221 929
    198 930
    203 931
    211 932
    221 933
    207 934
    220 935
    222 936
    194 937
    206 938
    222 939
    207 940
    196 941
    211 942
    209 943
    216 944
    189 945
    213 946
    219 947
    212 948
    201 949
    194 950
    237 951
    205 952
    245 953
    207 954
    207 955
    217 956
    230 957
    234 958
    196 959
    188 960
    229 961
    223 962
    197 963
    198 964
    215 965
    206 966
    205 967
    244 968
    216 969
    196 970
    214 971
    190 972
    197 973
    211 974
    208 975
    181 976
    211 977
    209 978
    172 979
    171 980
    177 981
    214 982
    193 983
    201 984
    185 985
    206 986
    219 987
    206 988
    187 989
    200 990
    168 991
    189 992
    188 993
    196 994
    189 995
    201 996
    163 997
    217 998
    181 999
    172 1000
    180 1001
    182 1002
    178 1003
    203 1004
    180 1005
    209 1006
    209 1007
    179 1008
    191 1009
    202 1010
    194 1011
    161 1012
    185 1013
    210 1014
    206 1015
    183 1016
    168 1017
    227 1018
    186 1019
    184 1020
    172 1021
    184 1022
    155 1023
    195 1024
    182 1025
    183 1026
    196 1027
    207 1028
    189 1029
    177 1030
    182 1031
    178 1032
    210 1033
    206 1034
    200 1035
    177 1036
    183 1037
    213 1038
    191 1039
    194 1040
    174 1041
    175 1042
    178 1043
    165 1044
    190 1045
    185 1046
    218 1047
    167 1048
    195 1049
    182 1050
    200 1051
    176 1052
    177 1053
    206 1054
    190 1055
    192 1056
    203 1057
    211 1058
    185 1059
    171 1060
    167 1061
    201 1062
    184 1063
    207 1064
    216 1065
    189 1066
    191 1067
    194 1068
    231 1069
    203 1070
    204 1071
    174 1072
    183 1073
    189 1074
    199 1075
    189 1076
    191 1077
    230 1078
    207 1079
    192 1080
    171 1081
    202 1082
    172 1083
    187 1084
    171 1085
    187 1086
    195 1087
    208 1088
    176 1089
    164 1090
    160 1091
    168 1092
    184 1093
    176 1094
    167 1095
    195 1096
    190 1097
    165 1098
    205 1099
    192 1100
    174 1101
    199 1102
    185 1103
    179 1104
    199 1105
    151 1106
    169 1107
    162 1108
    173 1109
    167 1110
    208 1111
    179 1112
    186 1113
    163 1114
    178 1115
    181 1116
    167 1117
    164 1118
    201 1119
    191 1120
    173 1121
    192 1122
    174 1123
    186 1124
    177 1125
    185 1126
    157 1127
    165 1128
    164 1129
    192 1130
    164 1131
    149 1132
    176 1133
    150 1134
    170 1135
    166 1136
    150 1137
    159 1138
    199 1139
    167 1140
    159 1141
    176 1142
    176 1143
    174 1144
    146 1145
    159 1146
    157 1147
    167 1148
    175 1149
    171 1150
    194 1151
    178 1152
    179 1153
    184 1154
    154 1155
    162 1156
    174 1157
    182 1158
    162 1159
    164 1160
    187 1161
    153 1162
    154 1163
    144 1164
    187 1165
    187 1166
    169 1167
    171 1168
    182 1169
    162 1170
    155 1171
    185 1172
    183 1173
    163 1174
    172 1175
    185 1176
    177 1177
    202 1178
    191 1179
    197 1180
    191 1181
    171 1182
    203 1183
    213 1184
    199 1185
    190 1186
    183 1187
    175 1188
    202 1189
    178 1190
    174 1191
    183 1192
    191 1193
    204 1194
    176 1195
    192 1196
    195 1197
    186 1198
    177 1199
    190 1200
    168 1201
    159 1202
    182 1203
    210 1204
    185 1205
    177 1206
    160 1207
    195 1208
    169 1209
    156 1210
    171 1211
    153 1212
    178 1213
    196 1214
    193 1215
    175 1216
    165 1217
    150 1218
    186 1219
    206 1220
    173 1221
    166 1222
    161 1223
    169 1224
    178 1225
    169 1226
    173 1227
    166 1228
    155 1229
    192 1230
    175 1231
    199 1232
    183 1233
    153 1234
    159 1235
    183 1236
    187 1237
    180 1238
    175 1239
    171 1240
    185 1241
    192 1242
    173 1243
    161 1244
    186 1245
    197 1246
    165 1247
    168 1248
    183 1249
    160 1250
    173 1251
    179 1252
    147 1253
    176 1254
    180 1255
    170 1256
    180 1257
    164 1258
    165 1259
    159 1260
    185 1261
    174 1262
    174 1263
    165 1264
    183 1265
    180 1266
    188 1267
    147 1268
    164 1269
    176 1270
    195 1271
    185 1272
    179 1273
    171 1274
    171 1275
    164 1276
    189 1277
    163 1278
    163 1279
    163 1280
    177 1281
    182 1282
    167 1283
    193 1284
    182 1285
    155 1286
    158 1287
    158 1288
    147 1289
    146 1290
    162 1291
    163 1292
    148 1293
    130 1294
    175 1295
    159 1296
    149 1297
    174 1298
    160 1299
    160 1300
    130 1301
    144 1302
    155 1303
    188 1304
    168 1305
    168 1306
    173 1307
    156 1308
    140 1309
    153 1310
    153 1311
    173 1312
    162 1313
    159 1314
    155 1315
    134 1316
    149 1317
    151 1318
    150 1319
    161 1320
    124 1321
    166 1322
    140 1323
    175 1324
    170 1325
    155 1326
    158 1327
    149 1328
    163 1329
    170 1330
    165 1331
    168 1332
    151 1333
    167 1334
    152 1335
    169 1336
    154 1337
    179 1338
    142 1339
    169 1340
    169 1341
    155 1342
    143 1343
    165 1344
    165 1345
    173 1346
    167 1347
    152 1348
    145 1349
    159 1350
    164 1351
    155 1352
    181 1353
    144 1354
    163 1355
    194 1356
    163 1357
    192 1358
    148 1359
    171 1360
    174 1361
    145 1362
    166 1363
    185 1364
    174 1365
    178 1366
    176 1367
    198 1368
    180 1369
    169 1370
    165 1371
    173 1372
    178 1373
    159 1374
    155 1375
    169 1376
    187 1377
    164 1378
    195 1379
    157 1380
    180 1381
    158 1382
    172 1383
    154 1384
    169 1385
    164 1386
    143 1387
    173 1388
    154 1389
    159 1390
    154 1391
    145 1392
    162 1393
    185 1394
    147 1395
    162 1396
    180 1397
    170 1398
    160 1399
    176 1400
    155 1401
    137 1402
    165 1403
    170 1404
    156 1405
    149 1406
    156 1407
    145 1408
    145 1409
    153 1410
    146 1411
    169 1412
    142 1413
    129 1414
    151 1415
    144 1416
    149 1417
    145 1418
    149 1419
    137 1420
    145 1421
    133 1422
    139 1423
    163 1424
    162 1425
    150 1426
    131 1427
    141 1428
    164 1429
    167 1430
    145 1431
    140 1432
    150 1433
    152 1434
    154 1435
    157 1436
    118 1437
    152 1438
    156 1439
    122 1440
    147 1441
    135 1442
    132 1443
    136 1444
    141 1445
    125 1446
    133 1447
    113 1448
    112 1449
    139 1450
    136 1451
    139 1452
    122 1453
    121 1454
    146 1455
    143 1456
    128 1457
    126 1458
    125 1459
    147 1460
    145 1461
    125 1462
    155 1463
    125 1464
    138 1465
    110 1466
    143 1467
    113 1468
    132 1469
    129 1470
    118 1471
    144 1472
    113 1473
    129 1474
    128 1475
    114 1476
    148 1477
    148 1478
    132 1479
    109 1480
    143 1481
    130 1482
    108 1483
    135 1484
    113 1485
    136 1486
    155 1487
    137 1488
    119 1489
    135 1490
    135 1491
    122 1492
    148 1493
    127 1494
    108 1495
    139 1496
    135 1497
    141 1498
    122 1499
    117 1500
    123 1501
    128 1502
    141 1503
    111 1504
    115 1505
    110 1506
    104 1507
    106 1508
    119 1509
    107 1510
    113 1511
    128 1512
    121 1513
    108 1514
    127 1515
    107 1516
    124 1517
    114 1518
    110 1519
    111 1520
     95 1521
    121 1522
    139 1523
    112 1524
    143 1525
    127 1526
    114 1527
    120 1528
    108 1529
    104 1530
    123 1531
    134 1532
    123 1533
    123 1534
    114 1535
    124 1536
    130 1537
    112 1538
    135 1539
     93 1540
    109 1541
    114 1542
    117 1543
     98 1544
    140 1545
    117 1546
    133 1547
    105 1548
     99 1549
    127 1550
    115 1551
     98 1552
    115 1553
    106 1554
    109 1555
    131 1556
    121 1557
    112 1558
    122 1559
    107 1560
    109 1561
    107 1562
    140 1563
    130 1564
    121 1565
     98 1566
    111 1567
     83 1568
    106 1569
     99 1570
     92 1571
    111 1572
    111 1573
    111 1574
    118 1575
    125 1576
    114 1577
    104 1578
    126 1579
    107 1580
     97 1581
    108 1582
    106 1583
     94 1584
    115 1585
    101 1586
     88 1587
     97 1588
    102 1589
    101 1590
    100 1591
    119 1592
    104 1593
    109 1594
     88 1595
     93 1596
     96 1597
     85 1598
    109 1599
     98 1600
    111 1601
    102 1602
    101 1603
     95 1604
    100 1605
     90 1606
     80 1607
     99 1608
     88 1609
     92 1610
     99 1611
     99 1612
     95 1613
     96 1614
     96 1615
     89 1616
     97 1617
     85 1618
     87 1619
     99 1620
    100 1621
     76 1622
     89 1623
    101 1624
     93 1625
     98 1626
     98 1627
     86 1628
     77 1629
     99 1630
     94 1631
     86 1632
    113 1633
     84 1634
     72 1635
     89 1636
    104 1637
    106 1638
     72 1639
    100 1640
     91 1641
     84 1642
     94 1643
     83 1644
     85 1645
     89 1646
    102 1647
     99 1648
    105 1649
     99 1650
     69 1651
    109 1652
    109 1653
    107 1654
    115 1655
    113 1656
    102 1657
    120 1658
    118 1659
     93 1660
     93 1661
     99 1662
     74 1663
     84 1664
     96 1665
    106 1666
     95 1667
     87 1668
     99 1669
    100 1670
    110 1671
     82 1672
    100 1673
     97 1674
     93 1675
     93 1676
     86 1677
     68 1678
     85 1679
     93 1680
    125 1681
    111 1682
     93 1683
     82 1684
     82 1685
    102 1686
     81 1687
     85 1688
     98 1689
     96 1690
    103 1691
     99 1692
     97 1693
    109 1694
     81 1695
     93 1696
     92 1697
     89 1698
     89 1699
     82 1700
     71 1701
     74 1702
     89 1703
     88 1704
     81 1705
     94 1706
     94 1707
     73 1708
     82 1709
     96 1710
     93 1711
     81 1712
     84 1713
     73 1714
     93 1715
     88 1716
     87 1717
     78 1718
     88 1719
     76 1720
     91 1721
     88 1722
     81 1723
     85 1724
     81 1725
     88 1726
     83 1727
    100 1728
     80 1729
    101 1730
     75 1731
     78 1732
     94 1733
    101 1734
     98 1735
     69 1736
     96 1737
     88 1738
     99 1739
     85 1740
     76 1741
    101 1742
     94 1743
     94 1744
     74 1745
     86 1746
     81 1747
     88 1748
     92 1749
     96 1750
    103 1751
     63 1752
     98 1753
     89 1754
     78 1755
    105 1756
     95 1757
     79 1758
     83 1759
     90 1760
     86 1761
     98 1762
     83 1763
     82 1764
     94 1765
     91 1766
    109 1767
     82 1768
     78 1769
     80 1770
     70 1771
     75 1772
     94 1773
     84 1774
     76 1775
     78 1776
     81 1777
     98 1778
     89 1779
     92 1780
     87 1781
     89 1782
     74 1783
     84 1784
     78 1785
     72 1786
     74 1787
     78 1788
     81 1789
     91 1790
     83 1791
     88 1792
     72 1793
     83 1794
     81 1795
     75 1796
     86 1797
     79 1798
     68 1799
     73 1800
     88 1801
     55 1802
     88 1803
     80 1804
     73 1805
     82 1806
     79 1807
     87 1808
     66 1809
     65 1810
     72 1811
     84 1812
     70 1813
     85 1814
     76 1815
     84 1816
     83 1817
     70 1818
     65 1819
     65 1820
     64 1821
     82 1822
     96 1823
     68 1824
     82 1825
     75 1826
     70 1827
     79 1828
     86 1829
     88 1830
     70 1831
     68 1832
     84 1833
     77 1834
     75 1835
     79 1836
     83 1837
     87 1838
     77 1839
     79 1840
     90 1841
     77 1842
     74 1843
     79 1844
     76 1845
     57 1846
     91 1847
     73 1848
     57 1849
     77 1850
     69 1851
     80 1852
     82 1853
     51 1854
     80 1855
     57 1856
     72 1857
     72 1858
     73 1859
     70 1860
     69 1861
     70 1862
     69 1863
     80 1864
     76 1865
     75 1866
     77 1867
     80 1868
     70 1869
     65 1870
     67 1871
     78 1872
     76 1873
     76 1874
     77 1875
     61 1876
     54 1877
     63 1878
     69 1879
     56 1880
     71 1881
     64 1882
     59 1883
     59 1884
     67 1885
     72 1886
     50 1887
     69 1888
     61 1889
     58 1890
     54 1891
     59 1892
     75 1893
     68 1894
     62 1895
     52 1896
     50 1897
     71 1898
     56 1899
     68 1900
     56 1901
     51 1902
     57 1903
     65 1904
     55 1905
     71 1906
     61 1907
     66 1908
     76 1909
     56 1910
     73 1911
     61 1912
     67 1913
     59 1914
     62 1915
     64 1916
     53 1917
     58 1918
     62 1919
     61 1920
     63 1921
     72 1922
     62 1923
     68 1924
     60 1925
     59 1926
     66 1927
     57 1928
     61 1929
     50 1930
     55 1931
     47 1932
     69 1933
     74 1934
     51 1935
     66 1936
     81 1937
     74 1938
     90 1939
     65 1940
     70 1941
     67 1942
     70 1943
     50 1944
     68 1945
     61 1946
     56 1947
     66 1948
     52 1949
     61 1950
     69 1951
     75 1952
     51 1953
     66 1954
     60 1955
     61 1956
     55 1957
     69 1958
     57 1959
     60 1960
     51 1961
     77 1962
     69 1963
     64 1964
     63 1965
     55 1966
     70 1967
     69 1968
     57 1969
     59 1970
     73 1971
     51 1972
     78 1973
     76 1974
     50 1975
     50 1976
     56 1977
     70 1978
     63 1979
     57 1980
     64 1981
     52 1982
     62 1983
     60 1984
     58 1985
     60 1986
     64 1987
     62 1988
     56 1989
     64 1990
     59 1991
     71 1992
     69 1993
     64 1994
     69 1995
     67 1996
     47 1997
     74 1998
     48 1999
     35 2000
     60 2001
     48 2002
     51 2003
     58 2004
     54 2005
     62 2006
     41 2007
     66 2008
     44 2009
     74 2010
     55 2011
     51 2012
     46 2013
     50 2014
     55 2015
     62 2016
     67 2017
     56 2018
     58 2019
     57 2020
     50 2021
     41 2022
     67 2023
     60 2024
     62 2025
     58 2026
     56 2027
     46 2028
     58 2029
     60 2030
     43 2031
     52 2032
     68 2033
     50 2034
     67 2035
     60 2036
     41 2037
     57 2038
     55 2039
     47 2040
     69 2041
     67 2042
     58 2043
     59 2044
     63 2045
     61 2046
     52 2047
     53 2048
     47 2049
     55 2050
     54 2051
     52 2052
     44 2053
     57 2054
     52 2055
     54 2056
     57 2057
     53 2058
     52 2059
     47 2060
     47 2061
     54 2062
     35 2063
     50 2064
     47 2065
     48 2066
     43 2067
     53 2068
     58 2069
     48 2070
     68 2071
     52 2072
     61 2073
     46 2074
     61 2075
     46 2076
     62 2077
     54 2078
     44 2079
     52 2080
     54 2081
     54 2082
     55 2083
     46 2084
     61 2085
     68 2086
     44 2087
     40 2088
     43 2089
     49 2090
     49 2091
     50 2092
     39 2093
     43 2094
     56 2095
     49 2096
     40 2097
     68 2098
     43 2099
     49 2100
     59 2101
     63 2102
     48 2103
     38 2104
     47 2105
     50 2106
     51 2107
     46 2108
     46 2109
     47 2110
     48 2111
     40 2112
     54 2113
     54 2114
     60 2115
     51 2116
     53 2117
     38 2118
     52 2119
     58 2120
     56 2121
     57 2122
     59 2123
     42 2124
     44 2125
     55 2126
     54 2127
     48 2128
     45 2129
     44 2130
     50 2131
     50 2132
     55 2133
     42 2134
     54 2135
     60 2136
     49 2137
     42 2138
     45 2139
     51 2140
     51 2141
     43 2142
     51 2143
     52 2144
     49 2145
     45 2146
     58 2147
     46 2148
     38 2149
     39 2150
     44 2151
     37 2152
     51 2153
     56 2154
     44 2155
     52 2156
     45 2157
     61 2158
     57 2159
     43 2160
     60 2161
     41 2162
     38 2163
     49 2164
     48 2165
     51 2166
     47 2167
     44 2168
     53 2169
     46 2170
     46 2171
     47 2172
     57 2173
     42 2174
     52 2175
     39 2176
     57 2177
     47 2178
     55 2179
     53 2180
     35 2181
     41 2182
     51 2183
     52 2184
     58 2185
     37 2186
     34 2187
     39 2188
     55 2189
     59 2190
     52 2191
     64 2192
     51 2193
     68 2194
     54 2195
     55 2196
     41 2197
     43 2198
     56 2199
     55 2200
     45 2201
     47 2202
     36 2203
     40 2204
     57 2205
     42 2206
     52 2207
     53 2208
     40 2209
     64 2210
     39 2211
     57 2212
     54 2213
     47 2214
     42 2215
     50 2216
     54 2217
     50 2218
     58 2219
     42 2220
     58 2221
     46 2222
     42 2223
     40 2224
     33 2225
     54 2226
     37 2227
     53 2228
     48 2229
     44 2230
     49 2231
     47 2232
     43 2233
     43 2234
     42 2235
     39 2236
     53 2237
     59 2238
     51 2239
     52 2240
     43 2241
     55 2242
     51 2243
     55 2244
     53 2245
     58 2246
     53 2247
     41 2248
     49 2249
     51 2250
     39 2251
     40 2252
     48 2253
     45 2254
     50 2255
     52 2256
     47 2257
     58 2258
     62 2259
     44 2260
     41 2261
     51 2262
     54 2263
     48 2264
     41 2265
     42 2266
     44 2267
     47 2268
     61 2269
     48 2270
     54 2271
     54 2272
     53 2273
     52 2274
     37 2275
     50 2276
     43 2277
     55 2278
     57 2279
     56 2280
     60 2281
     51 2282
     57 2283
     49 2284
     64 2285
     61 2286
     63 2287
     55 2288
     55 2289
     63 2290
     47 2291
     54 2292
     40 2293
     55 2294
     58 2295
     47 2296
     47 2297
     41 2298
     45 2299
     41 2300
     57 2301
     41 2302
     40 2303
     35 2304
     52 2305
     51 2306
     52 2307
     56 2308
     46 2309
     44 2310
     45 2311
     38 2312
     48 2313
     56 2314
     58 2315
     51 2316
     46 2317
     53 2318
     58 2319
     52 2320
     58 2321
     55 2322
     45 2323
     51 2324
     48 2325
     50 2326
     50 2327
     41 2328
     60 2329
     50 2330
     35 2331
     47 2332
     40 2333
     40 2334
     40 2335
     49 2336
     42 2337
     51 2338
     51 2339
     39 2340
     52 2341
     49 2342
     40 2343
     48 2344
     47 2345
     50 2346
     35 2347
     49 2348
     43 2349
     45 2350
     38 2351
     53 2352
     43 2353
     30 2354
     49 2355
     51 2356
     43 2357
     41 2358
     43 2359
     43 2360
     44 2361
     34 2362
     46 2363
     44 2364
     42 2365
     34 2366
     35 2367
     36 2368
     44 2369
     46 2370
     45 2371
     38 2372
     53 2373
     37 2374
     38 2375
     34 2376
     35 2377
     35 2378
     40 2379
     41 2380
     44 2381
     41 2382
     39 2383
     44 2384
     51 2385
     55 2386
     41 2387
     40 2388
     42 2389
     50 2390
     52 2391
     36 2392
     41 2393
     46 2394
     37 2395
     46 2396
     50 2397
     35 2398
     48 2399
     45 2400
     50 2401
     38 2402
     50 2403
     35 2404
     43 2405
     46 2406
     40 2407
     35 2408
     41 2409
     42 2410
     35 2411
     45 2412
     45 2413
     40 2414
     42 2415
     46 2416
     37 2417
     52 2418
     37 2419
     48 2420
     46 2421
     43 2422
     44 2423
     45 2424
     39 2425
     42 2426
     37 2427
     41 2428
     48 2429
     36 2430
     38 2431
     39 2432
     45 2433
     40 2434
     36 2435
     32 2436
     43 2437
     39 2438
     40 2439
     43 2440
     49 2441
     49 2442
     46 2443
     44 2444
     32 2445
     35 2446
     35 2447
     46 2448
     37 2449
     48 2450
     33 2451
     36 2452
     40 2453
     43 2454
     39 2455
     53 2456
     43 2457
     32 2458
     40 2459
     47 2460
     42 2461
     26 2462
     34 2463
     36 2464
     32 2465
     35 2466
     33 2467
     46 2468
     37 2469
     36 2470
     27 2471
     35 2472
     44 2473
     36 2474
     32 2475
     36 2476
     34 2477
     44 2478
     45 2479
     47 2480
     38 2481
     23 2482
     36 2483
     33 2484
     35 2485
     38 2486
     33 2487
     32 2488
     50 2489
     34 2490
     26 2491
     31 2492
     34 2493
     36 2494
     47 2495
     31 2496
     34 2497
     38 2498
     36 2499
     42 2500
     36 2501
     38 2502
     28 2503
     39 2504
     41 2505
     33 2506
     43 2507
     35 2508
     44 2509
     33 2510
     33 2511
     31 2512
     29 2513
     38 2514
     37 2515
     33 2516
     33 2517
     39 2518
     28 2519
     53 2520
     31 2521
     28 2522
     35 2523
     45 2524
     40 2525
     39 2526
     32 2527
     33 2528
     33 2529
     38 2530
     43 2531
     34 2532
     38 2533
     55 2534
     37 2535
     41 2536
     37 2537
     43 2538
     37 2539
     43 2540
     48 2541
     34 2542
     32 2543
     42 2544
     40 2545
     42 2546
     44 2547
     45 2548
     36 2549
     38 2550
     40 2551
     35 2552
     39 2553
     45 2554
     33 2555
     33 2556
     44 2557
     38 2558
     33 2559
     32 2560
     31 2561
     36 2562
     37 2563
     45 2564
     34 2565
     28 2566
     31 2567
     28 2568
     27 2569
     35 2570
     30 2571
     34 2572
     42 2573
     28 2574
     43 2575
     29 2576
     24 2577
     35 2578
     32 2579
     39 2580
     39 2581
     45 2582
     26 2583
     46 2584
     39 2585
     31 2586
     46 2587
     34 2588
     50 2589
     31 2590
     38 2591
     34 2592
     37 2593
     36 2594
     43 2595
     28 2596
     28 2597
     30 2598
     29 2599
     37 2600
     37 2601
     38 2602
     34 2603
     41 2604
     33 2605
     36 2606
     28 2607
     29 2608
     37 2609
     35 2610
     27 2611
     34 2612
     43 2613
     21 2614
     33 2615
     37 2616
     41 2617
     39 2618
     45 2619
     50 2620
     35 2621
     33 2622
     33 2623
     34 2624
     39 2625
     49 2626
     34 2627
     29 2628
     28 2629
     22 2630
     37 2631
     33 2632
     39 2633
     26 2634
     33 2635
     25 2636
     23 2637
     30 2638
     34 2639
     30 2640
     30 2641
     21 2642
     37 2643
     38 2644
     38 2645
     39 2646
     38 2647
     31 2648
     32 2649
     29 2650
     48 2651
     39 2652
     43 2653
     31 2654
     38 2655
     40 2656
     29 2657
     41 2658
     39 2659
     40 2660
     37 2661
     32 2662
     40 2663
     26 2664
     44 2665
     42 2666
     32 2667
     43 2668
     36 2669
     31 2670
     35 2671
     32 2672
     28 2673
     37 2674
     23 2675
     37 2676
     34 2677
     35 2678
     37 2679
     31 2680
     40 2681
     24 2682
     27 2683
     39 2684
     28 2685
     36 2686
     26 2687
     37 2688
     19 2689
     39 2690
     27 2691
     25 2692
     31 2693
     37 2694
     33 2695
     27 2696
     31 2697
     26 2698
     27 2699
     39 2700
     41 2701
     41 2702
     37 2703
     37 2704
     37 2705
     29 2706
     35 2707
     39 2708
     44 2709
     34 2710
     33 2711
     34 2712
     22 2713
     23 2714
     34 2715
     30 2716
     33 2717
     47 2718
     40 2719
     35 2720
     32 2721
     32 2722
     29 2723
     33 2724
     39 2725
     38 2726
     37 2727
     35 2728
     36 2729
     34 2730
     29 2731
     31 2732
     29 2733
     31 2734
     32 2735
     32 2736
     35 2737
     35 2738
     36 2739
     33 2740
     32 2741
     33 2742
     38 2743
     28 2744
     45 2745
     38 2746
     45 2747
     33 2748
     42 2749
     27 2750
     40 2751
     32 2752
     22 2753
     29 2754
     39 2755
     35 2756
     32 2757
     32 2758
     39 2759
     33 2760
     33 2761
     27 2762
     30 2763
     37 2764
     35 2765
     30 2766
     28 2767
     36 2768
     29 2769
     40 2770
     27 2771
     26 2772
     30 2773
     25 2774
     33 2775
     32 2776
     23 2777
     24 2778
     22 2779
     28 2780
     28 2781
     29 2782
     33 2783
     30 2784
     26 2785
     29 2786
     30 2787
     27 2788
     35 2789
     29 2790
     21 2791
     34 2792
     39 2793
     35 2794
     33 2795
     40 2796
     35 2797
     35 2798
     33 2799
     24 2800
     33 2801
     36 2802
     26 2803
     22 2804
     30 2805
     25 2806
     46 2807
     37 2808
     41 2809
     37 2810
     34 2811
     24 2812
     32 2813
     47 2814
     22 2815
     30 2816
     40 2817
     37 2818
     30 2819
     34 2820
     42 2821
     37 2822
     42 2823
     34 2824
     30 2825
     23 2826
     26 2827
     37 2828
     30 2829
     42 2830
     31 2831
     21 2832
     34 2833
     32 2834
     36 2835
     32 2836
     29 2837
     27 2838
     30 2839
     38 2840
     30 2841
     33 2842
     33 2843
     25 2844
     29 2845
     22 2846
     27 2847
     35 2848
     22 2849
     19 2850
     29 2851
     22 2852
     37 2853
     23 2854
     21 2855
     28 2856
     29 2857
     28 2858
     20 2859
     27 2860
     32 2861
     15 2862
     20 2863
     30 2864
     28 2865
     15 2866
     27 2867
     28 2868
     21 2869
     43 2870
     22 2871
     25 2872
     26 2873
     28 2874
     24 2875
     20 2876
     28 2877
     24 2878
     22 2879
     18 2880
     23 2881
     27 2882
     23 2883
     27 2884
     24 2885
     26 2886
     18 2887
     21 2888
     20 2889
     29 2890
     29 2891
     23 2892
     25 2893
     23 2894
     24 2895
     25 2896
     30 2897
     20 2898
     32 2899
     32 2900
     24 2901
     22 2902
     39 2903
     30 2904
     19 2905
     24 2906
     31 2907
     22 2908
     40 2909
     26 2910
     42 2911
     26 2912
     27 2913
     26 2914
     29 2915
     22 2916
     41 2917
     30 2918
     31 2919
     32 2920
     34 2921
     29 2922
     19 2923
     20 2924
     26 2925
     24 2926
     23 2927
     26 2928
     29 2929
     26 2930
     26 2931
     21 2932
     20 2933
     27 2934
     19 2935
     23 2936
     26 2937
     27 2938
     24 2939
     24 2940
     28 2941
     27 2942
     18 2943
     23 2944
     17 2945
     22 2946
     28 2947
     25 2948
     30 2949
     15 2950
     26 2951
     29 2952
     25 2953
     28 2954
     22 2955
     28 2956
     27 2957
     28 2958
     29 2959
     23 2960
     31 2961
     26 2962
     27 2963
     25 2964
     28 2965
     33 2966
     26 2967
     21 2968
     23 2969
     21 2970
     22 2971
     28 2972
     24 2973
     33 2974
     25 2975
     22 2976
     16 2977
     22 2978
     18 2979
     29 2980
     22 2981
     20 2982
     28 2983
     22 2984
     16 2985
     25 2986
     18 2987
     19 2988
     25 2989
     27 2990
     27 2991
     22 2992
     21 2993
     24 2994
     26 2995
     23 2996
     20 2997
     20 2998
     28 2999
     24 3000
     27 3001
     23 3002
     30 3003
     21 3004
     21 3005
     27 3006
     23 3007
     19 3008
     21 3009
     36 3010
     30 3011
     28 3012
     24 3013
     25 3014
     27 3015
     21 3016
     31 3017
     36 3018
     22 3019
     26 3020
     16 3021
     30 3022
     34 3023
     31 3024
     33 3025
     26 3026
     22 3027
     33 3028
     29 3029
     25 3030
     20 3031
     27 3032
     21 3033
     29 3034
     39 3035
     26 3036
     22 3037
     28 3038
     26 3039
     22 3040
     35 3041
     28 3042
     21 3043
     23 3044
     22 3045
     33 3046
     23 3047
     26 3048
     20 3049
     17 3050
     32 3051
     26 3052
     26 3053
     28 3054
     25 3055
     22 3056
     23 3057
     27 3058
     22 3059
     35 3060
     27 3061
     31 3062
     29 3063
     29 3064
     25 3065
     31 3066
     24 3067
     38 3068
     26 3069
     29 3070
     17 3071
     36 3072
     27 3073
     35 3074
     27 3075
     24 3076
     20 3077
     25 3078
     19 3079
     38 3080
     34 3081
     18 3082
     23 3083
     23 3084
     26 3085
     24 3086
     19 3087
     28 3088
     31 3089
     27 3090
     32 3091
     16 3092
     24 3093
     21 3094
     28 3095
     21 3096
     26 3097
     21 3098
     24 3099
     25 3100
     24 3101
     26 3102
     19 3103
     22 3104
     20 3105
     30 3106
     21 3107
     24 3108
     20 3109
     22 3110
     30 3111
     24 3112
     22 3113
     23 3114
     18 3115
     34 3116
     28 3117
     25 3118
     20 3119
     25 3120
     28 3121
     28 3122
     25 3123
     19 3124
     21 3125
     30 3126
     19 3127
     23 3128
     26 3129
     22 3130
     22 3131
     26 3132
     28 3133
     26 3134
     16 3135
     28 3136
     22 3137
     18 3138
     34 3139
     22 3140
     33 3141
     23 3142
     17 3143
     24 3144
     23 3145
     25 3146
     35 3147
     22 3148
     31 3149
     21 3150
     24 3151
     26 3152
     25 3153
     18 3154
     24 3155
     28 3156
     37 3157
     13 3158
     24 3159
     22 3160
     26 3161
     20 3162
     17 3163
     29 3164
     25 3165
     28 3166
     28 3167
     19 3168
     18 3169
     21 3170
     24 3171
     24 3172
     19 3173
     25 3174
     25 3175
     25 3176
     19 3177
     28 3178
     22 3179
     20 3180
     22 3181
     24 3182
     18 3183
     26 3184
     27 3185
     25 3186
     19 3187
     24 3188
     23 3189
     19 3190
     25 3191
     24 3192
     23 3193
     22 3194
     32 3195
     20 3196
     18 3197
     29 3198
     30 3199
     21 3200
     30 3201
     22 3202
     28 3203
     35 3204
     27 3205
     29 3206
     22 3207
     29 3208
     26 3209
     31 3210
     21 3211
     26 3212
     16 3213
     21 3214
     28 3215
     34 3216
     25 3217
     18 3218
     22 3219
     22 3220
     29 3221
     22 3222
     18 3223
     27 3224
     21 3225
     27 3226
     22 3227
     26 3228
     24 3229
     25 3230
     16 3231
     23 3232
     21 3233
     16 3234
     26 3235
     29 3236
     28 3237
     26 3238
     27 3239
     20 3240
     35 3241
     23 3242
     30 3243
     37 3244
     21 3245
     32 3246
     26 3247
     31 3248
     28 3249
     20 3250
     19 3251
     24 3252
     25 3253
     22 3254
     15 3255
     23 3256
     27 3257
     22 3258
     20 3259
     30 3260
     22 3261
     15 3262
     20 3263
     23 3264
     29 3265
     21 3266
     27 3267
     25 3268
     27 3269
     21 3270
     30 3271
     33 3272
     17 3273
     32 3274
     31 3275
     21 3276
     24 3277
     18 3278
     26 3279
     22 3280
     25 3281
     19 3282
     28 3283
     22 3284
     26 3285
     34 3286
     24 3287
     23 3288
     31 3289
     23 3290
     32 3291
     17 3292
     21 3293
     18 3294
     38 3295
     24 3296
     35 3297
     29 3298
     29 3299
     23 3300
     35 3301
     21 3302
     33 3303
     25 3304
     35 3305
     21 3306
     21 3307
     28 3308
     34 3309
     28 3310
     33 3311
     25 3312
     33 3313
     25 3314
     36 3315
     28 3316
     32 3317
     30 3318
     32 3319
     21 3320
     29 3321
     22 3322
     25 3323
     27 3324
     25 3325
     27 3326
     37 3327
     26 3328
     28 3329
     28 3330
     32 3331
     33 3332
     23 3333
     37 3334
     37 3335
     35 3336
     41 3337
     23 3338
     38 3339
     30 3340
     17 3341
     23 3342
     32 3343
     36 3344
     32 3345
     27 3346
     42 3347
     19 3348
     24 3349
     29 3350
     30 3351
     17 3352
     30 3353
     34 3354
     33 3355
     31 3356
     28 3357
     35 3358
     35 3359
     34 3360
     26 3361
     26 3362
     28 3363
     24 3364
     34 3365
     31 3366
     31 3367
     39 3368
     25 3369
     29 3370
     28 3371
     30 3372
     23 3373
     45 3374
     25 3375
     34 3376
     27 3377
     33 3378
     35 3379
     33 3380
     31 3381
     31 3382
     25 3383
     39 3384
     35 3385
     40 3386
     41 3387
     29 3388
     36 3389
     30 3390
     30 3391
     24 3392
     36 3393
     34 3394
     38 3395
     37 3396
     29 3397
     28 3398
     40 3399
     27 3400
     42 3401
     34 3402
     22 3403
     33 3404
     27 3405
     24 3406
     26 3407
     31 3408
     22 3409
     36 3410
     37 3411
     18 3412
     25 3413
     36 3414
     34 3415
     23 3416
     20 3417
     29 3418
     25 3419
     38 3420
     26 3421
     28 3422
     35 3423
     34 3424
     32 3425
     33 3426
     31 3427
     25 3428
     40 3429
     19 3430
     31 3431
     33 3432
     27 3433
     26 3434
     35 3435
     32 3436
     23 3437
     38 3438
     30 3439
     39 3440
     31 3441
     35 3442
     24 3443
     37 3444
     20 3445
     29 3446
     40 3447
     31 3448
     34 3449
     24 3450
     31 3451
     41 3452
     38 3453
     33 3454
     29 3455
     34 3456
     31 3457
     34 3458
     32 3459
     25 3460
     35 3461
     31 3462
     34 3463
     32 3464
     40 3465
     28 3466
     31 3467
     33 3468
     35 3469
     29 3470
     22 3471
     30 3472
     41 3473
     39 3474
     25 3475
     37 3476
     26 3477
     31 3478
     38 3479
     32 3480
     40 3481
     39 3482
     39 3483
     46 3484
     42 3485
     37 3486
     33 3487
     33 3488
     49 3489
     31 3490
     47 3491
     29 3492
     31 3493
     37 3494
     39 3495
     40 3496
     24 3497
     50 3498
     34 3499
     44 3500
     23 3501
     52 3502
     39 3503
     41 3504
     37 3505
     35 3506
     44 3507
     25 3508
     41 3509
     37 3510
     47 3511
     43 3512
     38 3513
     39 3514
     25 3515
     35 3516
     43 3517
     36 3518
     31 3519
     43 3520
     42 3521
     35 3522
     29 3523
     43 3524
     48 3525
     39 3526
     37 3527
     41 3528
     43 3529
     43 3530
     50 3531
     33 3532
     32 3533
     35 3534
     44 3535
     42 3536
     30 3537
     34 3538
     46 3539
     34 3540
     53 3541
     36 3542
     41 3543
     43 3544
     46 3545
     42 3546
     41 3547
     35 3548
     48 3549
     35 3550
     38 3551
     44 3552
     49 3553
     36 3554
     34 3555
     35 3556
     39 3557
     39 3558
     42 3559
     37 3560
     34 3561
     34 3562
     35 3563
     36 3564
     33 3565
     34 3566
     42 3567
     30 3568
     38 3569
     41 3570
     40 3571
     47 3572
     35 3573
     36 3574
     35 3575
     38 3576
     37 3577
     38 3578
     39 3579
     45 3580
     43 3581
     28 3582
     32 3583
     40 3584
     34 3585
     42 3586
     32 3587
     39 3588
     43 3589
     45 3590
     50 3591
     43 3592
     34 3593
     38 3594
     38 3595
     30 3596
     31 3597
     39 3598
     39 3599
     33 3600
     39 3601
     38 3602
     39 3603
     32 3604
     47 3605
     35 3606
     44 3607
     27 3608
     40 3609
     43 3610
     45 3611
     32 3612
     41 3613
     31 3614
     38 3615
     31 3616
     40 3617
     36 3618
     28 3619
     41 3620
     36 3621
     46 3622
     35 3623
     29 3624
     29 3625
     30 3626
     35 3627
     29 3628
     42 3629
     35 3630
     40 3631
     42 3632
     52 3633
     31 3634
     43 3635
     40 3636
     39 3637
     41 3638
     50 3639
     42 3640
     46 3641
     28 3642
     35 3643
     37 3644
     43 3645
     44 3646
     48 3647
     40 3648
     45 3649
     50 3650
     36 3651
     40 3652
     38 3653
     39 3654
     47 3655
     50 3656
     43 3657
     28 3658
     42 3659
     49 3660
     40 3661
     60 3662
     54 3663
     49 3664
     44 3665
     45 3666
     52 3667
     53 3668
     36 3669
     49 3670
     45 3671
     43 3672
     40 3673
     37 3674
     34 3675
     49 3676
     51 3677
     45 3678
     48 3679
     39 3680
     42 3681
     46 3682
     35 3683
     37 3684
     48 3685
     49 3686
     37 3687
     38 3688
     46 3689
     42 3690
     50 3691
     42 3692
     55 3693
     34 3694
     47 3695
     55 3696
     45 3697
     45 3698
     51 3699
     45 3700
     62 3701
     39 3702
     38 3703
     48 3704
     47 3705
     45 3706
     48 3707
     52 3708
     49 3709
     38 3710
     46 3711
     49 3712
     47 3713
     56 3714
     45 3715
     51 3716
     50 3717
     51 3718
     53 3719
     32 3720
     33 3721
     46 3722
     44 3723
     52 3724
     50 3725
     43 3726
     34 3727
     41 3728
     41 3729
     58 3730
     41 3731
     53 3732
     37 3733
     38 3734
     47 3735
     28 3736
     41 3737
     42 3738
     45 3739
     37 3740
     49 3741
     35 3742
     43 3743
     50 3744
     36 3745
     54 3746
     34 3747
     31 3748
     44 3749
     47 3750
     45 3751
     36 3752
     54 3753
     40 3754
     28 3755
     33 3756
     35 3757
     35 3758
     45 3759
     37 3760
     46 3761
     36 3762
     39 3763
     39 3764
     38 3765
     43 3766
     37 3767
     40 3768
     41 3769
     33 3770
     41 3771
     35 3772
     46 3773
     37 3774
     35 3775
     33 3776
     50 3777
     48 3778
     45 3779
     45 3780
     41 3781
     46 3782
     41 3783
     49 3784
     44 3785
     48 3786
     50 3787
     48 3788
     44 3789
     35 3790
     52 3791
     45 3792
     53 3793
     50 3794
     36 3795
     32 3796
     46 3797
     46 3798
     44 3799
     38 3800
     40 3801
     42 3802
     37 3803
     53 3804
     37 3805
     46 3806
     41 3807
     26 3808
     42 3809
     37 3810
     30 3811
     37 3812
     39 3813
     25 3814
     34 3815
     31 3816
     31 3817
     39 3818
     32 3819
     25 3820
     34 3821
     27 3822
     35 3823
     32 3824
     29 3825
     31 3826
     30 3827
     28 3828
     34 3829
     30 3830
     38 3831
     38 3832
     34 3833
     33 3834
     29 3835
     40 3836
     35 3837
     24 3838
     26 3839
     23 3840
     28 3841
     36 3842
     26 3843
     30 3844
     23 3845
     27 3846
     26 3847
     26 3848
     30 3849
     20 3850
     27 3851
     24 3852
     27 3853
     30 3854
     25 3855
     22 3856
     31 3857
     25 3858
     24 3859
     25 3860
     23 3861
     22 3862
     23 3863
     31 3864
     26 3865
     26 3866
     27 3867
     20 3868
     22 3869
     23 3870
     23 3871
     24 3872
     24 3873
     26 3874
     26 3875
     19 3876
     14 3877
     22 3878
     27 3879
     34 3880
     22 3881
     24 3882
     29 3883
     17 3884
     26 3885
     28 3886
     16 3887
     28 3888
     26 3889
     17 3890
     21 3891
     21 3892
     28 3893
     32 3894
     22 3895
     16 3896
     24 3897
     32 3898
     19 3899
     16 3900
     16 3901
     18 3902
     14 3903
     15 3904
     25 3905
     16 3906
     22 3907
     19 3908
     20 3909
     11 3910
     17 3911
     16 3912
     21 3913
     17 3914
     19 3915
     13 3916
     15 3917
     15 3918
     15 3919
     18 3920
     12 3921
     13 3922
     18 3923
     15 3924
     15 3925
     14 3926
     16 3927
      9 3928
     11 3929
     10 3930
      6 3931
     20 3932
     19 3933
     15 3934
     11 3935
     14 3936
     13 3937
     13 3938
     11 3939
      9 3940
     20 3941
      7 3942
     14 3943
      7 3944
     13 3945
     14 3946
     11 3947
     13 3948
     15 3949
      9 3950
     12 3951
     12 3952
      7 3953
      8 3954
     11 3955
      9 3956
     11 3957
      6 3958
     10 3959
     13 3960
      9 3961
      8 3962
     17 3963
     14 3964
     14 3965
     15 3966
     12 3967
      9 3968
     17 3969
     14 3970
     13 3971
     16 3972
     14 3973
     10 3974
     11 3975
      8 3976
     13 3977
     13 3978
      9 3979
     13 3980
     14 3981
     14 3982
     12 3983
     13 3984
     13 3985
     13 3986
      9 3987
      6 3988
     16 3989
     15 3990
     12 3991
     10 3992
     14 3993
      9 3994
     14 3995
     14 3996
     10 3997
      9 3998
     11 3999
     13 4000
     10 4001
     18 4002
     11 4003
     12 4004
      8 4005
     14 4006
      9 4007
     14 4008
     11 4009
      9 4010
      9 4011
      7 4012
     11 4013
      8 4014
     11 4015
     13 4016
     15 4017
     11 4018
     11 4019
      9 4020
     11 4021
      8 4022
      7 4023
     11 4024
      2 4025
      9 4026
      9 4027
     20 4028
     10 4029
     12 4030
     17 4031
      6 4032
      8 4033
     10 4034
     14 4035
      3 4036
     15 4037
     14 4038
     11 4039
     10 4040
      7 4041
      8 4042
      9 4043
      6 4044
      9 4045
      9 4046
     11 4047
     12 4048
      6 4049
     13 4050
     11 4051
      9 4052
     18 4053
      7 4054
     10 4055
     10 4056
      9 4057
      9 4058
      9 4059
     15 4060
      5 4061
     10 4062
     10 4063
     14 4064
      5 4065
     14 4066
      9 4067
      8 4068
      8 4069
      6 4070
     15 4071
     12 4072
     15 4073
      5 4074
      8 4075
     12 4076
     15 4077
     12 4078
      7 4079
     13 4080
      9 4081
      7 4082
      8 4083
     12 4084
      8 4085
      5 4086
     14 4087
      8 4088
     16 4089
     14 4090
      6 4091
      8 4092
      9 4093
      7 4094
     11 4095
      9 4096
     12 4097
      4 4098
     16 4099
      9 4100
      9 4101
      8 4102
     10 4103
      5 4104
     10 4105
     18 4106
     10 4107
      8 4108
     14 4109
      3 4110
     14 4111
      9 4112
      7 4113
      5 4114
      6 4115
      5 4116
      9 4117
      9 4118
      8 4119
     11 4120
      9 4121
     13 4122
     11 4123
      7 4124
     10 4125
     11 4126
      4 4127
      9 4128
     10 4129
      8 4130
      7 4131
      7 4132
      5 4133
     13 4134
     12 4135
     16 4136
     14 4137
      6 4138
     11 4139
      8 4140
     11 4141
      9 4142
      6 4143
     12 4144
      7 4145
     10 4146
     12 4147
      6 4148
     14 4149
     12 4150
      9 4151
     12 4152
      5 4153
      6 4154
     11 4155
      9 4156
     10 4157
     16 4158
     15 4159
     11 4160
     11 4161
      9 4162
      8 4163
     10 4164
     15 4165
      9 4166
      9 4167
     12 4168
      9 4169
      7 4170
      5 4171
      9 4172
     16 4173
      7 4174
      7 4175
      5 4176
      7 4177
     10 4178
      8 4179
      7 4180
      7 4181
      6 4182
     15 4183
     10 4184
      6 4185
     10 4186
      7 4187
     10 4188
      7 4189
      5 4190
     12 4191
     10 4192
      8 4193
      9 4194
      9 4195
     14 4196
      2 4197
     14 4198
      5 4199
      9 4200
     10 4201
     11 4202
      8 4203
      5 4204
      7 4205
     12 4206
     11 4207
     11 4208
      5 4209
      8 4210
      7 4211
     18 4212
     14 4213
      7 4214
      9 4215
     10 4216
     12 4217
     15 4218
     13 4219
     10 4220
     12 4221
     13 4222
     10 4223
      8 4224
      9 4225
      8 4226
      7 4227
      7 4228
     10 4229
      9 4230
      6 4231
      8 4232
     10 4233
     15 4234
      9 4235
     11 4236
      6 4237
      7 4238
      8 4239
     10 4240
      7 4241
      4 4242
     10 4243
     11 4244
     12 4245
     13 4246
      6 4247
      8 4248
      9 4249
      6 4250
     13 4251
      5 4252
      5 4253
      9 4254
     17 4255
     10 4256
     10 4257
     10 4258
      5 4259
      5 4260
     11 4261
      9 4262
      5 4263
     11 4264
     10 4265
      9 4266
      9 4267
      8 4268
      8 4269
      7 4270
      9 4271
     10 4272
      8 4273
     10 4274
     12 4275
     10 4276
      8 4277
     11 4278
      6 4279
      5 4280
      6 4281
     11 4282
     13 4283
     14 4284
     13 4285
     11 4286
      9 4287
     10 4288
     11 4289
     11 4290
     10 4291
     21 4292
      8 4293
     12 4294
      9 4295
      5 4296
     12 4297
      4 4298
      8 4299
      8 4300
      7 4301
      2 4302
      9 4303
      8 4304
      5 4305
      5 4306
      6 4307
      6 4308
      5 4309
      9 4310
     10 4311
      5 4312
     11 4313
      7 4314
      9 4315
      7 4316
      7 4317
      2 4318
     14 4319
     10 4320
     11 4321
      6 4322
      9 4323
      6 4324
     10 4325
      4 4326
      9 4327
      8 4328
     11 4329
     10 4330
      7 4331
     11 4332
      5 4333
      4 4334
      9 4335
      7 4336
      7 4337
      9 4338
      4 4339
      7 4340
     10 4341
      6 4342
      5 4343
      8 4344
     12 4345
      9 4346
     11 4347
      6 4348
     11 4349
      8 4350
     10 4351
      7 4352
      5 4353
     11 4354
     11 4355
      5 4356
      4 4357
     13 4358
     12 4359
     11 4360
     11 4361
     13 4362
      9 4363
      4 4364
      5 4365
      7 4366
      8 4367
      5 4368
      4 4369
     12 4370
      4 4371
      6 4372
     11 4373
     12 4374
     10 4375
      7 4376
      6 4377
      8 4378
     13 4379
     10 4380
      6 4381
     14 4382
      9 4383
      8 4384
     10 4385
     11 4386
      9 4387
      7 4388
      8 4389
      5 4390
      7 4391
     10 4392
     13 4393
      6 4394
     11 4395
      8 4396
      7 4397
     14 4398
      6 4399
     11 4400
      2 4401
     10 4402
      7 4403
     10 4404
     10 4405
      7 4406
     11 4407
      6 4408
     12 4409
      9 4410
      9 4411
      5 4412
      6 4413
     12 4414
      6 4415
      5 4416
      7 4417
     12 4418
      7 4419
      5 4420
     10 4421
      8 4422
      7 4423
      9 4424
      8 4425
      5 4426
      9 4427
      4 4428
      7 4429
      4 4430
      8 4431
      8 4432
     12 4433
     11 4434
      9 4435
      3 4436
      7 4437
      8 4438
      7 4439
     10 4440
      9 4441
      6 4442
      3 4443
      3 4444
      5 4445
      6 4446
      3 4447
      9 4448
      8 4449
      9 4450
      6 4451
      8 4452
      8 4453
     10 4454
      9 4455
      4 4456
      6 4457
      9 4458
      6 4459
      5 4460
      9 4461
      7 4462
      5 4463
      7 4464
      7 4465
      8 4466
      5 4467
     11 4468
     15 4469
      7 4470
      3 4471
      4 4472
      8 4473
      7 4474
      9 4475
      8 4476
      6 4477
     11 4478
      6 4479
      9 4480
      5 4481
     10 4482
     11 4483
      4 4484
      6 4485
      7 4486
      5 4487
      8 4488
     10 4489
      8 4490
      6 4491
     11 4492
      9 4493
      7 4494
      6 4495
      8 4496
      3 4497
      5 4498
     10 4499
      5 4500
     11 4501
     11 4502
      6 4503
      4 4504
      9 4505
      6 4506
     13 4507
     14 4508
      8 4509
      8 4510
      9 4511
      8 4512
     12 4513
      8 4514
      5 4515
      3 4516
      7 4517
      5 4518
      7 4519
      8 4520
      9 4521
      9 4522
     11 4523
     10 4524
     12 4525
      7 4526
      3 4527
      3 4528
      4 4529
      9 4530
     10 4531
      8 4532
      8 4533
      8 4534
      7 4535
     11 4536
     13 4537
      8 4538
      6 4539
      2 4540
     12 4541
     11 4542
      2 4543
     11 4544
      9 4545
      7 4546
      3 4547
      9 4548
      5 4549
     11 4550
      7 4551
      9 4552
      9 4553
     10 4554
     12 4555
     13 4556
      6 4557
     10 4558
      9 4559
     10 4560
      7 4561
     10 4562
     10 4563
     12 4564
      8 4565
      7 4566
      6 4567
      6 4568
      4 4569
      7 4570
      8 4571
      6 4572
      5 4573
     11 4574
     13 4575
      8 4576
     13 4577
      8 4578
     13 4579
     13 4580
      7 4581
      7 4582
      9 4583
      8 4584
      5 4585
     12 4586
      8 4587
      7 4588
      4 4589
      9 4590
      9 4591
      8 4592
      2 4593
     12 4594
     10 4595
      6 4596
      6 4597
      8 4598
      4 4599
     10 4600
      7 4601
      9 4602
      8 4603
     13 4604
      7 4605
      6 4606
      6 4607
      7 4608
      9 4609
     11 4610
      8 4611
      5 4612
     13 4613
     12 4614
      5 4615
     12 4616
      9 4617
     11 4618
      6 4619
      5 4620
      8 4621
      9 4622
      8 4623
      9 4624
      8 4625
      6 4626
      9 4627
      7 4628
      4 4629
      8 4630
     10 4631
     14 4632
      6 4633
     12 4634
     11 4635
      8 4636
      5 4637
      5 4638
     12 4639
      3 4640
      7 4641
      5 4642
      5 4643
      8 4644
     10 4645
      5 4646
      8 4647
      7 4648
      9 4649
      7 4650
     12 4651
      9 4652
      8 4653
      6 4654
      8 4655
      9 4656
      7 4657
     14 4658
     10 4659
      4 4660
      5 4661
     10 4662
      7 4663
      7 4664
      2 4665
     11 4666
      5 4667
      7 4668
      5 4669
      9 4670
      8 4671
      8 4672
      7 4673
     10 4674
     12 4675
      9 4676
     11 4677
      6 4678
     10 4679
     10 4680
      8 4681
      8 4682
     11 4683
      9 4684
      4 4685
     10 4686
     15 4687
     11 4688
     13 4689
     10 4690
      7 4691
      6 4692
      9 4693
      9 4694
      7 4695
     10 4696
      5 4697
     13 4698
      3 4699
      9 4700
     10 4701
     13 4702
     11 4703
      8 4704
     11 4705
      8 4706
     10 4707
      7 4708
      9 4709
      9 4710
      7 4711
     12 4712
     10 4713
     13 4714
     14 4715
      8 4716
      6 4717
      9 4718
      8 4719
      7 4720
      9 4721
     10 4722
      5 4723
     10 4724
      6 4725
      5 4726
      9 4727
     13 4728
      4 4729
      3 4730
      9 4731
      8 4732
     10 4733
      6 4734
      7 4735
      5 4736
      6 4737
      4 4738
      9 4739
     11 4740
     10 4741
     10 4742
     10 4743
      2 4744
      3 4745
      9 4746
      7 4747
     11 4748
      8 4749
     11 4750
     12 4751
     12 4752
     10 4753
      5 4754
      9 4755
     10 4756
      6 4757
      8 4758
      7 4759
      8 4760
      9 4761
     11 4762
     10 4763
      8 4764
      5 4765
      6 4766
      8 4767
      9 4768
      5 4769
      5 4770
      5 4771
      4 4772
      6 4773
     13 4774
     11 4775
     10 4776
      6 4777
      7 4778
      9 4779
     12 4780
      8 4781
     12 4782
      7 4783
      7 4784
     11 4785
      7 4786
     10 4787
      6 4788
      6 4789
      8 4790
      7 4791
      5 4792
      6 4793
      8 4794
      4 4795
      9 4796
      5 4797
      5 4798
      6 4799
     12 4800
      3 4801
      7 4802
     12 4803
      4 4804
      6 4805
     10 4806
      9 4807
      7 4808
     13 4809
      5 4810
      6 4811
      8 4812
      5 4813
      2 4814
      8 4815
      8 4816
      8 4817
      4 4818
      8 4819
      8 4820
     11 4821
     14 4822
      7 4823
     13 4824
     10 4825
      9 4826
      4 4827
      5 4828
      8 4829
      7 4830
     11 4831
      6 4832
      8 4833
     11 4834
      5 4835
      7 4836
      7 4837
      6 4838
      9 4839
      9 4840
      7 4841
     11 4842
      8 4843
      6 4844
      5 4845
     14 4846
      8 4847
      7 4848
      5 4849
      5 4850
     12 4851
      3 4852
      5 4853
      9 4854
      5 4855
      8 4856
      8 4857
     11 4858
      5 4859
      4 4860
      6 4861
      4 4862
     10 4863
      9 4864
      4 4865
      5 4866
      8 4867
      5 4868
      4 4869
      5 4870
     10 4871
      7 4872
      8 4873
      7 4874
      1 4875
      3 4876
      5 4877
      7 4878
      8 4879
      7 4880
      6 4881
      4 4882
      6 4883
      6 4884
     11 4885
      4 4886
      6 4887
      9 4888
      4 4889
      7 4890
      9 4891
      6 4892
      4 4893
      6 4894
     10 4895
      1 4896
     10 4897
      6 4898
      5 4899
      7 4900
     11 4901
      6 4902
      4 4903
      7 4904
     10 4905
      5 4906
      4 4907
      8 4908
      2 4909
      8 4910
     10 4911
     10 4912
      6 4913
      6 4914
      5 4915
      4 4916
      6 4917
      7 4918
      9 4919
      9 4920
      4 4921
      4 4922
      7 4923
      3 4924
      5 4925
      5 4926
     10 4927
      2 4928
      9 4929
      7 4930
      4 4931
      7 4932
     10 4933
      9 4934
      6 4935
      7 4936
      5 4937
      8 4938
      9 4939
      3 4940
      7 4941
      6 4942
      7 4943
     10 4944
      4 4945
      6 4946
      3 4947
      4 4948
      8 4949
      3 4950
      6 4951
      4 4952
      7 4953
      4 4954
      3 4955
      5 4956
      5 4957
      4 4958
      4 4959
      8 4960
      6 4961
      4 4962
      9 4963
      7 4964
      8 4965
      5 4966
      6 4967
      5 4968
      4 4969
      3 4970
      5 4971
      3 4972
      4 4973
      8 4974
     10 4975
      9 4976
      5 4977
      8 4978
      3 4979
      4 4980
      7 4981
      7 4982
      3 4983
      3 4984
      4 4985
      6 4986
      7 4987
      2 4988
      9 4989
      8 4990
      6 4991
      6 4992
      4 4993
      4 4994
      1 4995
      6 4996
      5 4997
      6 4998
      4 4999
      5 5000
      2 5001
      3 5002
      7 5003
      3 5004
      1 5005
      5 5006
      1 5007
      5 5008
      1 5009
      6 5010
      5 5011
      3 5012
      3 5013
      7 5014
      5 5015
      7 5016
      5 5017
      3 5018
      4 5019
      9 5020
      2 5021
      5 5022
      3 5023
      4 5024
      3 5025
      4 5026
      1 5027
      7 5028
      5 5030
      3 5031
      6 5032
      3 5033
      5 5034
      4 5035
      7 5036
      5 5037
      2 5038
      4 5039
      6 5040
      3 5041
      5 5042
      6 5043
      2 5044
      3 5045
      2 5046
      3 5047
      2 5048
      5 5049
      2 5050
      3 5051
      2 5052
      3 5053
      2 5054
      2 5055
      5 5056
      5 5057
      3 5058
      1 5059
      3 5060
      2 5061
      5 5062
      7 5063
      2 5064
      5 5065
      3 5066
      6 5067
      7 5068
      6 5069
      2 5070
      4 5071
      4 5072
      4 5073
      7 5074
      4 5075
      9 5076
      2 5077
      6 5078
      8 5079
      4 5080
      3 5081
      5 5082
      5 5083
      4 5084
      4 5085
      3 5086
      4 5087
      7 5088
      5 5089
      5 5090
      4 5091
      1 5092
      3 5093
      3 5094
      3 5095
      6 5096
      2 5097
      5 5098
     11 5099
      6 5100
      5 5101
      3 5102
      3 5103
      2 5104
      3 5105
      4 5106
      5 5107
      6 5108
      1 5109
      6 5110
      3 5111
      7 5112
      4 5113
      3 5114
      3 5115
      6 5116
      6 5117
      5 5118
      5 5119
      5 5120
      6 5121
      2 5122
      4 5123
      4 5124
      3 5125
      4 5126
      2 5127
      4 5128
      5 5129
      2 5130
      3 5131
      4 5132
      8 5133
      4 5134
      4 5135
      2 5136
      9 5137
      4 5138
      3 5139
      4 5140
      4 5141
      2 5142
      6 5143
     10 5144
      2 5145
      2 5146
      6 5147
      4 5148
      2 5149
      3 5150
      2 5151
      4 5152
      4 5154
      2 5155
      4 5156
      6 5157
      3 5158
      6 5159
      4 5160
      6 5161
      2 5162
      6 5163
      4 5164
      2 5165
      7 5166
      9 5167
      1 5168
      4 5169
      3 5170
      4 5171
      2 5173
      3 5174
      3 5175
      3 5176
      2 5177
      5 5178
      6 5179
      3 5180
      4 5181
      4 5182
      4 5183
      4 5184
      2 5185
      7 5186
      2 5188
      6 5189
      3 5190
      4 5191
      3 5192
      1 5193
      6 5194
      3 5195
      2 5196
      3 5197
      8 5198
      2 5199
      4 5200
      7 5201
      5 5202
      3 5203
      2 5204
      5 5205
      1 5206
      4 5207
      3 5208
      1 5209
      7 5210
      5 5211
      4 5212
      5 5213
      1 5214
      4 5215
      5 5216
      3 5217
      8 5218
      7 5219
      5 5220
      4 5221
      6 5222
      7 5223
      5 5224
      2 5225
      5 5226
      4 5227
      3 5228
      7 5229
     10 5230
      3 5231
      2 5232
      3 5233
      2 5234
      4 5235
      3 5236
      2 5237
      4 5238
      6 5239
      4 5240
      5 5241
      3 5242
      5 5243
      4 5244
      4 5245
      7 5246
      5 5247
      4 5248
      8 5249
      1 5250
      3 5251
      3 5252
      6 5253
      3 5254
      4 5255
      4 5256
      3 5257
      5 5258
      3 5259
      2 5260
      4 5261
      6 5262
      3 5263
      3 5264
      3 5265
      6 5266
      1 5267
      6 5268
      6 5269
      3 5270
      3 5271
      6 5272
      1 5273
      2 5274
      4 5275
      3 5276
      6 5277
      1 5278
      1 5279
      1 5280
      3 5281
      3 5282
      3 5283
      4 5284
      2 5285
      4 5286
      2 5287
      3 5288
      2 5289
      4 5290
      3 5291
      2 5292
      3 5293
      2 5294
      6 5295
      3 5296
      2 5297
      6 5298
      5 5299
      4 5300
      2 5301
      2 5302
      5 5303
      5 5304
      7 5305
      4 5306
      4 5307
      6 5308
      4 5309
      7 5310
      4 5311
      6 5312
      6 5313
      6 5314
      5 5315
      6 5316
      3 5317
      4 5318
      4 5319
      3 5320
      7 5321
      2 5322
      3 5323
      2 5324
      3 5325
      2 5326
      5 5327
      2 5328
      5 5329
      7 5332
      4 5333
      6 5334
      2 5335
      4 5336
      3 5337
      5 5338
      3 5339
      7 5340
      6 5341
      4 5342
      5 5343
      2 5344
      3 5345
      3 5346
      4 5347
      6 5348
      3 5349
      8 5350
      4 5351
      4 5352
      4 5353
      3 5354
      6 5355
      3 5356
      9 5357
      2 5358
      2 5359
      3 5360
      8 5361
      3 5362
      5 5363
      3 5364
      5 5365
      5 5366
      6 5367
      4 5368
      3 5369
      2 5370
      5 5371
      1 5372
      6 5373
      6 5374
      2 5375
      4 5376
      3 5377
      2 5378
      3 5379
      3 5380
      7 5381
      2 5382
      2 5383
      2 5384
      2 5385
      4 5386
      1 5387
      2 5388
      4 5389
      7 5390
      3 5391
      4 5392
      3 5393
      5 5394
      4 5395
      4 5396
      2 5397
      3 5398
      8 5399
      5 5400
      3 5401
      3 5402
      1 5403
      2 5404
      2 5405
      6 5406
      3 5407
      2 5408
      5 5409
      4 5410
      6 5411
      5 5412
      2 5413
      4 5414
      5 5415
      5 5416
      2 5417
      4 5418
      4 5419
      2 5420
      3 5421
      8 5422
      3 5423
      4 5424
      1 5425
      6 5426
      6 5427
      2 5428
      3 5429
     10 5430
      8 5431
      3 5432
      4 5433
      2 5434
      2 5435
      2 5436
      2 5437
      2 5438
      2 5439
      4 5440
      2 5441
      3 5442
      4 5443
      3 5445
      2 5446
      2 5447
      1 5448
      4 5449
      5 5450
      2 5451
      4 5452
      2 5453
      4 5455
      4 5456
      3 5457
      5 5458
      4 5459
      7 5460
      2 5461
      4 5462
      1 5463
      1 5464
      4 5465
      5 5466
      3 5467
      7 5468
      4 5469
      2 5470
      5 5471
      6 5472
      4 5473
      2 5474
      2 5475
      6 5476
      2 5477
      4 5478
      5 5479
      2 5480
      3 5481
      6 5482
      2 5483
      4 5484
      1 5485
      3 5486
      1 5487
      5 5488
      4 5489
      3 5490
      1 5491
      5 5492
      3 5493
      2 5494
      1 5495
      3 5496
      4 5497
      6 5498
      2 5499
      2 5500
      2 5501
      4 5502
      4 5503
      1 5504
      4 5505
      3 5506
      4 5507
      2 5508
      4 5509
      3 5510
      1 5511
      2 5512
      3 5513
      4 5514
      4 5515
      3 5517
      1 5518
      6 5519
      3 5520
      2 5521
      2 5522
      1 5523
      1 5524
      6 5525
      2 5526
      2 5527
      2 5528
      6 5529
      7 5530
      5 5531
      6 5532
      3 5533
      2 5534
      4 5535
      4 5536
      4 5537
      1 5538
      1 5539
      5 5540
      2 5541
      4 5542
      3 5543
      2 5544
      4 5545
      4 5546
      7 5547
      3 5548
      2 5549
      3 5551
      6 5552
      3 5553
      2 5554
      5 5555
      3 5556
      6 5557
      2 5558
      9 5559
      2 5560
      7 5561
      3 5562
      3 5563
      4 5564
      3 5565
      4 5566
      2 5567
      5 5568
      4 5569
      6 5571
      3 5572
      4 5574
      1 5575
      4 5576
      3 5577
      4 5578
      4 5579
      1 5580
      2 5581
      3 5582
      2 5583
      1 5584
      4 5585
      4 5586
      7 5587
      3 5588
      4 5589
      2 5590
      3 5591
      1 5592
      7 5593
      2 5594
      7 5595
      4 5596
      7 5597
      4 5598
      4 5599
      4 5600
      5 5601
      6 5602
      5 5603
      4 5604
      2 5605
      7 5606
      4 5607
      3 5608
      1 5609
      4 5610
      3 5611
      5 5612
      2 5613
      2 5615
      1 5616
      2 5617
      2 5618
      3 5619
      5 5620
      5 5621
      2 5622
      3 5623
      2 5624
      5 5625
      4 5626
      3 5627
      6 5628
      7 5629
      2 5630
      3 5631
      1 5632
      7 5633
      1 5634
      2 5635
      5 5636
      3 5637
      4 5638
      1 5639
      1 5640
      1 5641
      5 5642
      1 5643
      5 5644
      1 5645
      2 5646
      3 5647
      2 5648
      3 5649
      2 5650
      8 5651
      4 5652
      1 5653
      2 5654
      3 5655
      2 5656
      3 5657
      1 5658
      4 5659
      6 5660
      1 5661
      5 5663
      5 5664
      3 5665
      4 5666
      3 5667
      1 5668
      4 5669
      2 5670
      6 5671
      4 5672
      5 5673
      3 5675
      7 5676
      4 5677
      6 5678
      5 5679
      1 5680
      3 5681
      3 5682
      3 5683
      4 5684
      2 5685
      2 5686
      2 5687
      5 5689
      3 5690
      1 5691
      7 5692
      5 5693
      2 5694
      4 5695
      3 5696
      3 5697
      2 5698
      5 5699
      1 5700
      3 5701
      5 5702
      9 5703
      6 5704
      2 5705
      3 5706
      2 5707
      3 5708
      3 5709
      4 5710
      5 5711
      4 5712
      7 5713
      5 5714
      7 5715
      1 5717
      2 5718
      4 5719
      2 5720
      6 5721
      7 5723
      1 5724
      4 5725
      3 5726
      3 5727
      4 5728
      5 5729
      6 5730
      2 5731
      2 5732
      2 5733
      3 5734
      3 5735
      4 5736
      5 5737
      3 5738
      3 5739
      2 5740
      2 5741
      3 5742
      5 5744
      5 5745
      4 5746
      3 5747
      4 5748
      3 5749
      3 5750
      5 5751
      4 5752
      2 5753
      6 5754
      3 5755
      6 5756
      3 5757
      3 5758
     10 5759
      2 5760
      2 5762
      4 5763
      6 5764
      2 5765
      6 5766
      4 5767
      6 5769
      3 5770
      3 5771
      2 5772
      5 5773
      4 5774
      2 5775
      3 5776
      6 5777
      6 5778
      1 5779
      8 5780
      3 5781
      6 5782
      5 5783
      1 5784
      3 5785
      4 5786
      4 5787
      2 5788
      2 5789
      5 5790
      1 5791
      5 5792
      1 5793
      3 5794
      2 5795
      5 5796
      4 5797
      3 5798
      4 5799
      3 5800
      5 5801
      8 5802
      5 5803
      1 5804
      4 5805
      7 5806
      9 5807
      4 5809
      6 5810
      6 5811
      3 5812
      1 5813
      2 5814
      2 5815
      6 5816
      4 5817
      9 5818
      7 5819
      4 5820
      1 5821
      7 5822
      4 5823
      7 5824
      3 5825
      3 5826
      2 5827
      6 5828
      6 5829
      7 5830
      5 5831
      4 5832
      5 5833
      5 5834
      6 5835
      2 5836
      1 5837
      4 5838
      5 5840
      5 5841
      4 5842
      2 5843
      4 5844
      5 5845
      9 5847
      4 5848
      3 5849
      5 5850
      5 5851
      4 5852
      3 5853
      7 5854
      4 5855
      7 5856
      9 5857
      2 5858
      6 5859
      4 5860
      6 5861
      6 5862
      2 5863
      1 5864
      5 5865
      5 5866
      4 5867
      4 5868
      1 5869
      5 5870
      6 5871
      3 5872
      5 5873
      4 5874
      3 5875
      2 5876
      5 5877
      3 5878
      7 5879
      3 5880
      4 5881
      5 5882
      6 5883
      6 5884
      6 5885
      6 5886
      4 5888
      5 5889
      4 5890
      9 5891
      4 5892
      3 5893
      4 5894
      8 5895
      2 5896
      3 5897
      2 5898
      4 5899
      3 5900
      2 5901
      4 5902
      2 5903
      2 5904
      6 5905
      5 5906
      2 5907
      4 5908
      2 5909
      4 5910
      3 5911
      7 5912
      6 5913
      3 5914
      4 5915
      5 5916
      4 5917
      2 5919
      2 5920
      2 5921
      4 5922
      2 5923
      3 5924
      1 5925
      4 5926
      5 5927
      5 5928
      3 5929
      5 5930
      1 5931
      6 5932
      5 5933
      4 5934
      2 5935
      1 5937
      1 5938
      7 5939
      3 5940
      3 5941
      9 5942
      1 5943
      2 5944
      3 5945
      4 5946
      6 5947
      5 5948
      5 5949
      3 5950
      8 5951
      1 5952
      2 5953
      3 5954
      7 5955
      5 5956
      4 5957
      2 5958
      5 5959
      2 5960
      1 5961
      3 5962
      5 5963
      2 5964
      3 5965
      3 5966
      6 5967
      8 5968
      5 5969
      3 5970
      5 5972
      4 5973
      2 5974
      3 5975
      2 5976
      2 5977
      4 5978
      5 5979
      5 5980
      1 5981
      2 5982
      7 5983
      3 5984
      5 5985
      3 5986
      5 5987
      1 5988
      4 5990
      2 5991
      3 5992
      1 5993
      1 5994
      1 5995
      6 5996
      3 5997
      4 5998
      4 5999
      6 6000
      2 6001
      1 6002
      6 6003
      1 6004
      5 6005
      5 6006
      2 6007
      3 6008
      2 6009
      1 6010
      1 6013
      2 6014
      3 6017
      2 6018
      3 6019
      2 6021
      4 6022
      3 6023
      1 6024
      2 6025
      4 6026
      2 6027
      3 6028
      2 6029
      3 6030
      3 6031
      2 6032
      4 6033
      3 6034
      3 6035
      1 6036
      4 6037
      4 6038
      2 6039
      2 6040
      1 6041
      4 6042
      1 6044
      5 6045
      1 6046
      2 6047
      1 6048
      3 6049
      1 6050
      5 6051
      1 6052
      5 6053
      1 6054
      3 6055
      2 6056
      5 6057
      3 6058
      3 6059
      2 6060
      5 6061
      4 6062
      1 6063
      1 6064
      3 6065
      1 6066
      4 6067
      5 6068
      6 6069
      2 6070
      5 6071
      2 6072
      5 6073
      3 6074
      3 6075
      1 6076
      3 6078
      1 6079
      5 6080
      2 6081
      5 6082
      4 6083
      2 6084
      2 6085
      2 6086
      1 6087
      3 6088
      3 6089
      2 6090
      1 6091
      2 6092
      3 6093
      3 6094
      4 6095
      3 6096
      5 6097
      5 6098
      3 6099
      2 6100
      1 6101
      1 6102
      4 6103
      4 6104
      3 6105
      4 6106
      3 6107
      1 6109
      4 6110
      1 6112
      5 6113
      3 6114
      4 6115
      9 6116
      3 6117
      4 6118
      2 6119
      4 6120
      3 6121
      1 6122
      2 6124
      2 6125
      1 6126
      6 6127
      4 6129
      1 6130
      2 6131
      5 6132
      2 6133
      2 6134
      3 6135
      4 6136
      2 6137
      2 6138
      1 6139
      1 6140
      5 6142
      3 6143
      3 6144
      3 6145
      2 6146
      3 6147
      4 6148
      2 6149
      1 6150
      4 6151
      2 6152
      2 6153
      3 6154
      1 6155
      4 6156
      4 6157
      6 6158
      4 6160
      1 6161
      1 6162
      3 6163
      2 6164
      5 6166
      5 6167
      3 6168
      3 6169
      2 6170
      4 6171
      1 6172
      4 6173
      3 6174
      3 6175
      1 6176
      1 6178
      1 6179
      3 6181
      2 6182
      3 6183
      6 6184
      1 6185
      4 6186
      2 6187
      2 6188
      6 6189
      4 6190
      2 6191
      3 6192
      2 6193
      2 6194
      3 6195
      1 6196
      7 6197
      2 6198
      8 6199
      1 6200
      6 6201
      1 6202
      6 6203
      2 6204
      3 6205
      1 6206
      2 6207
      5 6208
      6 6209
      1 6210
      2 6211
      1 6212
      3 6213
      4 6214
      3 6215
      2 6216
      2 6217
      2 6218
      2 6219
      1 6220
      3 6221
      4 6222
      1 6223
      2 6224
      1 6225
      2 6226
      1 6227
      7 6228
      3 6229
      3 6230
      2 6231
      1 6232
      3 6233
      1 6234
      2 6235
      1 6236
      1 6237
      1 6238
      1 6239
      4 6240
      1 6241
      4 6242
      1 6243
      7 6245
      3 6246
      1 6247
      3 6248
      5 6249
      5 6250
      3 6251
      2 6252
      3 6253
      1 6254
      2 6255
      2 6257
      3 6258
      3 6259
      1 6260
      5 6261
      2 6262
      1 6263
      9 6264
      2 6265
      2 6266
      3 6267
      3 6268
      3 6269
      2 6270
      2 6271
      1 6272
      1 6273
      1 6274
      2 6275
      2 6276
      1 6277
      5 6278
      2 6279
      4 6280
      1 6281
      1 6282
      2 6283
      5 6284
      2 6285
      2 6286
      3 6288
      2 6290
      2 6293
      1 6294
      4 6295
      1 6296
      3 6297
      5 6298
      1 6299
      5 6300
      2 6301
      3 6302
      3 6303
      1 6306
      1 6308
      2 6309
      1 6310
      4 6311
      1 6312
      2 6313
      3 6315
      3 6317
      1 6318
      3 6319
      3 6320
      4 6322
      1 6323
      3 6325
      1 6326
      4 6327
      2 6328
      1 6329
      6 6330
      3 6332
      3 6333
      2 6335
      2 6336
      2 6338
      3 6339
      3 6340
      2 6341
      4 6342
      2 6343
      1 6344
      2 6345
      3 6346
      1 6347
      3 6348
      2 6350
      4 6352
      2 6353
      2 6354
      4 6355
      1 6356
      3 6357
      2 6358
      3 6359
      3 6360
      1 6362
      3 6363
      1 6364
      2 6365
      5 6367
      3 6368
      2 6369
      3 6370
      3 6371
      1 6372
      6 6374
      2 6375
      2 6376
      3 6377
      2 6378
      2 6379
      2 6381
      2 6382
      3 6383
      3 6385
      1 6386
      2 6388
      1 6389
      1 6390
      1 6391
      3 6392
      2 6393
      4 6394
      3 6395
      5 6396
      4 6397
      4 6398
      6 6399
      2 6400
      4 6401
      4 6402
      6 6403
      1 6404
      2 6405
      5 6406
      6 6407
      1 6408
      4 6409
      2 6410
     10 6412
      5 6413
      2 6414
      1 6415
      3 6416
      1 6417
      2 6418
      4 6419
      1 6420
      2 6421
      2 6422
      4 6423
      2 6425
      2 6426
      4 6427
      1 6428
      1 6429
      2 6430
      1 6431
      1 6432
      1 6433
      7 6434
      1 6435
      4 6436
      4 6437
      3 6438
      1 6439
      5 6440
      2 6441
      2 6443
      3 6444
      2 6445
      1 6446
      2 6447
      3 6448
      2 6449
      4 6451
      1 6452
      2 6454
      1 6456
      2 6457
      3 6460
      2 6461
      3 6462
      2 6463
      5 6464
      2 6465
      1 6466
      1 6467
      4 6469
      3 6471
      5 6473
      1 6474
      3 6476
      3 6477
      1 6478
      3 6479
      3 6480
      1 6481
      6 6482
      2 6483
      1 6484
      2 6485
      2 6486
      1 6487
      2 6488
      1 6489
      2 6490
      1 6491
      4 6492
      5 6493
      3 6494
      4 6495
      1 6497
      3 6498
      1 6499
      3 6500
      5 6501
      1 6502
      1 6503
      6 6504
      3 6505
      6 6506
      4 6507
      1 6508
      1 6509
      1 6510
      2 6512
      1 6515
      1 6516
      2 6518
      1 6519
      3 6522
      3 6523
      1 6524
      2 6526
      2 6527
      3 6528
      5 6529
      2 6531
      2 6532
      4 6533
      2 6534
      4 6535
      5 6536
      4 6539
      4 6540
      4 6541
      1 6542
      5 6543
      2 6546
      1 6547
      1 6548
      1 6550
      1 6551
      5 6552
      2 6553
      3 6554
      1 6555
      4 6556
      2 6557
      3 6559
      1 6560
      1 6562
      1 6563
      1 6564
      2 6565
      2 6567
      2 6568
      4 6569
      2 6570
      3 6572
      2 6573
      1 6574
      3 6575
      3 6576
      1 6577
      5 6578
      1 6579
      3 6580
      3 6582
      1 6583
      1 6584
      1 6586
      2 6587
      1 6588
      1 6589
      3 6591
      1 6592
      1 6594
      3 6595
      3 6596
      1 6598
      4 6599
      3 6601
      4 6602
      2 6603
      3 6604
      2 6607
      3 6609
      1 6612
      3 6613
      3 6614
      1 6615
      2 6616
      1 6617
      1 6618
      2 6619
      1 6620
      2 6622
      2 6623
      2 6625
      1 6626
      3 6627
      1 6629
      1 6630
      3 6631
      1 6632
      4 6633
      4 6635
      4 6638
      1 6639
      3 6640
      2 6642
      3 6643
      2 6644
      4 6645
      3 6646
      2 6647
      1 6648
      2 6649
      2 6650
      3 6651
      3 6652
      1 6653
      3 6654
      2 6655
      5 6656
      2 6657
      2 6658
      3 6659
      1 6660
      1 6662
      2 6664
      4 6665
      2 6666
      1 6668
      2 6669
      2 6670
      1 6671
      2 6672
      2 6673
      1 6674
      4 6675
      2 6676
      3 6677
      1 6678
      1 6680
      3 6681
      2 6682
      2 6683
      2 6684
      2 6686
      3 6687
      2 6688
      3 6689
      4 6690
      1 6691
      3 6692
      1 6693
      5 6695
      1 6696
      2 6697
      4 6698
      2 6699
      5 6700
      1 6701
      3 6702
      1 6703
      1 6704
      2 6705
      2 6706
      1 6707
      3 6709
      2 6710
      2 6711
      1 6712
      5 6713
      2 6714
      1 6715
      1 6716
      2 6717
      2 6721
      2 6722
      1 6725
      1 6726
      2 6727
      2 6728
      1 6730
      2 6731
      2 6732
      3 6733
      2 6734
      1 6736
      2 6737
      2 6739
      1 6740
      2 6741
      3 6742
      2 6743
      3 6744
      3 6745
      2 6746
      2 6747
      2 6748
      1 6749
      1 6751
      3 6753
      2 6755
      5 6757
      2 6758
      1 6759
      1 6760
      3 6761
      2 6763
      1 6765
      2 6766
      2 6767
      2 6768
      1 6769
      3 6770
      1 6772
      1 6773
      1 6774
      2 6776
      2 6777
      2 6779
      1 6781
      4 6782
      2 6783
      3 6784
      2 6785
      3 6786
      3 6787
      5 6788
      2 6789
      2 6790
      2 6792
      5 6793
      3 6795
      1 6796
      2 6798
      3 6799
      5 6802
      2 6803
      4 6805
      2 6806
      4 6807
      1 6808
      2 6809
      2 6812
      3 6813
      5 6815
      2 6816
      3 6817
      3 6818
      2 6819
      2 6821
      3 6822
      3 6823
      4 6824
      4 6825
      2 6826
      1 6828
      2 6829
      1 6830
      2 6831
      3 6832
      3 6833
      1 6834
      1 6835
      4 6836
      2 6838
      3 6839
      3 6840
      3 6841
      1 6842
      4 6843
      3 6844
      3 6845
      2 6846
      1 6847
      1 6848
      2 6849
      1 6850
      2 6851
      3 6852
      1 6853
      4 6854
      2 6856
      3 6857
      2 6858
      1 6859
      2 6860
      1 6861
      3 6862
      2 6863
      5 6864
      3 6865
      2 6866
      1 6867
      2 6869
      3 6870
      1 6871
      3 6872
      1 6873
      3 6874
      2 6875
      1 6876
      3 6877
      1 6879
      2 6880
      4 6881
      1 6882
      2 6883
      4 6884
      1 6885
      1 6887
      3 6888
      1 6889
      2 6890
      1 6892
      2 6893
      1 6894
      2 6895
      4 6896
      2 6897
      3 6898
      1 6899
      2 6900
      2 6901
      1 6903
      1 6904
      2 6906
      4 6907
      1 6908
      3 6909
      2 6910
      1 6911
      2 6912
      2 6913
      3 6914
      2 6915
      2 6916
      2 6917
      2 6918
      3 6919
      2 6920
      2 6921
      4 6924
      1 6926
      4 6927
      3 6928
      2 6929
      3 6930
      1 6931
      1 6932
      4 6934
      2 6936
      3 6937
      2 6938
      2 6939
      2 6940
      3 6941
      3 6942
      3 6943
      1 6944
      1 6945
      2 6947
      4 6948
      2 6951
      5 6952
      2 6953
      6 6954
      1 6955
      2 6956
      3 6957
      1 6958
      1 6959
      3 6960
      7 6961
      2 6962
      3 6963
      2 6964
      3 6965
      2 6966
      2 6967
      1 6968
      3 6969
      2 6970
      1 6971
      1 6972
      1 6974
      1 6975
      1 6976
      4 6977
      1 6978
      3 6979
      2 6980
      1 6981
      2 6982
      3 6983
      2 6984
      1 6986
      1 6987
      1 6988
      2 6989
      2 6991
      2 6992
      2 6994
      3 6995
      1 6996
      2 6997
      2 6998
      2 7000
      2 7001
      2 7002
      2 7003
      3 7004
      1 7005
      2 7007
      2 7008
      4 7009
      3 7010
      3 7011
      2 7013
      2 7014
      2 7015
      4 7018
      2 7019
      1 7020
      1 7021
      1 7022
      1 7023
      2 7024
      3 7025
      2 7026
      3 7027
      1 7028
      4 7029
      2 7030
      2 7031
      2 7032
      1 7033
      1 7035
      3 7037
      2 7038
      4 7039
      2 7040
      2 7041
      4 7042
      1 7043
      6 7045
      2 7046
      2 7047
      2 7048
      3 7049
      1 7050
      4 7051
      2 7052
      2 7053
      2 7054
      1 7055
      3 7056
      2 7057
      2 7058
      1 7059
      3 7060
      2 7061
      3 7062
      3 7063
      1 7065
      4 7066
      2 7068
      2 7070
      2 7071
      3 7072
      1 7073
      1 7074
      1 7075
      2 7076
      2 7077
      2 7078
      1 7079
      1 7080
      2 7081
      2 7082
      1 7083
      1 7084
      2 7085
      2 7086
      4 7087
      1 7088
      3 7090
      2 7091
      3 7092
      2 7093
      2 7094
      3 7095
      4 7096
      1 7098
      4 7099
      1 7101
      1 7102
      2 7103
      3 7105
      1 7106
      2 7107
      1 7108
      1 7109
      4 7110
      1 7111
      2 7112
      2 7113
      3 7114
      3 7115
      4 7116
      1 7117
      2 7118
      4 7119
      1 7121
      3 7122
      1 7123
      2 7128
      1 7129
      2 7132
      3 7133
      1 7134
      5 7137
      1 7138
      1 7139
      2 7141
      1 7142
      2 7143
      1 7146
      1 7147
      3 7148
      1 7149
      2 7150
      2 7154
      1 7156
      3 7157
      1 7158
      1 7159
      1 7160
      2 7161
      1 7163
      1 7164
      2 7165
      1 7166
      2 7167
      2 7168
      3 7170
      3 7172
      2 7173
      1 7174
      1 7175
      1 7176
      3 7177
      8 7178
      3 7180
      2 7181
      3 7183
      1 7184
      3 7185
      1 7186
      2 7189
      1 7190
      3 7191
      1 7193
      1 7194
      2 7195
      3 7196
      2 7197
      2 7198
      3 7199
      2 7200
      1 7201
      3 7203
      1 7204
      1 7207
      1 7208
      1 7209
      2 7210
      1 7211
      2 7213
      3 7214
      2 7215
      3 7216
      1 7217
      1 7218
      1 7219
      1 7220
      2 7222
      1 7223
      1 7225
      1 7226
      1 7227
      2 7228
      1 7229
      2 7230
      1 7231
      3 7232
      4 7233
      1 7236
      2 7237
      1 7238
      1 7239
      1 7240
      2 7244
      4 7245
      1 7246
      1 7247
      2 7248
      3 7249
      2 7250
      3 7251
      2 7252
      4 7253
      1 7254
      1 7255
      3 7257
      1 7258
      2 7259
      3 7260
      2 7261
      1 7262
      2 7263
      3 7264
      2 7265
      2 7266
      1 7267
      3 7269
      6 7270
      1 7271
      1 7272
      4 7274
      1 7275
      1 7277
      2 7278
      2 7279
      2 7280
      2 7281
      2 7283
      2 7284
      2 7286
      1 7287
      2 7288
      2 7289
      4 7290
      4 7291
      3 7292
      3 7293
      3 7294
      1 7296
      6 7297
      3 7298
      3 7299
      1 7300
      3 7301
      1 7303
      1 7304
      2 7305
      1 7306
      1 7307
      2 7308
      4 7309
      1 7310
      2 7311
      1 7312
      2 7314
      2 7315
      1 7317
      1 7319
      2 7320
      1 7322
      1 7323
      2 7324
      1 7326
      1 7327
      2 7328
      1 7329
      1 7330
      1 7331
      1 7332
      4 7333
      5 7334
      1 7335
      2 7336
      2 7337
      1 7338
      1 7339
      1 7340
      1 7342
      3 7343
      2 7344
      2 7346
      1 7347
      2 7348
      3 7349
      5 7350
      1 7351
      2 7352
      1 7353
      1 7355
      3 7356
      2 7357
      1 7358
      3 7359
      1 7360
      2 7361
      4 7363
      2 7364
      3 7366
      2 7369
      1 7370
      3 7373
      2 7374
      1 7376
      2 7377
      1 7378
      2 7380
      2 7381
      1 7382
      2 7383
      2 7384
      3 7385
      2 7386
      1 7387
      3 7388
      1 7389
      2 7390
      2 7391
      1 7392
      2 7393
      1 7394
      3 7395
      1 7397
      1 7398
      1 7399
      1 7400
      1 7401
      2 7402
      2 7404
      1 7405
      3 7406
      2 7407
      5 7408
      4 7409
      1 7410
      2 7411
      2 7412
      3 7413
      1 7414
      1 7417
      2 7419
      1 7420
      1 7422
      1 7423
      2 7424
      1 7425
      2 7426
      2 7427
      2 7429
      1 7430
      2 7431
      2 7432
      1 7434
      1 7435
      2 7437
      1 7438
      3 7439
      5 7440
      3 7441
      3 7442
      5 7443
      2 7444
      4 7445
      1 7446
      2 7447
      1 7449
      1 7451
      1 7452
      1 7454
      1 7455
      1 7456
      1 7457
      1 7458
      1 7459
      1 7460
      3 7461
      2 7462
      1 7463
      3 7465
      1 7466
      1 7467
      2 7468
      1 7469
      1 7473
      3 7474
      1 7475
      1 7476
      3 7477
      2 7478
      1 7479
      3 7481
      1 7482
      2 7483
      4 7484
      1 7485
      1 7486
      4 7487
      1 7488
      2 7489
      1 7490
      3 7493
      2 7494
      1 7495
      1 7496
      2 7497
      1 7498
      2 7501
      4 7502
      3 7503
      1 7504
      1 7505
      3 7506
      1 7508
      1 7509
      1 7510
      1 7511
      1 7512
      4 7513
      1 7515
      1 7516
      1 7518
      4 7519
      5 7520
      1 7521
      2 7522
      1 7523
      1 7524
      1 7525
      4 7526
      1 7527
      3 7530
      2 7531
      2 7533
      1 7534
      2 7535
      3 7536
      1 7537
      1 7539
      1 7541
      2 7544
      1 7545
      1 7546
      1 7547
      1 7548
      2 7549
      1 7550
      3 7551
      4 7552
      1 7553
      1 7555
      1 7556
      4 7557
      3 7558
      1 7559
      2 7560
      2 7561
      3 7562
      1 7564
      1 7565
      2 7566
      2 7567
      1 7568
      1 7571
      1 7572
      2 7573
      2 7574
      1 7575
      2 7578
      4 7579
      1 7580
      3 7581
      3 7582
      1 7583
      2 7584
      2 7585
      1 7586
      1 7588
      3 7589
      1 7590
      2 7591
      2 7593
      2 7595
      2 7596
      4 7597
      3 7599
      1 7601
      2 7602
      2 7603
      1 7604
      1 7605
      1 7607
      1 7608
      1 7609
      1 7610
      3 7612
      1 7614
      1 7615
      1 7616
      1 7617
      4 7618
      2 7619
      1 7620
      1 7623
      1 7624
      2 7625
      1 7627
      2 7628
      3 7630
      1 7631
      1 7632
      1 7633
      2 7634
      2 7635
      2 7637
      1 7639
      2 7641
      1 7642
      1 7643
      4 7644
      1 7645
      1 7647
      1 7648
      1 7649
      2 7651
      1 7652
      1 7654
      3 7656
      1 7657
      2 7658
      1 7659
      1 7660
      1 7661
      1 7662
      1 7664
      1 7665
      2 7666
      1 7667
      1 7668
      1 7669
      2 7670
      2 7671
      2 7672
      1 7673
      3 7675
      4 7676
      3 7677
      1 7678
      2 7679
      1 7680
      2 7681
      2 7683
      4 7684
      3 7685
      2 7686
      1 7687
      2 7688
      1 7689
      2 7691
      2 7692
      2 7693
      1 7694
      2 7696
      2 7698
      3 7700
      2 7701
      2 7702
      4 7703
      1 7704
      1 7707
      1 7708
      1 7709
      2 7710
      2 7711
      1 7712
      3 7714
      2 7717
      1 7718
      1 7719
      1 7720
      2 7721
      1 7723
      2 7724
      1 7725
      2 7729
      1 7730
      1 7731
      1 7733
      2 7734
      4 7735
      1 7736
      1 7737
      3 7738
      1 7739
      2 7740
      3 7741
      1 7742
      1 7745
      2 7749
      2 7752
      1 7754
      1 7755
      2 7757
      1 7758
      3 7759
      1 7761
      2 7762
      1 7763
      1 7764
      2 7765
      1 7766
      2 7767
      1 7770
      1 7771
      2 7773
      2 7774
      2 7775
      1 7779
      1 7781
      1 7782
      2 7784
      1 7785
      1 7786
      1 7788
      1 7789
      1 7790
      2 7791
      2 7795
      1 7796
      1 7797
      1 7799
      2 7801
      1 7802
      1 7806
      1 7809
      2 7810
      2 7811
      2 7812
      2 7813
      1 7817
      1 7818
      2 7819
      2 7820
      2 7821
      2 7822
      2 7823
      2 7824
      2 7825
      5 7826
      1 7827
      2 7828
      2 7830
      3 7831
      1 7833
      1 7834
      2 7837
      1 7839
      1 7841
      2 7842
      2 7843
      2 7846
      2 7847
      1 7848
      2 7849
      1 7850
      1 7851
      1 7852
      2 7854
      1 7856
      2 7857
      2 7858
      2 7860
      1 7861
      2 7863
      5 7864
      2 7865
      1 7866
      4 7867
      2 7868
      2 7870
      5 7871
      4 7872
      5 7873
      7 7874
      2 7875
      4 7876
      1 7877
      1 7878
      5 7879
      2 7880
      5 7881
      5 7882
      4 7883
      2 7884
      2 7885
      6 7886
      2 7887
      5 7888
      6 7889
      7 7890
      5 7891
     10 7892
      8 7893
      8 7894
      9 7895
     12 7896
     15 7897
     13 7898
     10 7899
     13 7900
      6 7901
      8 7902
     13 7903
      8 7904
      6 7905
     12 7906
     11 7907
     15 7908
     14 7909
     12 7910
      7 7911
      9 7912
     11 7913
      9 7914
      4 7915
      5 7916
      8 7917
      7 7918
      8 7919
      6 7920
      9 7921
      5 7922
      4 7923
      8 7924
      7 7925
     10 7926
      8 7927
      9 7928
      9 7929
      9 7930
      8 7931
     14 7932
      8 7933
     10 7934
     13 7935
      9 7936
      9 7937
      9 7938
      9 7939
      6 7940
     13 7941
     11 7942
     16 7943
      9 7944
     15 7945
      6 7946
      6 7947
     13 7948
     19 7949
     14 7950
     22 7951
      7 7952
      9 7953
      8 7954
     10 7955
     14 7956
     12 7957
      8 7958
     15 7959
     12 7960
      9 7961
      8 7962
     20 7963
      8 7964
     12 7965
     22 7966
     18 7967
     13 7968
     14 7969
      9 7970
      9 7971
      8 7972
      8 7973
      6 7974
      8 7975
      6 7976
     11 7977
     13 7978
      6 7979
      2 7980
     12 7981
      8 7982
      6 7983
      6 7984
      5 7985
      7 7986
      4 7987
      5 7988
      8 7989
      3 7990
     12 7991
      7 7992
      5 7993
     17 7994
     12 7995
      8 7996
     11 7997
      4 7998
      4 7999
      3 8000
