 276112 0
458030089 1
528397417 2
499958580 3
407681807 4
293573130 5
189801785 6
111824558 7
60830601 8
30957803 9
15066550 10
7190249 11
3493504 12
1816062 13
1061266 14
 702211 15
 516832 16
 408456 17
 333394 18
 278895 19
 239331 20
 210081 21
 183079 22
 162157 23
 143130 24
 127003 25
 114861 26
 104526 27
  94651 28
  87752 29
  81077 30
  74567 31
  68444 32
  64132 33
  59453 34
  55705 35
  52550 36
  49704 37
  47146 38
  45122 39
  42724 40
  40138 41
  38135 42
  36065 43
  34782 44
  33546 45
  32265 46
  31235 47
  29948 48
  28401 49
  27629 50
  26399 51
  25646 52
  24655 53
  23925 54
  23063 55
  22435 56
  21967 57
  20895 58
  20589 59
  19611 60
  19317 61
  18813 62
  18328 63
  17828 64
  17056 65
  16866 66
  16878 67
  16112 68
  15865 69
  15493 70
  15162 71
  14793 72
  14451 73
  14009 74
  13946 75
  13826 76
  13279 77
  13225 78
  12542 79
  12350 80
  12271 81
  11893 82
  11694 83
  11578 84
  11152 85
  11207 86
  10920 87
  10703 88
  10460 89
  10321 90
  10101 91
   9961 92
   9605 93
   9519 94
   9203 95
   9207 96
   8835 97
   8480 98
   8403 99
   8461 100
   8408 101
   8204 102
   7974 103
   8060 104
   7767 105
   7633 106
   7391 107
   7402 108
   7332 109
   7232 110
   7019 111
   7039 112
   6774 113
   6590 114
   6611 115
   6309 116
   6421 117
   6328 118
   6243 119
   6180 120
   6058 121
   6067 122
   6167 123
   5790 124
   5900 125
   5821 126
   5841 127
   5839 128
   5469 129
   5305 130
   5262 131
   5323 132
   5106 133
   4909 134
   4991 135
   4971 136
   5005 137
   4830 138
   4863 139
   4551 140
   4588 141
   4517 142
   4530 143
   4505 144
   4464 145
   4275 146
   4320 147
   4525 148
   4209 149
   4194 150
   4218 151
   4048 152
   4111 153
   4093 154
   3881 155
   3951 156
   3900 157
   3900 158
   3956 159
   3844 160
   3976 161
   3860 162
   3692 163
   3577 164
   3478 165
   3594 166
   3537 167
   3497 168
   3551 169
   3343 170
   3426 171
   3435 172
   3329 173
   3419 174
   3449 175
   3253 176
   3335 177
   3246 178
   3164 179
   3165 180
   3050 181
   3106 182
   3089 183
   3034 184
   3040 185
   2837 186
   3083 187
   2940 188
   3057 189
   3072 190
   2951 191
   2875 192
   2917 193
   2886 194
   2930 195
   2890 196
   2839 197
   2688 198
   2773 199
   2683 200
   2648 201
   2759 202
   2504 203
   2593 204
   2587 205
   2519 206
   2489 207
   2475 208
   2414 209
   2419 210
   2441 211
   2406 212
   2438 213
   2409 214
   2419 215
   2421 216
   2370 217
   2414 218
   2321 219
   2325 220
   2219 221
   2273 222
   2281 223
   2292 224
   2157 225
   2173 226
   2121 227
   2103 228
   2195 229
   2094 230
   2087 231
   2125 232
   1950 233
   1938 234
   1965 235
   2012 236
   1974 237
   1954 238
   2041 239
   1917 240
   1979 241
   1997 242
   1960 243
   1956 244
   1919 245
   1877 246
   1923 247
   1923 248
   1945 249
   1909 250
   1881 251
   1858 252
   1794 253
   1790 254
   1826 255
   1869 256
   1793 257
   1819 258
   1757 259
   1831 260
   1797 261
   1790 262
   1792 263
   1741 264
   1820 265
   1873 266
   1876 267
   1841 268
   1825 269
   1794 270
   1796 271
   1780 272
   1819 273
   1808 274
   1832 275
   1769 276
   1723 277
   1726 278
   1728 279
   1734 280
   1666 281
   1691 282
   1724 283
   1716 284
   1765 285
   1689 286
   1675 287
   1712 288
   1675 289
   1693 290
   1599 291
   1617 292
   1624 293
   1614 294
   1586 295
   1651 296
   1643 297
   1669 298
   1640 299
   1662 300
   1644 301
   1634 302
   1753 303
   1614 304
   1589 305
   1557 306
   1637 307
   1498 308
   1598 309
   1569 310
   1554 311
   1523 312
   1495 313
   1536 314
   1588 315
   1596 316
   1531 317
   1469 318
   1491 319
   1473 320
   1540 321
   1516 322
   1512 323
   1494 324
   1440 325
   1516 326
   1540 327
   1483 328
   1424 329
   1433 330
   1463 331
   1510 332
   1471 333
   1399 334
   1372 335
   1374 336
   1397 337
   1407 338
   1379 339
   1363 340
   1421 341
   1392 342
   1413 343
   1305 344
   1309 345
   1376 346
   1423 347
   1381 348
   1368 349
   1399 350
   1380 351
   1385 352
   1331 353
   1327 354
   1270 355
   1287 356
   1330 357
   1314 358
   1248 359
   1276 360
   1313 361
   1281 362
   1357 363
   1284 364
   1268 365
   1243 366
   1254 367
   1200 368
   1302 369
   1259 370
   1265 371
   1232 372
   1264 373
   1264 374
   1291 375
   1264 376
   1239 377
   1237 378
   1289 379
   1298 380
   1251 381
   1309 382
   1255 383
   1193 384
   1258 385
   1174 386
   1262 387
   1186 388
   1240 389
   1232 390
   1179 391
   1221 392
   1195 393
   1216 394
   1251 395
   1267 396
   1289 397
   1268 398
   1285 399
   1234 400
   1210 401
   1233 402
   1219 403
   1259 404
   1180 405
   1269 406
   1280 407
   1234 408
   1215 409
   1225 410
   1298 411
   1253 412
   1240 413
   1183 414
   1164 415
   1185 416
   1216 417
   1163 418
   1155 419
   1169 420
   1234 421
   1163 422
   1117 423
   1189 424
   1077 425
   1197 426
   1070 427
   1083 428
   1089 429
   1100 430
   1089 431
   1050 432
   1060 433
   1010 434
   1026 435
   1018 436
   1022 437
   1039 438
    987 439
   1058 440
   1038 441
   1049 442
   1003 443
   1015 444
    985 445
   1048 446
    968 447
   1017 448
    990 449
    991 450
    964 451
    952 452
    983 453
    911 454
    982 455
    910 456
    914 457
    931 458
    903 459
    904 460
    919 461
    910 462
    899 463
    916 464
    898 465
    946 466
    895 467
    851 468
    871 469
    836 470
    881 471
    812 472
    882 473
    793 474
    836 475
    810 476
    812 477
    822 478
    832 479
    797 480
    815 481
    818 482
    755 483
    809 484
    830 485
    818 486
    784 487
    822 488
    756 489
    775 490
    745 491
    786 492
    788 493
    747 494
    716 495
    703 496
    738 497
    737 498
    649 499
    776 500
    701 501
    688 502
    685 503
    696 504
    688 505
    673 506
    684 507
    682 508
    646 509
    683 510
    645 511
    624 512
    639 513
    579 514
    652 515
    602 516
    669 517
    655 518
    620 519
    661 520
    638 521
    662 522
    632 523
    659 524
    619 525
    638 526
    574 527
    589 528
    561 529
    603 530
    592 531
    611 532
    580 533
    604 534
    529 535
    569 536
    561 537
    539 538
    582 539
    579 540
    552 541
    564 542
    540 543
    507 544
    493 545
    536 546
    507 547
    505 548
    460 549
    524 550
    510 551
    487 552
    496 553
    505 554
    482 555
    479 556
    493 557
    507 558
    511 559
    479 560
    502 561
    470 562
    474 563
    490 564
    511 565
    451 566
    463 567
    494 568
    517 569
    487 570
    454 571
    471 572
    495 573
    471 574
    453 575
    439 576
    439 577
    434 578
    445 579
    423 580
    448 581
    400 582
    424 583
    397 584
    443 585
    440 586
    434 587
    445 588
    453 589
    442 590
    420 591
    386 592
    428 593
    432 594
    428 595
    396 596
    420 597
    429 598
    414 599
    402 600
    437 601
    439 602
    380 603
    427 604
    372 605
    402 606
    397 607
    406 608
    411 609
    371 610
    357 611
    364 612
    337 613
    356 614
    393 615
    376 616
    374 617
    378 618
    353 619
    350 620
    381 621
    392 622
    377 623
    360 624
    381 625
    388 626
    383 627
    375 628
    344 629
    378 630
    342 631
    350 632
    354 633
    352 634
    349 635
    350 636
    359 637
    348 638
    343 639
    346 640
    321 641
    272 642
    335 643
    323 644
    307 645
    317 646
    300 647
    324 648
    328 649
    308 650
    338 651
    303 652
    345 653
    299 654
    306 655
    325 656
    316 657
    323 658
    276 659
    313 660
    302 661
    344 662
    286 663
    312 664
    295 665
    320 666
    287 667
    316 668
    282 669
    296 670
    311 671
    326 672
    286 673
    269 674
    306 675
    293 676
    309 677
    313 678
    305 679
    290 680
    295 681
    296 682
    301 683
    289 684
    326 685
    305 686
    273 687
    303 688
    298 689
    287 690
    272 691
    274 692
    283 693
    266 694
    261 695
    283 696
    274 697
    297 698
    289 699
    256 700
    298 701
    268 702
    265 703
    255 704
    276 705
    273 706
    282 707
    284 708
    307 709
    239 710
    278 711
    287 712
    273 713
    248 714
    253 715
    266 716
    249 717
    244 718
    278 719
    266 720
    258 721
    247 722
    281 723
    240 724
    281 725
    285 726
    250 727
    260 728
    251 729
    247 730
    261 731
    215 732
    261 733
    246 734
    224 735
    215 736
    237 737
    250 738
    282 739
    228 740
    248 741
    232 742
    271 743
    251 744
    259 745
    289 746
    251 747
    234 748
    234 749
    253 750
    244 751
    229 752
    215 753
    238 754
    228 755
    230 756
    203 757
    239 758
    208 759
    222 760
    207 761
    208 762
    176 763
    237 764
    222 765
    207 766
    211 767
    221 768
    200 769
    205 770
    211 771
    215 772
    232 773
    199 774
    212 775
    209 776
    201 777
    227 778
    203 779
    205 780
    206 781
    215 782
    188 783
    199 784
    211 785
    186 786
    242 787
    184 788
    188 789
    209 790
    193 791
    198 792
    214 793
    192 794
    208 795
    189 796
    184 797
    181 798
    203 799
    174 800
    195 801
    188 802
    221 803
    191 804
    181 805
    185 806
    196 807
    212 808
    179 809
    182 810
    192 811
    167 812
    187 813
    209 814
    220 815
    176 816
    197 817
    201 818
    190 819
    198 820
    192 821
    175 822
    200 823
    187 824
    159 825
    189 826
    178 827
    187 828
    172 829
    168 830
    188 831
    163 832
    170 833
    154 834
    192 835
    186 836
    170 837
    142 838
    175 839
    173 840
    145 841
    180 842
    157 843
    169 844
    168 845
    159 846
    167 847
    167 848
    173 849
    157 850
    167 851
    154 852
    167 853
    157 854
    157 855
    174 856
    166 857
    179 858
    163 859
    161 860
    178 861
    171 862
    175 863
    165 864
    148 865
    162 866
    162 867
    161 868
    143 869
    154 870
    166 871
    164 872
    156 873
    148 874
    143 875
    158 876
    136 877
    143 878
    155 879
    160 880
    142 881
    148 882
    146 883
    162 884
    145 885
    137 886
    159 887
    130 888
    136 889
    136 890
    149 891
    149 892
    153 893
    113 894
    137 895
    141 896
    136 897
    142 898
    143 899
    144 900
    152 901
    134 902
    147 903
    151 904
    129 905
    156 906
    122 907
    125 908
    139 909
    160 910
    153 911
    136 912
    138 913
    127 914
    146 915
    120 916
    131 917
    128 918
    142 919
    136 920
    118 921
    121 922
    125 923
    154 924
    136 925
    124 926
    143 927
    132 928
    137 929
    128 930
    135 931
    127 932
    137 933
    117 934
    128 935
    114 936
    134 937
    126 938
    126 939
    145 940
    132 941
    119 942
    110 943
    139 944
    131 945
    137 946
    129 947
    125 948
    118 949
    109 950
    109 951
    145 952
    125 953
    132 954
    141 955
    113 956
    106 957
    110 958
    131 959
    117 960
    147 961
    124 962
    122 963
    126 964
    133 965
    119 966
    127 967
    115 968
    123 969
    132 970
    124 971
    150 972
    136 973
    112 974
    114 975
    122 976
    110 977
    130 978
    120 979
    116 980
    133 981
    131 982
    121 983
    131 984
    124 985
    125 986
    124 987
    113 988
    126 989
    117 990
    120 991
    117 992
    116 993
    112 994
    102 995
    115 996
    122 997
    113 998
    128 999
    120 1000
    116 1001
    130 1002
    107 1003
    124 1004
    115 1005
    109 1006
    111 1007
    109 1008
    112 1009
    132 1010
    107 1011
    130 1012
    129 1013
    121 1014
     97 1015
    110 1016
    130 1017
    112 1018
    122 1019
    126 1020
    114 1021
    118 1022
    105 1023
    121 1024
    107 1025
    111 1026
    128 1027
     91 1028
    122 1029
    119 1030
    121 1031
     93 1032
    118 1033
    118 1034
    113 1035
     81 1036
     95 1037
     98 1038
    109 1039
    118 1040
    115 1041
    105 1042
    118 1043
     87 1044
    107 1045
     87 1046
     97 1047
    103 1048
     99 1049
    118 1050
    105 1051
    105 1052
     77 1053
     99 1054
     91 1055
    102 1056
     97 1057
     91 1058
     93 1059
    102 1060
     93 1061
    100 1062
     91 1063
     95 1064
     85 1065
    103 1066
    110 1067
    100 1068
    115 1069
     95 1070
     75 1071
    105 1072
    100 1073
     99 1074
    103 1075
     97 1076
     97 1077
     85 1078
     84 1079
     91 1080
     79 1081
    100 1082
     90 1083
     88 1084
     96 1085
     83 1086
     89 1087
     82 1088
    114 1089
     93 1090
     85 1091
     74 1092
     86 1093
    100 1094
     96 1095
    102 1096
    106 1097
     99 1098
     85 1099
    106 1100
     85 1101
     92 1102
    104 1103
     97 1104
     75 1105
     99 1106
     93 1107
     88 1108
     72 1109
     87 1110
     94 1111
    107 1112
    109 1113
     82 1114
    113 1115
    101 1116
     73 1117
     93 1118
    103 1119
    100 1120
     82 1121
     89 1122
     97 1123
     89 1124
     75 1125
     81 1126
     93 1127
     90 1128
     88 1129
    112 1130
     93 1131
     78 1132
     80 1133
     84 1134
     77 1135
     89 1136
     89 1137
     75 1138
     78 1139
     76 1140
     72 1141
     85 1142
     71 1143
     62 1144
     75 1145
     82 1146
     84 1147
     79 1148
     92 1149
     94 1150
     99 1151
     75 1152
     78 1153
     67 1154
     94 1155
     87 1156
     91 1157
     77 1158
     67 1159
     86 1160
     76 1161
     84 1162
     75 1163
     82 1164
     79 1165
     94 1166
     83 1167
     87 1168
     93 1169
     98 1170
     70 1171
     76 1172
     73 1173
     96 1174
     84 1175
     72 1176
     94 1177
     77 1178
     75 1179
     78 1180
     78 1181
     89 1182
     68 1183
     88 1184
     80 1185
     85 1186
     72 1187
     91 1188
     86 1189
     82 1190
     73 1191
     82 1192
     80 1193
     84 1194
     78 1195
    103 1196
     96 1197
     78 1198
     85 1199
     85 1200
     87 1201
     84 1202
     96 1203
     92 1204
     87 1205
     79 1206
     84 1207
     69 1208
     70 1209
     74 1210
     69 1211
     81 1212
     94 1213
     85 1214
     74 1215
     73 1216
     96 1217
     63 1218
     90 1219
     77 1220
     77 1221
     73 1222
     65 1223
     67 1224
     81 1225
     77 1226
     83 1227
     75 1228
     85 1229
     80 1230
     82 1231
     77 1232
     90 1233
     80 1234
     76 1235
     76 1236
     74 1237
     81 1238
     61 1239
     85 1240
     75 1241
     83 1242
     77 1243
     64 1244
     77 1245
     79 1246
     74 1247
     83 1248
     72 1249
     72 1250
     71 1251
     80 1252
     73 1253
     84 1254
     86 1255
     82 1256
     75 1257
     85 1258
     84 1259
     81 1260
     85 1261
     80 1262
     72 1263
     65 1264
     80 1265
     79 1266
     82 1267
     68 1268
     76 1269
     81 1270
     72 1271
     77 1272
     75 1273
     83 1274
     70 1275
     87 1276
     88 1277
     98 1278
     85 1279
     88 1280
     90 1281
     89 1282
     74 1283
     87 1284
     70 1285
     83 1286
     78 1287
    106 1288
     78 1289
     77 1290
     77 1291
     93 1292
    100 1293
     80 1294
     78 1295
     87 1296
     82 1297
     92 1298
     79 1299
     62 1300
     68 1301
     79 1302
     73 1303
     66 1304
     67 1305
     78 1306
     87 1307
     74 1308
     71 1309
     71 1310
     78 1311
     65 1312
     98 1313
     62 1314
     77 1315
     90 1316
     78 1317
     83 1318
     61 1319
     87 1320
     64 1321
     70 1322
     80 1323
     59 1324
     91 1325
     82 1326
     80 1327
     78 1328
     77 1329
     79 1330
     80 1331
     74 1332
     69 1333
     96 1334
     76 1335
     70 1336
     68 1337
     70 1338
     62 1339
     64 1340
     56 1341
     73 1342
     75 1343
     78 1344
     61 1345
     70 1346
     59 1347
     66 1348
     68 1349
     73 1350
     69 1351
     61 1352
     70 1353
     64 1354
     78 1355
     68 1356
     58 1357
     64 1358
     73 1359
     72 1360
     65 1361
     62 1362
     61 1363
     65 1364
     64 1365
     64 1366
     93 1367
     61 1368
     74 1369
     73 1370
     74 1371
     62 1372
     62 1373
     55 1374
     67 1375
     50 1376
     64 1377
     54 1378
     53 1379
     68 1380
     64 1381
     63 1382
     70 1383
     59 1384
     53 1385
     61 1386
     67 1387
     55 1388
     69 1389
     52 1390
     48 1391
     75 1392
     67 1393
     53 1394
     45 1395
     50 1396
     64 1397
     49 1398
     55 1399
     76 1400
     53 1401
     53 1402
     59 1403
     58 1404
     49 1405
     73 1406
     53 1407
     55 1408
     67 1409
     49 1410
     54 1411
     52 1412
     59 1413
     53 1414
     57 1415
     49 1416
     61 1417
     50 1418
     59 1419
     66 1420
     57 1421
     54 1422
     54 1423
     53 1424
     66 1425
     66 1426
     53 1427
     55 1428
     51 1429
     74 1430
     66 1431
     62 1432
     69 1433
     60 1434
     71 1435
     64 1436
     55 1437
     49 1438
     51 1439
     61 1440
     52 1441
     60 1442
     62 1443
     65 1444
     67 1445
     66 1446
     57 1447
     54 1448
     47 1449
     63 1450
     58 1451
     61 1452
     59 1453
     54 1454
     52 1455
     56 1456
     64 1457
     52 1458
     48 1459
     54 1460
     53 1461
     44 1462
     61 1463
     62 1464
     55 1465
     49 1466
     40 1467
     45 1468
     47 1469
     36 1470
     41 1471
     60 1472
     53 1473
     61 1474
     47 1475
     65 1476
     47 1477
     45 1478
     53 1479
     67 1480
     45 1481
     48 1482
     45 1483
     48 1484
     48 1485
     55 1486
     48 1487
     61 1488
     48 1489
     56 1490
     54 1491
     50 1492
     43 1493
     61 1494
     44 1495
     36 1496
     55 1497
     50 1498
     50 1499
     58 1500
     66 1501
     42 1502
     55 1503
     46 1504
     64 1505
     54 1506
     66 1507
     50 1508
     49 1509
     43 1510
     44 1511
     51 1512
     61 1513
     41 1514
     55 1515
     50 1516
     60 1517
     41 1518
     54 1519
     52 1520
     36 1521
     31 1522
     52 1523
     58 1524
     58 1525
     51 1526
     62 1527
     48 1528
     35 1529
     55 1530
     46 1531
     63 1532
     32 1533
     46 1534
     50 1535
     53 1536
     46 1537
     44 1538
     53 1539
     39 1540
     63 1541
     48 1542
     52 1543
     50 1544
     51 1545
     48 1546
     57 1547
     61 1548
     42 1549
     45 1550
     54 1551
     51 1552
     49 1553
     42 1554
     39 1555
     41 1556
     59 1557
     56 1558
     57 1559
     44 1560
     58 1561
     52 1562
     70 1563
     50 1564
     53 1565
     46 1566
     51 1567
     54 1568
     42 1569
     36 1570
     47 1571
     56 1572
     39 1573
     49 1574
     48 1575
     42 1576
     51 1577
     41 1578
     52 1579
     35 1580
     51 1581
     54 1582
     41 1583
     46 1584
     51 1585
     46 1586
     50 1587
     47 1588
     61 1589
     49 1590
     48 1591
     46 1592
     51 1593
     54 1594
     50 1595
     59 1596
     47 1597
     55 1598
     49 1599
     50 1600
     42 1601
     54 1602
     53 1603
     48 1604
     51 1605
     61 1606
     47 1607
     45 1608
     50 1609
     46 1610
     54 1611
     36 1612
     45 1613
     53 1614
     41 1615
     57 1616
     49 1617
     40 1618
     48 1619
     49 1620
     38 1621
     41 1622
     58 1623
     40 1624
     44 1625
     46 1626
     58 1627
     47 1628
     41 1629
     66 1630
     48 1631
     49 1632
     38 1633
     48 1634
     51 1635
     46 1636
     56 1637
     45 1638
     51 1639
     41 1640
     49 1641
     53 1642
     44 1643
     53 1644
     53 1645
     51 1646
     59 1647
     50 1648
     60 1649
     53 1650
     48 1651
     55 1652
     46 1653
     39 1654
     52 1655
     51 1656
     56 1657
     46 1658
     45 1659
     51 1660
     44 1661
     45 1662
     52 1663
     39 1664
     53 1665
     50 1666
     40 1667
     43 1668
     45 1669
     39 1670
     40 1671
     44 1672
     44 1673
     34 1674
     43 1675
     44 1676
     42 1677
     47 1678
     38 1679
     45 1680
     45 1681
     38 1682
     41 1683
     41 1684
     43 1685
     47 1686
     46 1687
     34 1688
     52 1689
     33 1690
     42 1691
     49 1692
     35 1693
     45 1694
     44 1695
     48 1696
     35 1697
     53 1698
     38 1699
     43 1700
     41 1701
     56 1702
     44 1703
     50 1704
     34 1705
     39 1706
     53 1707
     42 1708
     46 1709
     48 1710
     49 1711
     35 1712
     49 1713
     44 1714
     57 1715
     50 1716
     49 1717
     49 1718
     60 1719
     66 1720
     57 1721
     46 1722
     60 1723
     62 1724
     42 1725
     48 1726
     54 1727
     53 1728
     64 1729
     57 1730
     57 1731
     46 1732
     56 1733
     46 1734
     63 1735
     42 1736
     56 1737
     54 1738
     58 1739
     62 1740
     51 1741
     47 1742
     41 1743
     42 1744
     52 1745
     53 1746
     53 1747
     46 1748
     45 1749
     46 1750
     41 1751
     54 1752
     46 1753
     42 1754
     38 1755
     43 1756
     40 1757
     46 1758
     43 1759
     40 1760
     37 1761
     52 1762
     44 1763
     38 1764
     45 1765
     52 1766
     43 1767
     54 1768
     43 1769
     33 1770
     39 1771
     35 1772
     42 1773
     46 1774
     34 1775
     40 1776
     37 1777
     28 1778
     38 1779
     46 1780
     44 1781
     39 1782
     43 1783
     37 1784
     35 1785
     38 1786
     46 1787
     35 1788
     51 1789
     41 1790
     44 1791
     46 1792
     44 1793
     44 1794
     44 1795
     38 1796
     43 1797
     39 1798
     45 1799
     43 1800
     41 1801
     40 1802
     29 1803
     32 1804
     35 1805
     41 1806
     40 1807
     33 1808
     47 1809
     47 1810
     45 1811
     34 1812
     43 1813
     31 1814
     42 1815
     52 1816
     53 1817
     42 1818
     40 1819
     46 1820
     39 1821
     58 1822
     52 1823
     61 1824
     34 1825
     56 1826
     56 1827
     50 1828
     45 1829
     48 1830
     41 1831
     43 1832
     44 1833
     47 1834
     47 1835
     36 1836
     50 1837
     61 1838
     45 1839
     63 1840
     45 1841
     35 1842
     50 1843
     46 1844
     39 1845
     54 1846
     53 1847
     51 1848
     48 1849
     39 1850
     49 1851
     45 1852
     44 1853
     52 1854
     54 1855
     38 1856
     46 1857
     47 1858
     61 1859
     35 1860
     33 1861
     42 1862
     35 1863
     39 1864
     49 1865
     50 1866
     45 1867
     39 1868
     33 1869
     48 1870
     52 1871
     41 1872
     47 1873
     37 1874
     46 1875
     39 1876
     33 1877
     38 1878
     51 1879
     39 1880
     39 1881
     50 1882
     42 1883
     47 1884
     46 1885
     33 1886
     48 1887
     48 1888
     40 1889
     47 1890
     40 1891
     54 1892
     39 1893
     37 1894
     47 1895
     57 1896
     41 1897
     30 1898
     62 1899
     51 1900
     43 1901
     46 1902
     57 1903
     62 1904
     42 1905
     40 1906
     42 1907
     51 1908
     49 1909
     49 1910
     50 1911
     45 1912
     43 1913
     52 1914
     41 1915
     41 1916
     41 1917
     53 1918
     50 1919
     45 1920
     49 1921
     44 1922
     43 1923
     53 1924
     33 1925
     54 1926
     43 1927
     39 1928
     51 1929
     41 1930
     37 1931
     33 1932
     41 1933
     45 1934
     30 1935
     48 1936
     48 1937
     46 1938
     47 1939
     34 1940
     60 1941
     44 1942
     42 1943
     37 1944
     49 1945
     39 1946
     39 1947
     43 1948
     46 1949
     44 1950
     35 1951
     55 1952
     40 1953
     51 1954
     46 1955
     44 1956
     29 1957
     46 1958
     44 1959
     34 1960
     46 1961
     47 1962
     50 1963
     62 1964
     49 1965
     37 1966
     33 1967
     24 1968
     54 1969
     42 1970
     36 1971
     36 1972
     42 1973
     53 1974
     48 1975
     44 1976
     39 1977
     41 1978
     50 1979
     41 1980
     39 1981
     33 1982
     45 1983
     45 1984
     39 1985
     34 1986
     44 1987
     48 1988
     39 1989
     51 1990
     39 1991
     40 1992
     55 1993
     34 1994
     35 1995
     36 1996
     36 1997
     31 1998
     43 1999
     42 2000
     45 2001
     36 2002
     46 2003
     30 2004
     38 2005
     33 2006
     38 2007
     23 2008
     32 2009
     36 2010
     50 2011
     37 2012
     51 2013
     45 2014
     46 2015
     50 2016
     52 2017
     43 2018
     49 2019
     38 2020
     41 2021
     33 2022
     45 2023
     40 2024
     40 2025
     33 2026
     41 2027
     47 2028
     40 2029
     42 2030
     43 2031
     54 2032
     40 2033
     47 2034
     33 2035
     44 2036
     41 2037
     47 2038
     42 2039
     49 2040
     37 2041
     32 2042
     53 2043
     49 2044
     30 2045
     55 2046
     40 2047
     37 2048
     33 2049
     36 2050
     41 2051
     31 2052
     32 2053
     46 2054
     37 2055
     38 2056
     48 2057
     35 2058
     44 2059
     32 2060
     39 2061
     29 2062
     30 2063
     30 2064
     40 2065
     29 2066
     43 2067
     30 2068
     30 2069
     25 2070
     36 2071
     33 2072
     21 2073
     36 2074
     42 2075
     27 2076
     23 2077
     28 2078
     38 2079
     32 2080
     30 2081
     28 2082
     39 2083
     32 2084
     34 2085
     35 2086
     39 2087
     29 2088
     30 2089
     28 2090
     28 2091
     31 2092
     25 2093
     26 2094
     34 2095
     24 2096
     33 2097
     25 2098
     22 2099
     30 2100
     38 2101
     28 2102
     31 2103
     40 2104
     27 2105
     28 2106
     22 2107
     30 2108
     36 2109
     22 2110
     31 2111
     29 2112
     24 2113
     18 2114
     39 2115
     25 2116
     27 2117
     18 2118
     26 2119
     17 2120
     26 2121
     17 2122
     21 2123
     21 2124
     27 2125
     20 2126
     24 2127
     23 2128
     27 2129
     29 2130
     21 2131
     36 2132
     25 2133
     29 2134
     29 2135
     28 2136
     21 2137
     21 2138
     18 2139
     26 2140
     31 2141
     19 2142
     21 2143
     24 2144
     29 2145
     28 2146
     24 2147
     29 2148
     28 2149
     27 2150
     19 2151
     22 2152
     28 2153
     11 2154
     30 2155
     24 2156
     26 2157
     27 2158
     23 2159
     28 2160
     22 2161
     19 2162
     22 2163
     27 2164
     25 2165
     27 2166
     23 2167
     26 2168
     16 2169
     23 2170
     23 2171
     13 2172
     28 2173
     23 2174
     29 2175
     19 2176
     28 2177
     16 2178
     16 2179
     20 2180
     31 2181
     25 2182
     20 2183
     24 2184
     29 2185
     24 2186
     20 2187
     22 2188
     25 2189
     23 2190
     14 2191
     28 2192
     17 2193
     21 2194
     25 2195
     21 2196
     18 2197
     13 2198
     21 2199
     13 2200
     22 2201
     15 2202
     25 2203
     15 2204
     24 2205
     25 2206
     21 2207
     16 2208
     22 2209
     29 2210
     19 2211
     13 2212
     18 2213
     20 2214
     23 2215
     14 2216
     28 2217
     21 2218
     18 2219
     19 2220
     17 2221
     16 2222
     24 2223
     19 2224
     24 2225
     18 2226
     21 2227
     28 2228
     23 2229
     25 2230
     20 2231
     19 2232
     22 2233
     26 2234
     29 2235
     16 2236
     20 2237
     20 2238
     18 2239
     23 2240
     18 2241
     23 2242
     20 2243
     18 2244
     23 2245
     14 2246
     18 2247
     22 2248
     18 2249
     17 2250
     12 2251
     26 2252
     17 2253
     14 2254
     11 2255
     27 2256
     17 2257
     25 2258
     23 2259
     17 2260
     11 2261
     12 2262
     21 2263
     17 2264
     20 2265
     21 2266
     18 2267
     16 2268
     13 2269
     13 2270
     17 2271
     13 2272
     15 2273
     20 2274
     18 2275
     17 2276
     15 2277
     21 2278
     17 2279
     20 2280
      8 2281
     14 2282
     12 2283
     18 2284
     14 2285
     13 2286
     22 2287
     18 2288
     15 2289
     12 2290
     11 2291
      9 2292
     15 2293
     16 2294
     27 2295
     20 2296
     14 2297
     19 2298
     13 2299
     20 2300
     11 2301
     15 2302
     21 2303
     16 2304
     12 2305
     20 2306
     19 2307
     15 2308
     17 2309
     12 2310
     15 2311
     19 2312
      4 2313
     10 2314
     10 2315
     23 2316
     12 2317
     24 2318
     14 2319
     12 2320
     16 2321
     13 2322
     17 2323
     12 2324
     20 2325
     13 2326
      9 2327
     14 2328
     12 2329
     19 2330
     15 2331
     19 2332
      8 2333
     17 2334
     19 2335
     14 2336
     15 2337
     14 2338
     18 2339
     17 2340
     16 2341
     21 2342
     17 2343
     14 2344
     14 2345
     16 2346
     19 2347
     15 2348
     10 2349
     10 2350
     16 2351
     16 2352
     15 2353
     10 2354
     15 2355
      8 2356
     15 2357
     14 2358
     12 2359
     10 2360
      7 2361
     17 2362
     17 2363
     11 2364
     14 2365
      8 2366
      9 2367
     15 2368
     16 2369
      7 2370
     12 2371
     11 2372
     13 2373
     13 2374
     10 2375
      8 2376
     13 2377
     21 2378
     12 2379
     11 2380
     10 2381
     11 2382
     13 2383
     16 2384
     18 2385
     13 2386
     14 2387
     14 2388
     13 2389
     20 2390
      7 2391
     10 2392
      8 2393
     15 2394
      6 2395
      7 2396
      9 2397
     13 2398
     12 2399
     10 2400
     12 2401
     14 2402
     10 2403
     18 2404
     11 2405
     11 2406
     12 2407
     10 2408
     11 2409
     12 2410
      7 2411
      7 2412
      8 2413
     11 2414
     18 2415
     17 2416
      8 2417
      8 2418
     12 2419
      9 2420
     10 2421
     10 2422
     20 2423
     12 2424
      7 2425
     12 2426
     12 2427
     17 2428
     16 2429
     14 2430
     14 2431
      9 2432
      8 2433
     13 2434
      9 2435
      9 2436
      9 2437
     15 2438
     10 2439
     19 2440
     13 2441
     11 2442
      6 2443
     18 2444
     13 2445
     11 2446
     17 2447
     16 2448
     17 2449
      6 2450
      9 2451
     11 2452
     12 2453
      9 2454
     14 2455
     12 2456
      8 2457
      6 2458
     12 2459
     19 2460
     12 2461
     13 2462
      3 2463
     13 2464
     13 2465
      9 2466
     11 2467
      9 2468
     15 2469
     18 2470
      9 2471
     12 2472
     15 2473
     16 2474
     12 2475
      9 2476
     11 2477
     10 2478
     10 2479
     11 2480
     16 2481
     15 2482
     16 2483
     11 2484
      9 2485
     11 2486
     16 2487
      8 2488
     10 2489
     12 2490
      6 2491
      7 2492
     19 2493
      7 2494
     10 2495
      9 2496
      8 2497
      5 2498
     13 2499
     10 2500
      8 2501
      6 2502
      7 2503
     10 2504
      8 2505
     11 2506
     10 2507
     11 2508
      7 2509
      5 2510
      6 2511
      8 2512
      4 2513
      7 2514
      4 2515
      3 2516
      9 2517
      6 2518
      6 2519
      8 2520
      3 2521
     12 2522
      9 2523
     14 2524
      4 2525
      9 2526
      8 2527
      7 2528
      6 2529
      7 2530
      3 2531
      6 2532
      4 2533
     13 2534
      8 2535
      7 2536
      4 2537
      5 2538
      3 2539
      8 2540
     10 2541
     15 2542
      8 2543
     10 2544
      6 2545
      5 2546
      5 2547
      5 2548
      6 2549
      3 2550
      6 2551
      8 2552
      4 2553
      5 2554
      6 2555
      9 2556
      6 2557
      6 2558
      6 2559
      7 2560
     11 2561
      6 2562
      7 2563
      3 2564
      5 2565
      6 2566
      6 2567
      9 2568
      7 2569
      6 2570
      8 2571
      5 2572
      4 2573
     10 2574
      8 2575
      2 2576
      7 2577
      8 2578
      7 2579
      9 2580
      3 2581
     10 2582
      9 2583
      5 2584
     12 2585
      4 2586
      9 2587
      8 2588
     11 2589
      7 2590
      6 2591
      5 2592
      7 2593
      9 2594
      8 2595
     11 2596
      8 2597
      7 2598
      7 2599
      3 2600
      5 2601
      9 2602
     10 2603
      6 2604
      5 2605
      7 2606
     11 2607
      7 2608
      8 2609
      8 2610
      7 2611
      9 2612
      7 2613
      8 2614
      2 2615
     13 2616
      6 2617
      5 2618
     11 2619
     11 2620
      7 2621
      5 2622
      9 2623
      3 2624
      9 2625
      6 2626
      5 2627
     10 2628
      5 2629
      8 2630
      5 2631
      5 2632
      6 2633
      8 2634
      7 2635
      6 2636
      8 2637
      5 2638
      5 2639
      6 2640
      6 2641
      7 2642
      9 2643
      4 2644
      8 2645
      5 2646
      8 2647
      4 2648
     10 2649
      6 2650
     10 2651
      6 2652
     10 2653
      1 2654
      4 2655
      2 2656
      8 2657
      4 2658
      6 2659
      2 2660
      8 2661
      7 2662
      7 2663
      5 2664
      4 2665
      8 2666
      7 2667
      8 2668
      4 2669
      9 2670
      4 2671
      4 2672
      4 2673
      7 2674
      5 2675
      8 2676
      9 2677
      3 2678
      5 2679
      4 2680
      3 2681
      8 2682
      1 2683
     13 2684
      1 2685
     11 2686
      4 2687
      1 2688
      4 2689
      3 2690
      7 2691
      6 2692
      9 2693
      4 2694
      8 2695
      4 2696
      5 2697
      6 2698
      7 2699
      6 2700
      5 2701
     10 2702
      9 2703
      4 2704
      5 2705
      4 2706
      6 2707
      9 2708
     10 2709
      5 2710
      7 2711
     10 2712
      5 2713
      6 2714
      9 2715
      5 2716
      7 2717
      9 2718
      3 2719
      4 2720
      8 2721
      5 2722
      5 2723
      6 2724
      2 2725
      7 2726
      7 2727
      2 2728
      3 2729
      5 2730
      4 2731
      2 2732
     11 2733
      5 2734
      8 2735
      5 2736
      2 2737
      9 2738
      9 2739
      5 2740
     10 2741
      6 2742
      3 2743
      8 2744
      6 2745
      4 2746
      6 2747
      8 2748
      8 2749
      4 2750
      3 2751
      6 2752
      6 2753
      3 2754
      7 2755
      7 2756
      4 2757
      3 2758
     10 2759
      5 2760
      7 2761
      8 2762
      6 2763
      5 2764
      6 2765
     10 2766
      9 2767
     10 2768
      5 2769
      6 2770
      4 2771
      6 2772
      9 2773
     14 2774
      8 2775
      7 2776
      2 2777
      6 2778
     12 2779
      4 2780
      6 2781
      6 2782
      7 2783
      9 2784
      9 2785
      5 2786
      7 2787
      9 2788
      9 2789
      4 2790
      7 2791
      9 2792
      4 2793
     11 2794
      3 2795
     10 2796
      4 2797
      2 2798
      7 2799
      8 2800
     13 2801
      6 2802
     13 2803
      8 2804
     10 2805
      6 2806
     10 2807
      8 2808
      5 2809
      7 2810
      1 2811
      7 2812
      5 2813
      7 2814
     11 2815
      6 2816
      3 2817
      6 2818
      7 2819
      7 2820
      4 2821
     10 2822
      6 2823
      2 2824
      9 2825
      6 2826
      5 2827
      6 2828
      3 2829
      8 2830
      2 2831
      6 2832
      7 2833
      6 2834
      4 2835
     12 2836
      3 2837
      7 2838
      3 2839
      5 2840
      5 2841
      6 2842
      9 2843
      6 2844
      6 2845
      2 2846
      3 2847
      9 2848
      4 2849
      3 2850
      2 2851
     11 2852
      3 2853
      6 2854
      6 2855
      8 2856
      7 2857
      4 2858
      8 2859
      5 2860
      6 2861
      7 2862
      5 2863
     10 2864
      6 2865
      1 2866
      4 2867
      6 2868
      5 2869
      6 2870
      3 2871
      3 2872
      9 2873
      5 2874
      8 2875
      7 2876
      8 2877
      6 2878
      5 2879
      6 2880
     10 2881
      5 2882
      8 2883
      2 2884
      8 2885
      1 2886
      4 2887
      3 2888
      3 2889
      2 2890
      4 2891
     13 2892
      4 2893
      4 2894
      7 2895
      8 2896
     10 2897
      9 2898
      3 2899
      9 2900
      6 2901
      2 2902
     10 2903
      6 2904
      9 2905
      9 2906
      4 2907
      2 2908
      4 2909
      7 2910
      4 2911
      8 2912
      7 2913
      8 2914
      8 2915
      9 2916
      6 2917
      6 2918
      7 2919
      4 2920
     10 2921
      8 2922
      5 2923
      9 2924
     14 2925
      6 2926
      6 2927
      7 2928
      6 2929
      6 2930
      7 2931
      4 2932
      6 2933
      8 2934
      6 2935
      6 2936
      7 2937
      7 2938
      5 2939
      8 2940
      3 2941
      7 2942
      6 2943
      8 2944
      4 2945
      8 2946
      5 2947
      6 2948
      6 2949
      4 2950
      8 2951
      5 2952
      6 2953
      4 2954
      4 2955
     10 2956
      6 2957
      5 2958
      4 2959
      5 2960
      6 2961
      9 2962
      8 2963
      6 2964
      5 2965
      4 2966
      9 2967
      6 2968
      4 2969
      7 2970
      7 2971
      2 2972
      4 2973
      6 2974
      8 2975
      4 2976
      7 2977
      6 2978
      4 2979
     10 2980
      6 2981
      2 2982
      5 2983
      5 2984
      8 2985
      9 2986
      4 2987
      5 2988
      8 2989
      1 2990
      5 2991
      3 2992
      6 2993
      8 2994
      5 2995
      5 2996
      5 2997
      3 2998
      5 2999
      6 3000
      4 3001
      4 3002
      9 3003
     12 3004
      5 3005
      3 3006
      7 3007
      2 3008
      6 3009
      2 3010
      4 3011
      4 3012
      5 3013
      6 3014
      7 3015
      1 3016
      4 3017
      8 3018
      4 3019
      7 3020
      2 3021
      5 3022
      6 3023
      5 3024
      8 3025
      6 3026
     10 3027
     10 3028
      6 3029
      4 3030
      6 3031
      4 3032
      3 3033
      9 3034
      7 3035
      1 3036
      6 3037
      3 3038
      4 3039
      4 3040
      2 3041
      4 3042
      5 3043
      2 3044
      2 3045
      2 3046
      2 3047
      7 3048
      4 3049
      5 3050
      4 3051
      3 3052
      3 3053
      4 3054
      2 3056
      3 3057
      4 3058
      3 3060
      4 3061
      5 3062
      2 3063
      3 3064
      5 3065
      3 3066
      4 3067
      5 3068
      3 3069
      8 3070
      4 3071
      4 3072
      5 3073
      2 3074
      6 3076
      5 3077
      1 3078
      3 3079
      2 3080
      4 3081
      5 3083
      3 3084
      3 3085
      1 3086
      2 3087
      2 3088
      7 3090
      3 3091
      2 3092
      4 3093
      2 3094
      2 3095
      1 3096
      2 3097
      3 3098
      7 3099
      4 3100
      7 3101
      5 3102
      3 3103
      5 3104
      4 3105
      4 3106
      4 3107
      6 3108
      7 3109
      2 3110
      6 3112
      3 3113
      2 3114
      1 3115
      4 3116
      3 3117
      5 3118
      3 3119
      3 3120
      1 3121
      3 3122
      4 3123
      4 3124
      4 3125
      5 3126
      1 3127
      6 3128
      3 3129
      2 3130
      7 3131
      3 3132
      3 3133
      2 3134
      1 3135
      1 3136
      4 3137
      3 3138
      7 3139
      2 3140
      1 3141
      9 3142
      6 3143
      5 3144
      3 3145
      2 3146
      2 3147
      5 3148
      5 3149
      3 3150
      4 3151
      4 3152
      2 3153
      6 3154
      4 3155
      2 3156
      1 3157
      2 3158
      7 3159
      5 3160
      3 3161
      3 3162
      3 3163
      3 3164
      3 3165
      5 3167
      3 3168
      2 3169
      1 3170
      4 3171
      3 3172
      2 3173
      4 3174
      1 3175
      4 3176
      4 3177
      6 3178
      3 3179
      3 3180
      1 3181
      3 3182
      7 3183
      3 3184
      3 3185
      3 3186
      3 3187
      1 3188
      5 3189
      1 3190
      4 3191
      2 3192
      3 3193
      4 3194
      7 3196
      5 3197
      4 3198
      5 3199
      1 3200
      5 3201
      5 3202
      3 3203
      6 3204
      2 3205
      4 3206
      2 3207
      4 3208
      1 3209
      7 3210
      1 3211
      4 3212
      4 3213
      1 3214
      8 3215
      3 3216
      6 3217
      1 3218
      3 3219
      1 3220
      1 3221
      4 3222
      1 3223
      3 3224
      1 3225
      3 3226
      4 3227
      2 3228
      6 3229
      4 3230
      5 3231
      2 3232
      4 3233
      2 3234
      2 3235
      7 3236
      1 3237
      8 3238
      3 3239
      5 3240
      2 3241
      4 3242
      3 3243
      2 3244
      3 3245
      3 3246
      2 3247
      7 3248
      2 3249
      4 3250
      2 3251
      4 3252
      3 3253
      8 3254
      1 3255
      8 3256
      4 3257
      3 3258
      5 3259
      3 3260
      2 3261
      1 3262
      1 3263
      4 3264
      4 3265
      4 3266
      2 3267
      3 3268
      1 3269
      2 3270
      4 3271
      2 3272
      2 3273
      1 3274
      2 3275
      3 3276
      1 3277
      6 3278
      7 3279
      1 3280
      5 3281
      5 3282
      4 3283
      4 3284
      3 3285
      2 3286
      4 3287
      2 3288
      1 3289
      1 3290
      1 3292
      3 3293
      5 3294
      3 3295
      1 3296
      2 3297
      1 3298
      1 3300
      4 3301
      2 3302
      5 3303
      4 3304
      4 3305
      2 3306
      5 3307
      4 3308
      2 3309
      5 3310
      2 3312
      4 3313
      4 3314
      6 3315
      3 3316
      3 3317
      4 3319
      6 3321
      5 3322
      2 3323
      6 3324
      2 3325
      4 3326
      6 3327
      3 3328
      7 3329
      1 3330
      1 3331
      3 3332
      2 3333
      2 3334
      3 3335
      3 3336
      3 3337
      4 3338
      6 3339
      1 3341
      3 3342
      4 3343
      5 3344
      3 3345
      4 3346
      2 3347
      6 3348
      3 3349
      2 3350
      3 3351
      2 3352
      6 3353
      1 3354
      1 3355
      3 3357
      2 3358
      2 3359
     10 3360
      5 3361
      5 3362
      1 3363
      5 3364
      4 3365
      2 3366
      5 3367
      3 3368
      7 3369
      6 3370
      6 3371
      4 3372
      4 3373
      4 3374
      2 3375
      4 3376
      5 3377
      1 3378
      3 3379
      3 3380
      4 3381
      2 3382
      4 3383
      6 3384
      2 3385
      5 3386
      1 3387
      5 3388
      1 3389
      4 3390
      4 3391
      4 3392
      3 3394
      6 3395
      1 3396
      2 3397
      8 3398
      3 3399
      5 3400
      4 3401
      2 3402
      3 3403
      4 3404
      3 3405
      4 3406
      3 3407
      4 3408
      2 3409
      1 3410
      3 3411
      8 3412
      3 3413
      6 3414
      4 3415
      5 3416
      2 3417
      2 3418
      5 3419
      3 3420
      4 3421
      2 3422
      3 3423
      4 3424
      6 3425
      2 3426
      4 3427
      2 3428
      4 3430
      4 3431
      5 3432
      7 3433
      2 3434
      3 3435
      2 3436
      4 3437
      2 3438
      2 3439
      1 3440
      2 3441
      3 3442
      4 3443
      2 3444
      3 3445
      3 3446
      4 3447
      2 3448
      5 3449
      5 3450
      4 3451
      2 3452
      1 3453
      3 3454
      2 3455
      3 3456
      2 3457
      2 3458
      3 3459
      5 3460
      1 3461
      6 3462
      2 3463
      7 3464
      2 3465
      1 3466
      5 3467
      2 3468
      4 3469
      4 3470
      1 3471
      3 3472
      4 3473
      2 3474
      1 3475
      1 3476
      3 3477
      2 3478
      3 3479
      4 3480
      2 3481
      3 3482
      2 3484
      5 3485
      2 3487
      2 3488
      3 3489
      6 3490
      2 3491
      2 3492
      5 3493
      3 3495
      5 3496
      5 3497
      3 3498
      5 3499
      6 3500
      3 3501
      3 3502
      2 3503
      2 3505
      3 3506
      2 3507
      1 3508
      2 3509
      2 3510
      2 3511
      1 3512
      5 3513
      1 3514
      3 3515
      3 3516
      2 3517
      1 3520
      2 3522
      1 3523
      3 3524
      4 3525
      3 3526
      2 3527
      1 3528
      2 3529
      2 3530
      3 3532
      1 3533
      2 3535
      1 3537
      3 3539
      1 3540
      1 3541
      3 3542
      3 3543
      1 3544
      2 3545
      2 3546
      2 3547
      1 3548
      4 3549
      4 3551
      1 3552
      1 3554
      4 3556
      3 3558
      1 3561
      1 3563
      1 3564
      1 3566
      1 3568
      1 3569
      3 3570
      3 3571
      2 3573
      2 3574
      3 3575
      5 3581
      5 3583
      3 3584
      2 3585
      3 3586
      3 3589
      2 3590
      3 3591
      1 3592
      1 3594
      1 3596
      4 3597
      3 3599
      1 3601
      4 3602
      2 3603
      2 3604
      2 3605
      2 3606
      1 3607
      3 3608
      1 3609
      3 3611
      1 3612
      1 3613
      2 3615
      3 3616
      2 3620
      1 3621
      1 3622
      1 3623
      4 3625
      1 3626
      2 3628
      3 3629
      1 3630
      2 3631
      2 3633
      1 3634
      2 3635
      2 3636
      1 3637
      1 3638
      2 3640
      2 3641
      4 3642
      1 3643
      2 3644
      3 3646
      1 3647
      2 3648
      3 3649
      2 3651
      1 3653
      2 3654
      3 3655
      2 3656
      1 3657
      2 3658
      1 3660
      1 3662
      1 3663
      4 3664
      3 3665
      1 3666
      1 3667
      1 3668
      4 3669
      1 3671
      2 3672
      2 3673
      3 3674
      1 3675
      1 3677
      1 3678
      2 3679
      6 3681
      2 3682
      2 3684
      3 3685
      3 3686
      1 3687
      1 3688
      3 3689
      1 3690
      1 3691
      1 3692
      1 3693
      1 3694
      2 3695
      1 3696
      1 3697
      1 3698
      2 3699
      1 3701
      1 3702
      2 3703
      1 3705
      1 3706
      1 3707
      1 3708
      2 3710
      2 3711
      4 3712
      5 3713
      2 3715
      1 3716
      1 3717
      1 3718
      1 3719
      1 3720
      2 3721
      2 3722
      1 3724
      4 3725
      2 3726
      3 3728
      2 3729
      1 3730
      3 3731
      1 3733
      3 3734
      3 3735
      3 3736
      1 3737
      1 3739
      4 3740
      3 3741
      3 3742
      3 3743
      3 3745
      6 3746
      1 3747
      2 3748
      2 3749
      2 3750
      3 3752
      4 3753
      1 3755
      1 3756
      1 3757
      1 3759
      2 3760
      3 3761
      1 3762
      2 3763
      1 3764
      1 3765
      2 3766
      2 3767
      2 3768
      1 3769
      3 3770
      2 3771
      1 3773
      2 3774
      2 3775
      1 3776
      1 3777
      2 3780
      3 3781
      1 3782
      2 3785
      2 3786
      1 3787
      1 3788
      1 3790
      1 3791
      3 3792
      1 3794
      4 3796
      1 3797
      2 3798
      2 3799
      2 3801
      3 3802
      3 3804
      1 3805
      1 3806
      2 3807
      3 3808
      2 3809
      1 3810
      1 3811
      3 3812
      3 3813
      2 3814
      3 3815
      3 3816
      3 3817
      1 3818
      1 3819
      4 3820
      2 3821
      1 3822
      2 3823
      2 3825
      3 3826
      1 3827
      2 3828
      1 3829
      1 3831
      2 3832
      7 3833
      2 3834
      1 3835
      2 3836
      2 3837
      2 3838
      3 3839
      2 3840
      1 3841
      1 3843
      1 3844
      1 3845
      1 3846
      2 3847
      1 3849
      5 3850
      1 3851
      3 3852
      1 3854
      3 3855
      3 3856
      1 3857
      1 3861
      3 3863
      1 3864
      1 3865
      4 3866
      2 3867
      2 3868
      3 3870
      1 3871
      1 3872
      1 3874
      3 3875
      1 3876
      1 3877
      4 3878
      1 3879
      1 3880
      2 3881
      3 3882
      2 3883
      3 3884
      1 3885
      1 3886
      1 3887
      2 3888
      2 3889
      2 3890
      1 3891
      4 3892
      3 3893
      1 3894
      1 3895
      2 3896
      2 3897
      1 3898
      3 3899
      2 3900
      2 3901
      1 3903
      1 3904
      2 3905
      1 3906
      2 3908
      1 3909
      1 3910
      2 3911
      2 3913
      2 3914
      4 3915
      2 3916
      1 3917
      2 3918
      5 3919
      2 3920
      3 3921
      1 3923
      2 3924
      3 3925
      4 3927
      3 3929
      1 3930
      2 3932
      2 3934
      2 3935
      2 3936
      3 3939
      2 3941
      1 3942
      2 3943
      2 3944
      2 3945
      1 3946
      2 3948
      1 3949
      2 3950
      1 3951
      3 3952
      1 3955
      2 3957
      2 3959
      1 3960
      3 3961
      2 3963
      1 3964
      3 3965
      1 3966
      3 3967
      3 3968
      1 3970
      2 3972
      1 3973
      1 3974
      1 3975
      2 3977
      1 3979
      1 3980
      1 3981
      1 3983
      3 3984
      2 3986
      1 3987
      1 3988
      2 3989
      1 3991
      1 3993
      3 3994
      2 3995
      2 3996
      1 3997
      1 3999
      1 4000
      1 4004
      1 4006
      1 4007
      4 4008
      1 4009
      1 4010
      2 4012
      2 4013
      2 4015
      1 4016
      1 4018
      1 4019
      2 4022
      2 4024
      1 4025
      2 4026
      2 4027
      1 4028
      1 4030
      2 4031
      2 4032
      2 4033
      3 4034
      1 4035
      1 4036
      1 4037
      2 4039
      1 4040
      1 4041
      4 4042
      2 4043
      2 4044
      1 4045
      3 4046
      2 4047
      3 4048
      1 4049
      1 4050
      1 4051
      4 4052
      2 4053
      1 4055
      1 4056
      1 4057
      2 4058
      2 4060
      1 4061
      3 4062
      2 4063
      1 4064
      2 4065
      2 4067
      2 4068
      2 4070
      1 4071
      5 4073
      2 4074
      4 4075
      3 4076
      1 4077
      3 4078
      4 4079
      3 4080
      1 4081
      2 4082
      2 4083
      4 4084
      1 4085
      2 4086
      1 4088
      1 4089
      5 4090
      3 4091
      1 4092
      2 4093
      3 4094
      6 4095
      4 4096
      4 4097
      2 4098
      4 4099
      3 4100
      3 4101
      1 4102
      1 4103
      1 4104
      1 4105
      3 4106
      2 4107
      1 4108
      2 4109
      5 4110
      4 4111
      2 4112
      8 4113
      1 4114
      2 4115
      7 4116
      3 4117
      2 4118
      2 4119
      1 4120
      1 4121
      4 4122
      2 4123
      2 4124
      3 4126
      3 4127
      4 4128
      1 4129
      4 4130
      2 4131
      4 4132
      2 4133
      1 4134
      3 4136
      2 4138
      2 4139
      3 4141
      1 4142
      2 4143
      1 4146
      3 4147
      7 4148
      3 4149
      2 4150
      1 4152
      6 4153
      2 4154
      1 4155
      4 4156
      2 4158
      5 4160
      3 4161
      1 4163
      1 4165
      1 4166
      4 4167
      2 4168
      2 4169
      2 4170
      1 4171
      3 4172
      1 4173
      1 4176
      4 4177
      2 4178
      3 4179
      2 4180
      4 4181
      2 4182
      2 4183
      2 4185
      3 4186
      3 4187
      2 4188
      2 4189
      1 4190
      2 4191
      1 4193
      1 4195
      1 4196
      3 4197
      1 4198
      2 4200
      2 4201
      1 4202
      1 4204
      2 4205
      1 4207
      1 4208
      1 4209
      2 4210
      4 4211
      1 4212
      3 4213
      1 4214
      1 4215
      3 4216
      2 4218
      2 4219
      2 4221
      1 4222
      1 4223
      1 4224
      1 4225
      1 4226
      3 4227
      4 4228
      1 4231
      2 4232
      1 4233
      1 4234
      2 4235
      1 4236
      2 4238
      1 4240
      2 4241
      1 4244
      1 4245
      1 4249
      1 4254
      2 4256
      2 4257
      3 4258
      3 4259
      2 4261
      3 4262
      2 4263
      1 4264
      1 4265
      2 4266
      1 4267
      2 4268
      2 4269
      3 4270
      1 4271
      2 4274
      1 4275
      1 4276
      1 4277
      2 4278
      3 4279
      1 4280
      3 4282
      4 4283
      1 4284
      2 4285
      3 4286
      2 4287
      1 4290
      2 4292
      4 4293
      2 4295
      2 4296
      5 4297
      2 4298
      4 4299
      1 4301
      1 4302
      2 4303
      3 4304
      2 4309
      4 4310
      3 4311
      1 4313
      3 4314
      1 4315
      1 4316
      5 4317
      2 4320
      3 4321
      1 4322
      3 4323
      1 4324
      2 4325
      1 4327
      1 4328
      3 4330
      2 4331
      3 4332
      2 4333
      1 4334
      1 4335
      2 4337
      2 4338
      1 4339
      1 4340
      1 4341
      4 4347
      1 4348
      2 4350
      1 4352
      3 4357
      1 4358
      1 4359
      1 4360
      1 4362
      2 4363
      1 4364
      2 4366
      1 4367
      2 4368
      2 4370
      3 4373
      4 4374
      3 4375
      2 4376
      2 4377
      1 4378
      1 4379
      1 4380
      2 4381
      1 4382
      1 4383
      1 4384
      1 4385
      1 4386
      3 4387
      1 4388
      4 4390
      1 4391
      1 4392
      2 4393
      1 4394
      1 4396
      1 4401
      1 4402
      1 4403
      1 4404
      1 4405
      1 4407
      2 4408
      2 4410
      2 4416
      1 4418
      1 4424
      1 4431
      2 4433
      2 4438
      1 4439
      1 4444
      1 4446
      1 4447
      2 4450
      1 4457
      2 4459
      2 4461
      3 4462
      1 4463
      3 4464
      1 4465
      1 4466
      2 4467
      3 4468
      1 4473
      1 4474
      1 4476
      1 4479
      1 4488
      1 4494
      1 4498
      2 4501
      1 4505
      1 4516
      1 4518
      1 4520
      1 4521
      1 4527
      1 4533
      1 4536
      1 4537
      1 4543
      1 4553
      1 4555
      1 4559
      1 4563
      1 4568
      1 4570
      1 4575
      1 4581
      1 4583
      1 4585
      1 4592
      1 4593
      1 4595
      1 4598
      1 4599
      1 4600
      1 4606
      1 4607
      1 4608
      1 4610
      2 4621
      1 4627
      2 4633
      1 4635
      1 4641
      1 4642
      1 4645
      1 4646
      2 4653
      2 4655
      1 4667
      1 4668
      1 4669
      1 4674
      1 4684
      1 4694
      1 4695
      1 4696
      1 4704
      1 4706
      1 4709
      1 4715
      1 4718
      1 4724
      1 4734
      1 4738
      1 4742
      1 4749
      1 4751
      1 4757
      1 4764
      1 4766
      1 4772
      1 4773
      1 4774
      1 4780
      1 4783
      1 4789
      1 4805
      2 4811
      1 4814
      1 4817
      1 4818
      1 4821
      1 4822
      1 4829
      1 4831
      1 4834
      1 4836
      1 4837
      1 4841
      1 4848
      1 4851
      2 4860
      2 4866
      1 4872
      1 4876
      1 4877
      1 4878
      1 4880
      1 4882
      1 4901
      1 4902
      1 4904
      1 4910
      1 4911
      1 4924
      1 4927
      1 4931
      1 4938
      1 4942
      2 4948
      1 4956
      1 4958
      1 4959
      1 4961
      1 4964
      2 4968
      1 4971
      1 4974
      1 4976
      1 4984
      1 4986
      1 5001
      1 5003
      1 5006
      2 5009
      1 5016
      1 5029
      2 5032
      1 5051
      1 5053
      1 5057
      1 5067
      1 5086
      1 5090
      2 5096
      1 5118
      1 5122
      1 5126
      1 5148
      2 5149
      1 5150
      1 5156
      1 5169
      1 5170
      1 5178
      2 5191
      1 5193
      1 5207
      1 5210
      1 5214
      1 5215
      1 5222
      2 5227
      1 5248
      2 5250
      1 5254
      1 5255
      1 5266
      1 5274
      1 5280
      1 5286
      1 5290
      1 5292
      1 5299
      1 5300
      1 5301
      1 5312
      1 5318
      2 5319
      1 5322
      1 5328
      1 5333
      1 5343
      1 5344
      2 5347
      1 5348
      1 5350
      1 5354
      1 5359
      1 5365
      1 5372
      1 5376
      2 5382
      1 5383
      1 5386
      1 5392
      1 5394
      1 5405
      1 5411
      2 5413
      1 5415
      1 5419
      2 5420
      1 5421
      1 5429
      1 5430
      1 5449
      1 5455
      1 5456
      1 5459
      1 5464
      1 5472
      1 5482
      1 5485
      1 5488
      1 5489
      1 5498
      1 5500
      1 5507
      2 5509
      1 5515
      1 5518
      1 5519
      1 5525
      1 5526
      1 5527
      1 5529
      1 5532
      1 5533
      2 5534
      1 5537
      3 5541
      1 5545
      1 5546
      2 5547
      1 5548
      1 5549
      1 5551
      1 5552
      1 5564
      1 5565
      1 5573
      1 5575
      2 5576
      1 5578
      1 5579
      1 5581
      1 5582
      2 5586
      2 5588
      1 5589
      1 5590
      2 5592
      1 5594
      2 5597
      1 5603
      1 5607
      1 5616
      1 5620
      1 5621
      1 5624
      1 5633
      1 5640
      1 5641
      1 5644
      1 5652
      2 5653
      2 5654
      1 5656
      1 5666
      1 5667
      1 5669
      1 5670
      1 5673
      1 5679
      1 5682
      1 5684
      1 5686
      1 5687
      2 5696
      1 5705
      1 5706
      1 5708
      1 5722
      1 5723
      1 5731
      1 5733
      1 5737
      1 5739
      1 5756
      1 5772
      1 5773
      1 5774
      1 5801
      1 5802
      1 5810
      1 5822
      1 5863
      2 5864
      1 5888
      1 5904
      1 5909
      1 5920
      1 5939
      1 5944
      1 5956
      1 5964
      1 5989
      1 5999
      1 6014
      1 6020
      1 6029
      1 6030
      1 6041
      1 6064
      1 6071
      1 6093
      1 6095
      1 6105
      1 6113
      1 6125
      1 6133
      1 6138
      1 6150
      1 6154
      1 6164
      1 6182
      1 6187
      1 6196
      1 6205
      1 6220
      2 6226
      1 6258
      1 6260
      1 6269
      1 6272
      1 6294
      1 6296
      1 6324
      1 6332
      1 6341
      1 6350
      1 6351
      1 6354
      1 6364
      2 6374
      2 6375
      1 6381
      1 6383
      1 6421
      1 6432
      1 6437
      1 6452
      1 6462
      1 6477
      1 6495
      1 6502
      1 6527
      2 6543
      1 6561
      1 6562
      1 6579
      1 6594
      1 6600
      1 6614
      1 6620
      1 6631
      1 6657
      1 6662
      1 6689
      1 6706
      1 6710
      1 6727
      1 6736
      1 6757
      1 6760
      1 6772
      1 6774
      1 6795
      2 6800
      2 6811
      1 6820
      1 6821
      2 6823
      1 6828
      1 6833
      1 6834
      1 6839
      1 6841
      1 6844
      1 6846
      1 6855
      1 6866
      1 6867
      1 6868
      1 6876
      1 6880
      1 6881
      2 6885
      1 6893
      1 6894
      1 6896
      1 6899
      2 6900
      1 6902
      1 6903
      2 6906
      1 6907
      1 6908
      1 6912
      2 6913
      1 6915
      2 6919
      2 6921
      1 6922
      1 6924
      1 6925
      1 6942
      1 6944
      1 6967
      1 6983
      1 7003
      1 7012
      1 7035
      1 7050
      1 7071
      1 7082
      1 7104
      1 7108
      1 7131
      1 7148
      1 7176
      1 7179
      1 7180
      1 7190
      1 7191
      1 7216
      1 7222
      3 7232
      1 7238
      1 7247
      1 7249
      1 7270
      1 7295
      1 7297
      2 7301
      1 7302
      2 7311
      1 7315
      1 7319
      1 7337
      1 7340
      1 7341
      1 7343
      1 7346
      1 7364
      1 7366
      1 7370
      1 7377
      1 7382
      1 7392
      1 7395
      1 7410
      1 7412
      1 7413
      1 7414
      1 7425
      1 7430
      2 7435
      1 7437
      1 7439
      1 7440
      1 7441
      2 7442
      3 7445
      1 7452
      1 7457
      1 7458
      1 7459
      1 7461
      1 7462
      1 7464
      1 7467
      2 7470
      1 7472
      1 7473
      1 7476
      1 7477
      1 7489
      1 7492
      1 7498
      1 7500
      1 7505
      1 7506
      2 7518
      1 7519
      1 7520
      1 7523
