 238914 0
135460606 1
270020961 2
399721493 3
470037702 4
459657190 5
385480711 6
283671208 7
186511644 8
111068749 9
60805336 10
31060977 11
15085948 12
7148945 13
3455958 14
1802488 15
1070374 16
 723917 17
 546350 18
 440330 19
 367857 20
 318744 21
 278632 22
 246048 23
 217107 24
 195324 25
 175119 26
 158379 27
 140899 28
 129276 29
 116284 30
 105818 31
  95560 32
  86952 33
  79485 34
  71574 35
  64512 36
  58307 37
  54393 38
  49935 39
  46309 40
  43728 41
  41186 42
  38599 43
  36192 44
  33971 45
  33044 46
  30735 47
  29666 48
  27798 49
  26776 50
  25745 51
  24905 52
  24533 53
  23410 54
  22558 55
  21510 56
  20753 57
  20174 58
  19563 59
  19170 60
  18559 61
  17591 62
  17279 63
  16574 64
  16206 65
  15698 66
  15292 67
  14949 68
  14222 69
  14222 70
  13986 71
  13673 72
  12913 73
  12716 74
  12439 75
  12414 76
  12089 77
  11823 78
  11483 79
  11315 80
  10885 81
  10885 82
  10557 83
  10461 84
   9917 85
   9711 86
   9599 87
   9314 88
   9219 89
   9174 90
   8851 91
   8533 92
   8690 93
   8720 94
   8476 95
   8212 96
   7984 97
   7899 98
   7681 99
   7916 100
   7862 101
   7550 102
   7539 103
   7701 104
   7537 105
   7225 106
   7299 107
   7102 108
   7042 109
   6684 110
   6863 111
   6626 112
   6508 113
   6381 114
   6281 115
   6263 116
   6103 117
   6059 118
   6122 119
   6086 120
   5954 121
   5685 122
   5580 123
   5660 124
   5657 125
   5549 126
   5606 127
   5519 128
   5446 129
   5397 130
   5352 131
   5323 132
   5212 133
   5180 134
   5083 135
   5013 136
   4896 137
   4771 138
   4807 139
   4778 140
   4858 141
   4636 142
   4595 143
   4412 144
   4474 145
   4312 146
   4211 147
   4191 148
   4311 149
   4180 150
   4202 151
   4314 152
   4118 153
   4108 154
   4053 155
   4088 156
   4102 157
   3998 158
   3899 159
   3786 160
   3884 161
   3644 162
   3776 163
   3691 164
   3658 165
   3774 166
   3596 167
   3630 168
   3725 169
   3798 170
   3752 171
   3684 172
   3668 173
   3471 174
   3529 175
   3412 176
   3509 177
   3540 178
   3479 179
   3634 180
   3469 181
   3624 182
   3473 183
   3395 184
   3497 185
   3380 186
   3472 187
   3430 188
   3403 189
   3332 190
   3198 191
   3244 192
   3258 193
   3263 194
   3076 195
   3241 196
   3125 197
   3194 198
   3109 199
   2956 200
   3050 201
   2982 202
   3053 203
   2948 204
   2982 205
   2855 206
   2902 207
   2852 208
   2881 209
   2869 210
   2872 211
   2906 212
   2856 213
   2912 214
   2952 215
   2964 216
   2987 217
   2945 218
   2654 219
   2741 220
   2685 221
   2730 222
   2766 223
   2757 224
   2690 225
   2617 226
   2625 227
   2502 228
   2590 229
   2588 230
   2540 231
   2507 232
   2487 233
   2541 234
   2382 235
   2579 236
   2452 237
   2333 238
   2440 239
   2411 240
   2333 241
   2404 242
   2310 243
   2257 244
   2156 245
   2225 246
   2073 247
   2250 248
   2062 249
   2185 250
   2122 251
   2057 252
   2163 253
   2065 254
   2044 255
   2046 256
   1975 257
   1976 258
   1955 259
   1948 260
   1825 261
   1955 262
   1871 263
   1864 264
   1871 265
   1820 266
   1769 267
   1797 268
   1715 269
   1666 270
   1695 271
   1705 272
   1688 273
   1632 274
   1654 275
   1654 276
   1570 277
   1592 278
   1650 279
   1612 280
   1607 281
   1582 282
   1540 283
   1650 284
   1544 285
   1546 286
   1477 287
   1463 288
   1534 289
   1449 290
   1380 291
   1438 292
   1343 293
   1299 294
   1260 295
   1335 296
   1283 297
   1186 298
   1189 299
   1133 300
   1156 301
   1250 302
   1183 303
   1188 304
   1213 305
   1148 306
   1173 307
   1161 308
   1132 309
   1102 310
   1073 311
   1057 312
   1102 313
   1041 314
   1013 315
   1035 316
   1127 317
   1167 318
   1041 319
   1103 320
   1024 321
   1059 322
   1041 323
   1009 324
   1049 325
    966 326
    984 327
    998 328
    981 329
    986 330
    968 331
    936 332
    955 333
    947 334
    924 335
    913 336
    880 337
    925 338
    863 339
    926 340
    798 341
    838 342
    805 343
    846 344
    860 345
    835 346
    844 347
    779 348
    775 349
    792 350
    835 351
    822 352
    815 353
    807 354
    811 355
    763 356
    764 357
    761 358
    796 359
    737 360
    776 361
    756 362
    727 363
    751 364
    740 365
    756 366
    757 367
    741 368
    755 369
    707 370
    754 371
    669 372
    693 373
    708 374
    708 375
    694 376
    703 377
    684 378
    697 379
    675 380
    711 381
    732 382
    715 383
    634 384
    675 385
    681 386
    624 387
    707 388
    613 389
    616 390
    627 391
    646 392
    605 393
    648 394
    611 395
    628 396
    597 397
    610 398
    604 399
    616 400
    623 401
    658 402
    614 403
    617 404
    614 405
    608 406
    612 407
    627 408
    652 409
    590 410
    570 411
    609 412
    600 413
    632 414
    620 415
    609 416
    641 417
    608 418
    574 419
    591 420
    594 421
    605 422
    615 423
    588 424
    543 425
    557 426
    589 427
    595 428
    589 429
    567 430
    558 431
    575 432
    605 433
    598 434
    593 435
    563 436
    549 437
    556 438
    605 439
    543 440
    552 441
    570 442
    513 443
    544 444
    511 445
    560 446
    532 447
    534 448
    544 449
    541 450
    583 451
    541 452
    567 453
    493 454
    499 455
    535 456
    521 457
    530 458
    500 459
    542 460
    550 461
    523 462
    551 463
    507 464
    534 465
    547 466
    526 467
    495 468
    528 469
    560 470
    499 471
    538 472
    520 473
    472 474
    555 475
    516 476
    487 477
    533 478
    488 479
    491 480
    467 481
    491 482
    450 483
    474 484
    477 485
    438 486
    459 487
    427 488
    446 489
    451 490
    469 491
    455 492
    463 493
    453 494
    477 495
    446 496
    442 497
    470 498
    421 499
    421 500
    425 501
    395 502
    393 503
    418 504
    402 505
    397 506
    427 507
    381 508
    398 509
    382 510
    448 511
    385 512
    404 513
    425 514
    391 515
    390 516
    418 517
    384 518
    361 519
    385 520
    396 521
    401 522
    392 523
    399 524
    434 525
    433 526
    349 527
    418 528
    421 529
    397 530
    378 531
    391 532
    405 533
    402 534
    406 535
    403 536
    393 537
    412 538
    402 539
    398 540
    400 541
    355 542
    374 543
    381 544
    359 545
    354 546
    383 547
    383 548
    413 549
    375 550
    413 551
    406 552
    360 553
    401 554
    284 555
    346 556
    356 557
    378 558
    353 559
    311 560
    321 561
    333 562
    393 563
    363 564
    347 565
    356 566
    327 567
    332 568
    352 569
    360 570
    328 571
    342 572
    338 573
    337 574
    310 575
    327 576
    359 577
    340 578
    316 579
    331 580
    329 581
    304 582
    329 583
    291 584
    327 585
    335 586
    288 587
    348 588
    316 589
    311 590
    296 591
    351 592
    330 593
    341 594
    337 595
    325 596
    313 597
    282 598
    322 599
    309 600
    312 601
    327 602
    301 603
    320 604
    302 605
    315 606
    308 607
    337 608
    270 609
    301 610
    328 611
    301 612
    295 613
    316 614
    296 615
    275 616
    305 617
    271 618
    318 619
    297 620
    301 621
    291 622
    278 623
    318 624
    325 625
    315 626
    289 627
    275 628
    284 629
    289 630
    251 631
    285 632
    276 633
    356 634
    267 635
    313 636
    314 637
    299 638
    271 639
    258 640
    272 641
    276 642
    280 643
    289 644
    302 645
    282 646
    275 647
    285 648
    289 649
    272 650
    266 651
    287 652
    272 653
    274 654
    260 655
    264 656
    228 657
    303 658
    279 659
    256 660
    282 661
    273 662
    287 663
    271 664
    259 665
    264 666
    301 667
    269 668
    270 669
    278 670
    265 671
    252 672
    278 673
    282 674
    260 675
    274 676
    288 677
    273 678
    275 679
    256 680
    260 681
    255 682
    288 683
    270 684
    281 685
    267 686
    306 687
    276 688
    256 689
    247 690
    241 691
    249 692
    256 693
    271 694
    247 695
    243 696
    255 697
    267 698
    264 699
    272 700
    236 701
    245 702
    254 703
    285 704
    283 705
    271 706
    280 707
    265 708
    233 709
    250 710
    269 711
    286 712
    251 713
    247 714
    270 715
    271 716
    245 717
    250 718
    255 719
    251 720
    262 721
    274 722
    260 723
    256 724
    249 725
    274 726
    272 727
    286 728
    255 729
    265 730
    267 731
    284 732
    272 733
    246 734
    256 735
    264 736
    251 737
    252 738
    239 739
    262 740
    263 741
    272 742
    274 743
    251 744
    248 745
    306 746
    236 747
    250 748
    225 749
    229 750
    203 751
    246 752
    215 753
    254 754
    265 755
    218 756
    240 757
    243 758
    229 759
    238 760
    254 761
    251 762
    258 763
    203 764
    256 765
    220 766
    258 767
    229 768
    214 769
    234 770
    200 771
    240 772
    205 773
    222 774
    227 775
    260 776
    222 777
    219 778
    198 779
    222 780
    208 781
    211 782
    227 783
    210 784
    241 785
    217 786
    209 787
    247 788
    229 789
    223 790
    237 791
    204 792
    203 793
    175 794
    233 795
    227 796
    197 797
    223 798
    205 799
    221 800
    228 801
    226 802
    206 803
    218 804
    215 805
    209 806
    200 807
    191 808
    217 809
    190 810
    211 811
    186 812
    218 813
    198 814
    218 815
    224 816
    229 817
    212 818
    214 819
    226 820
    210 821
    210 822
    204 823
    225 824
    205 825
    188 826
    196 827
    245 828
    227 829
    176 830
    224 831
    222 832
    193 833
    184 834
    217 835
    224 836
    202 837
    175 838
    212 839
    203 840
    184 841
    203 842
    206 843
    207 844
    212 845
    219 846
    211 847
    208 848
    207 849
    204 850
    214 851
    201 852
    202 853
    207 854
    201 855
    207 856
    193 857
    196 858
    177 859
    183 860
    183 861
    204 862
    193 863
    208 864
    163 865
    198 866
    204 867
    196 868
    212 869
    201 870
    193 871
    205 872
    214 873
    210 874
    213 875
    191 876
    197 877
    212 878
    181 879
    181 880
    213 881
    204 882
    203 883
    190 884
    195 885
    186 886
    203 887
    173 888
    185 889
    221 890
    218 891
    190 892
    213 893
    162 894
    185 895
    196 896
    193 897
    186 898
    184 899
    191 900
    175 901
    197 902
    187 903
    170 904
    207 905
    172 906
    178 907
    182 908
    174 909
    162 910
    200 911
    192 912
    200 913
    205 914
    194 915
    175 916
    186 917
    187 918
    190 919
    189 920
    165 921
    167 922
    208 923
    159 924
    160 925
    204 926
    163 927
    165 928
    200 929
    208 930
    167 931
    167 932
    180 933
    175 934
    191 935
    188 936
    187 937
    171 938
    216 939
    164 940
    170 941
    163 942
    194 943
    195 944
    175 945
    200 946
    188 947
    165 948
    162 949
    189 950
    171 951
    182 952
    174 953
    163 954
    181 955
    175 956
    176 957
    182 958
    181 959
    164 960
    170 961
    167 962
    174 963
    195 964
    169 965
    169 966
    182 967
    156 968
    186 969
    179 970
    163 971
    188 972
    197 973
    180 974
    182 975
    187 976
    189 977
    190 978
    164 979
    163 980
    147 981
    172 982
    156 983
    154 984
    206 985
    163 986
    158 987
    184 988
    169 989
    174 990
    186 991
    178 992
    185 993
    151 994
    157 995
    165 996
    141 997
    190 998
    181 999
    200 1000
    168 1001
    181 1002
    157 1003
    203 1004
    160 1005
    154 1006
    156 1007
    163 1008
    162 1009
    174 1010
    160 1011
    185 1012
    157 1013
    169 1014
    155 1015
    169 1016
    164 1017
    158 1018
    156 1019
    142 1020
    165 1021
    138 1022
    158 1023
    159 1024
    150 1025
    171 1026
    157 1027
    178 1028
    163 1029
    167 1030
    158 1031
    169 1032
    171 1033
    179 1034
    152 1035
    139 1036
    147 1037
    151 1038
    141 1039
    156 1040
    149 1041
    153 1042
    148 1043
    154 1044
    159 1045
    163 1046
    171 1047
    157 1048
    172 1049
    180 1050
    169 1051
    159 1052
    152 1053
    168 1054
    159 1055
    164 1056
    145 1057
    148 1058
    143 1059
    147 1060
    150 1061
    174 1062
    150 1063
    158 1064
    141 1065
    161 1066
    164 1067
    172 1068
    150 1069
    146 1070
    164 1071
    135 1072
    136 1073
    162 1074
    150 1075
    138 1076
    146 1077
    142 1078
    176 1079
    147 1080
    150 1081
    165 1082
    157 1083
    138 1084
    138 1085
    158 1086
    172 1087
    137 1088
    148 1089
    145 1090
    141 1091
    138 1092
    126 1093
    153 1094
    145 1095
    139 1096
    149 1097
    144 1098
    150 1099
    158 1100
    159 1101
    162 1102
    162 1103
    137 1104
    140 1105
    163 1106
    124 1107
    156 1108
    172 1109
    162 1110
    135 1111
    149 1112
    174 1113
    136 1114
    154 1115
    163 1116
    137 1117
    135 1118
    138 1119
    160 1120
    174 1121
    160 1122
    151 1123
    173 1124
    157 1125
    135 1126
    141 1127
    163 1128
    163 1129
    128 1130
    130 1131
    162 1132
    152 1133
    135 1134
    136 1135
    152 1136
    152 1137
    156 1138
    174 1139
    162 1140
    192 1141
    155 1142
    178 1143
    144 1144
    157 1145
    166 1146
    125 1147
    157 1148
    171 1149
    179 1150
    164 1151
    151 1152
    115 1153
    154 1154
    153 1155
    135 1156
    121 1157
    148 1158
    134 1159
    168 1160
    148 1161
    151 1162
    142 1163
    158 1164
    171 1165
    136 1166
    151 1167
    153 1168
    159 1169
    137 1170
    145 1171
    144 1172
    155 1173
    152 1174
    155 1175
    175 1176
    132 1177
    141 1178
    152 1179
    136 1180
    123 1181
    140 1182
    144 1183
    140 1184
    152 1185
    121 1186
    149 1187
    156 1188
    130 1189
    143 1190
    129 1191
    150 1192
    143 1193
    146 1194
    129 1195
    124 1196
    154 1197
    124 1198
    166 1199
    156 1200
    165 1201
    150 1202
    151 1203
    144 1204
    149 1205
    158 1206
    133 1207
    124 1208
    125 1209
    119 1210
    129 1211
    149 1212
    120 1213
    161 1214
    148 1215
    131 1216
    155 1217
    151 1218
    159 1219
    151 1220
    139 1221
    140 1222
    142 1223
    152 1224
    143 1225
    137 1226
    151 1227
    146 1228
    157 1229
    151 1230
    153 1231
    146 1232
    162 1233
    167 1234
    138 1235
    149 1236
    150 1237
    163 1238
    156 1239
    157 1240
    158 1241
    137 1242
    125 1243
    163 1244
    136 1245
    140 1246
    146 1247
    158 1248
    152 1249
    128 1250
    165 1251
    145 1252
    150 1253
    148 1254
    150 1255
    176 1256
    148 1257
    139 1258
    136 1259
    157 1260
    149 1261
    135 1262
    142 1263
    169 1264
    153 1265
    156 1266
    137 1267
    148 1268
    156 1269
    147 1270
    139 1271
    132 1272
    149 1273
    132 1274
    124 1275
    151 1276
    141 1277
    133 1278
    141 1279
    125 1280
    141 1281
    151 1282
    132 1283
    125 1284
    141 1285
    123 1286
    137 1287
    150 1288
    136 1289
    133 1290
    133 1291
    128 1292
    151 1293
    157 1294
    134 1295
    139 1296
    135 1297
    139 1298
    142 1299
    157 1300
    131 1301
    121 1302
    124 1303
    118 1304
    130 1305
    139 1306
    143 1307
    131 1308
    152 1309
    116 1310
    130 1311
    133 1312
    144 1313
    145 1314
    109 1315
    139 1316
    129 1317
    148 1318
    120 1319
    112 1320
    154 1321
    137 1322
    139 1323
    121 1324
    136 1325
    129 1326
    123 1327
    114 1328
    143 1329
    139 1330
    132 1331
    127 1332
    115 1333
    128 1334
    130 1335
    135 1336
    123 1337
    125 1338
    149 1339
    138 1340
    142 1341
    110 1342
    125 1343
    122 1344
    115 1345
    125 1346
    118 1347
    113 1348
    121 1349
    103 1350
    103 1351
    116 1352
    115 1353
    139 1354
    124 1355
    130 1356
    115 1357
    107 1358
    106 1359
    112 1360
    111 1361
    108 1362
    135 1363
    110 1364
     91 1365
    118 1366
    112 1367
    134 1368
    127 1369
    102 1370
    106 1371
    126 1372
    109 1373
    111 1374
    115 1375
    106 1376
    118 1377
    109 1378
     95 1379
    114 1380
    132 1381
    110 1382
    106 1383
    110 1384
    114 1385
    110 1386
    108 1387
    100 1388
    114 1389
    129 1390
    111 1391
    106 1392
    108 1393
    143 1394
    113 1395
    114 1396
    116 1397
    108 1398
    105 1399
    111 1400
    119 1401
    111 1402
    114 1403
     99 1404
    117 1405
    120 1406
    104 1407
    103 1408
     97 1409
    113 1410
    117 1411
    103 1412
    117 1413
    113 1414
    104 1415
    115 1416
    107 1417
    121 1418
    104 1419
    129 1420
    106 1421
    114 1422
    119 1423
    109 1424
    113 1425
    102 1426
    114 1427
     95 1428
    108 1429
    121 1430
    111 1431
    109 1432
     90 1433
    103 1434
     93 1435
    109 1436
    109 1437
    104 1438
     82 1439
     99 1440
    115 1441
     81 1442
    108 1443
    114 1444
     93 1445
    100 1446
    116 1447
    104 1448
    104 1449
    100 1450
     98 1451
    104 1452
     77 1453
     99 1454
     93 1455
    102 1456
     87 1457
    111 1458
     95 1459
     99 1460
     91 1461
    101 1462
     95 1463
     97 1464
    111 1465
    105 1466
    110 1467
    101 1468
    102 1469
     93 1470
     96 1471
    100 1472
     83 1473
     81 1474
     96 1475
    101 1476
     97 1477
     88 1478
     93 1479
     90 1480
     83 1481
    110 1482
    108 1483
    106 1484
     90 1485
     74 1486
    100 1487
     80 1488
    110 1489
    102 1490
     89 1491
    100 1492
     90 1493
     91 1494
     76 1495
    104 1496
     82 1497
     92 1498
     92 1499
    100 1500
     97 1501
     99 1502
    114 1503
     88 1504
     96 1505
    108 1506
    102 1507
    103 1508
    117 1509
    102 1510
     96 1511
    112 1512
     88 1513
    102 1514
    104 1515
    107 1516
    109 1517
    111 1518
     83 1519
    105 1520
     98 1521
     82 1522
     95 1523
     93 1524
    111 1525
     96 1526
     86 1527
     93 1528
    113 1529
     90 1530
     97 1531
     71 1532
    107 1533
    104 1534
     87 1535
     98 1536
     83 1537
     86 1538
     93 1539
    103 1540
     93 1541
     91 1542
     94 1543
     92 1544
    104 1545
    100 1546
     82 1547
    107 1548
    105 1549
     98 1550
    107 1551
     82 1552
     96 1553
     86 1554
     96 1555
     91 1556
    104 1557
     92 1558
     81 1559
     79 1560
     98 1561
    110 1562
     87 1563
     83 1564
     87 1565
     96 1566
     87 1567
    109 1568
     81 1569
     86 1570
    109 1571
     71 1572
    109 1573
     93 1574
     96 1575
    107 1576
    101 1577
     80 1578
     89 1579
     72 1580
     95 1581
     91 1582
     79 1583
     98 1584
     92 1585
     81 1586
    116 1587
     84 1588
    107 1589
     80 1590
     81 1591
     98 1592
     98 1593
     91 1594
     90 1595
     97 1596
    102 1597
     95 1598
     83 1599
     96 1600
     86 1601
     98 1602
     85 1603
     79 1604
     87 1605
     84 1606
     94 1607
     72 1608
     84 1609
     92 1610
     86 1611
     79 1612
     84 1613
     65 1614
     94 1615
    107 1616
     97 1617
     90 1618
     94 1619
    105 1620
     91 1621
     87 1622
    104 1623
    109 1624
     91 1625
     95 1626
     92 1627
     97 1628
     99 1629
     94 1630
     96 1631
     92 1632
     92 1633
    107 1634
     86 1635
     99 1636
     79 1637
    112 1638
     92 1639
     98 1640
     86 1641
    109 1642
    109 1643
     85 1644
    101 1645
     94 1646
    100 1647
    116 1648
    114 1649
     91 1650
    108 1651
     78 1652
     95 1653
    106 1654
    101 1655
     83 1656
     77 1657
    109 1658
     91 1659
     99 1660
    108 1661
    104 1662
    103 1663
     79 1664
    110 1665
    110 1666
     87 1667
     87 1668
     99 1669
     96 1670
    106 1671
     82 1672
    112 1673
    105 1674
     94 1675
     99 1676
    110 1677
     86 1678
     85 1679
    102 1680
     95 1681
     83 1682
    112 1683
     99 1684
    112 1685
     91 1686
    104 1687
     92 1688
    103 1689
    102 1690
    104 1691
     78 1692
    101 1693
     89 1694
    116 1695
     88 1696
     93 1697
     90 1698
     89 1699
     97 1700
     94 1701
     93 1702
     95 1703
     95 1704
    108 1705
     97 1706
    118 1707
    108 1708
    101 1709
    110 1710
     83 1711
     97 1712
    100 1713
     85 1714
    105 1715
    102 1716
     85 1717
     92 1718
     82 1719
     92 1720
     85 1721
     82 1722
     93 1723
    101 1724
     79 1725
     99 1726
     79 1727
    100 1728
     80 1729
    100 1730
    104 1731
     74 1732
     93 1733
     96 1734
     81 1735
     95 1736
     78 1737
     73 1738
     93 1739
     93 1740
     74 1741
     77 1742
     96 1743
     90 1744
     97 1745
     73 1746
     94 1747
     98 1748
     97 1749
     83 1750
     77 1751
     85 1752
     83 1753
     84 1754
     86 1755
     70 1756
     84 1757
     92 1758
     95 1759
     97 1760
     87 1761
     86 1762
     90 1763
     93 1764
     86 1765
     90 1766
    100 1767
     92 1768
    102 1769
     85 1770
     75 1771
     93 1772
    101 1773
     94 1774
     98 1775
     88 1776
     90 1777
     88 1778
     81 1779
     80 1780
     88 1781
     98 1782
     94 1783
     78 1784
     74 1785
     90 1786
     95 1787
     89 1788
     88 1789
     84 1790
     92 1791
     81 1792
     83 1793
     87 1794
     82 1795
     81 1796
     78 1797
     98 1798
     77 1799
     93 1800
     86 1801
     91 1802
     92 1803
     83 1804
     96 1805
    108 1806
     83 1807
     85 1808
    105 1809
     90 1810
    101 1811
    105 1812
    109 1813
     92 1814
    102 1815
     94 1816
    103 1817
     83 1818
     86 1819
     85 1820
     96 1821
     92 1822
     94 1823
     80 1824
    104 1825
    106 1826
    106 1827
    108 1828
    105 1829
     84 1830
    100 1831
    100 1832
    109 1833
     93 1834
     86 1835
     99 1836
    115 1837
    106 1838
     80 1839
     87 1840
     84 1841
     84 1842
     85 1843
     91 1844
     81 1845
     78 1846
     90 1847
     91 1848
     91 1849
     88 1850
     82 1851
     96 1852
     86 1853
     86 1854
     79 1855
    100 1856
     96 1857
     68 1858
     83 1859
     76 1860
    101 1861
     73 1862
     68 1863
     79 1864
     74 1865
     68 1866
     87 1867
     84 1868
     73 1869
     78 1870
     80 1871
     80 1872
     84 1873
     82 1874
     66 1875
     70 1876
     89 1877
     68 1878
    100 1879
     67 1880
     80 1881
     71 1882
     70 1883
     69 1884
     90 1885
     75 1886
     74 1887
     66 1888
     74 1889
     62 1890
     95 1891
     82 1892
     88 1893
     73 1894
     78 1895
     71 1896
     64 1897
     65 1898
     45 1899
     57 1900
     62 1901
     62 1902
     46 1903
     57 1904
     49 1905
     62 1906
     62 1907
     47 1908
     66 1909
     60 1910
     65 1911
     55 1912
     55 1913
     80 1914
     57 1915
     56 1916
     71 1917
     60 1918
     63 1919
     59 1920
     58 1921
     59 1922
     63 1923
     64 1924
     62 1925
     62 1926
     48 1927
     54 1928
     51 1929
     48 1930
     61 1931
     54 1932
     42 1933
     66 1934
     67 1935
     65 1936
     60 1937
     51 1938
     50 1939
     61 1940
     61 1941
     56 1942
     49 1943
     60 1944
     62 1945
     57 1946
     73 1947
     49 1948
     72 1949
     62 1950
     64 1951
     54 1952
     59 1953
     57 1954
     72 1955
     48 1956
     65 1957
     44 1958
     47 1959
     75 1960
     50 1961
     55 1962
     68 1963
     53 1964
     57 1965
     48 1966
     64 1967
     58 1968
     76 1969
     53 1970
     65 1971
     51 1972
     47 1973
     52 1974
     58 1975
     59 1976
     60 1977
     56 1978
     60 1979
     53 1980
     63 1981
     49 1982
     42 1983
     60 1984
     68 1985
     41 1986
     57 1987
     56 1988
     52 1989
     48 1990
     48 1991
     59 1992
     62 1993
     65 1994
     62 1995
     67 1996
     51 1997
     40 1998
     61 1999
     64 2000
     56 2001
     53 2002
     55 2003
     59 2004
     61 2005
     59 2006
     57 2007
     57 2008
     63 2009
     48 2010
     51 2011
     62 2012
     48 2013
     66 2014
     53 2015
     57 2016
     63 2017
     50 2018
     56 2019
     46 2020
     48 2021
     47 2022
     56 2023
     50 2024
     64 2025
     50 2026
     55 2027
     42 2028
     33 2029
     43 2030
     49 2031
     50 2032
     60 2033
     55 2034
     41 2035
     56 2036
     55 2037
     45 2038
     63 2039
     58 2040
     50 2041
     63 2042
     38 2043
     58 2044
     56 2045
     54 2046
     39 2047
     38 2048
     51 2049
     53 2050
     49 2051
     39 2052
     48 2053
     54 2054
     50 2055
     55 2056
     52 2057
     42 2058
     55 2059
     51 2060
     39 2061
     36 2062
     36 2063
     39 2064
     46 2065
     54 2066
     43 2067
     51 2068
     35 2069
     49 2070
     36 2071
     32 2072
     43 2073
     48 2074
     34 2075
     37 2076
     34 2077
     42 2078
     42 2079
     32 2080
     37 2081
     39 2082
     44 2083
     42 2084
     43 2085
     49 2086
     34 2087
     47 2088
     33 2089
     49 2090
     39 2091
     36 2092
     34 2093
     39 2094
     44 2095
     45 2096
     47 2097
     37 2098
     44 2099
     43 2100
     49 2101
     43 2102
     54 2103
     50 2104
     41 2105
     46 2106
     41 2107
     46 2108
     39 2109
     45 2110
     41 2111
     38 2112
     52 2113
     33 2114
     39 2115
     42 2116
     45 2117
     46 2118
     42 2119
     31 2120
     37 2121
     33 2122
     44 2123
     44 2124
     33 2125
     35 2126
     42 2127
     33 2128
     45 2129
     30 2130
     48 2131
     40 2132
     42 2133
     38 2134
     39 2135
     37 2136
     31 2137
     42 2138
     36 2139
     25 2140
     38 2141
     39 2142
     33 2143
     41 2144
     36 2145
     32 2146
     36 2147
     37 2148
     32 2149
     40 2150
     39 2151
     34 2152
     33 2153
     36 2154
     45 2155
     44 2156
     41 2157
     26 2158
     30 2159
     35 2160
     42 2161
     33 2162
     25 2163
     36 2164
     36 2165
     25 2166
     40 2167
     32 2168
     44 2169
     35 2170
     38 2171
     32 2172
     35 2173
     26 2174
     32 2175
     32 2176
     44 2177
     35 2178
     33 2179
     34 2180
     32 2181
     31 2182
     24 2183
     29 2184
     43 2185
     31 2186
     30 2187
     30 2188
     40 2189
     30 2190
     26 2191
     40 2192
     25 2193
     42 2194
     28 2195
     33 2196
     31 2197
     30 2198
     33 2199
     32 2200
     32 2201
     23 2202
     36 2203
     36 2204
     27 2205
     39 2206
     28 2207
     34 2208
     29 2209
     30 2210
     23 2211
     29 2212
     36 2213
     22 2214
     28 2215
     33 2216
     34 2217
     32 2218
     23 2219
     35 2220
     22 2221
     27 2222
     20 2223
     37 2224
     24 2225
     33 2226
     19 2227
     27 2228
     30 2229
     26 2230
     23 2231
     28 2232
     35 2233
     33 2234
     25 2235
     32 2236
     23 2237
     23 2238
     24 2239
     31 2240
     23 2241
     27 2242
     28 2243
     35 2244
     37 2245
     19 2246
     29 2247
     30 2248
     30 2249
     27 2250
     31 2251
     25 2252
     24 2253
     24 2254
     34 2255
     26 2256
     30 2257
     31 2258
     32 2259
     32 2260
     39 2261
     25 2262
     32 2263
     32 2264
     31 2265
     29 2266
     25 2267
     22 2268
     37 2269
     27 2270
     27 2271
     31 2272
     20 2273
     33 2274
     25 2275
     32 2276
     15 2277
     28 2278
     30 2279
     25 2280
     30 2281
     20 2282
     29 2283
     32 2284
     33 2285
     22 2286
     33 2287
     22 2288
     22 2289
     30 2290
     32 2291
     32 2292
     20 2293
     19 2294
     30 2295
     22 2296
     18 2297
     22 2298
     23 2299
     29 2300
     28 2301
     38 2302
     29 2303
     37 2304
     26 2305
     21 2306
     24 2307
     18 2308
     32 2309
     23 2310
     25 2311
     32 2312
     21 2313
     27 2314
     25 2315
     32 2316
     25 2317
     33 2318
     23 2319
     28 2320
     32 2321
     26 2322
     31 2323
     39 2324
     30 2325
     25 2326
     23 2327
     26 2328
     28 2329
     35 2330
     19 2331
     25 2332
     22 2333
     30 2334
     22 2335
     18 2336
     18 2337
     19 2338
     28 2339
     31 2340
     25 2341
     31 2342
     26 2343
     36 2344
     23 2345
     18 2346
     18 2347
     30 2348
     27 2349
     23 2350
     31 2351
     19 2352
     25 2353
     25 2354
     28 2355
     31 2356
     31 2357
     29 2358
     29 2359
     31 2360
     20 2361
     31 2362
     27 2363
     17 2364
     20 2365
     20 2366
     28 2367
     38 2368
     24 2369
     21 2370
     29 2371
     23 2372
     32 2373
     31 2374
     24 2375
     27 2376
     25 2377
     14 2378
     28 2379
     32 2380
     24 2381
     28 2382
     23 2383
     28 2384
     29 2385
     22 2386
     22 2387
     33 2388
     28 2389
     29 2390
     25 2391
     19 2392
     23 2393
     22 2394
     27 2395
     19 2396
     30 2397
     25 2398
     24 2399
     26 2400
     35 2401
     23 2402
     30 2403
     18 2404
     26 2405
     25 2406
     27 2407
     14 2408
     28 2409
     27 2410
     18 2411
     27 2412
     23 2413
     22 2414
     22 2415
     21 2416
     26 2417
     29 2418
     23 2419
     20 2420
     24 2421
     22 2422
     22 2423
     28 2424
     33 2425
     24 2426
     22 2427
     27 2428
     23 2429
     28 2430
     17 2431
     32 2432
     35 2433
     23 2434
     21 2435
     20 2436
     17 2437
     26 2438
     21 2439
     24 2440
     24 2441
     32 2442
     31 2443
     27 2444
     31 2445
     28 2446
     31 2447
     27 2448
     24 2449
     21 2450
     23 2451
     21 2452
     29 2453
     28 2454
     20 2455
     12 2456
     21 2457
     26 2458
     27 2459
     22 2460
     27 2461
     17 2462
     29 2463
     40 2464
     24 2465
     33 2466
     22 2467
     25 2468
     30 2469
     24 2470
     34 2471
     29 2472
     24 2473
     22 2474
     30 2475
     30 2476
     17 2477
     27 2478
     19 2479
     23 2480
     22 2481
     20 2482
     20 2483
     33 2484
     27 2485
     27 2486
     26 2487
     28 2488
     20 2489
     19 2490
     18 2491
     30 2492
     17 2493
     16 2494
     20 2495
     19 2496
     24 2497
     31 2498
     19 2499
     22 2500
     25 2501
     18 2502
     24 2503
     22 2504
     18 2505
     26 2506
     12 2507
     26 2508
     17 2509
     25 2510
     23 2511
     19 2512
     23 2513
     27 2514
     19 2515
     20 2516
     20 2517
     27 2518
     17 2519
     22 2520
     27 2521
     21 2522
     26 2523
     10 2524
     22 2525
     19 2526
     19 2527
     22 2528
     19 2529
     18 2530
     22 2531
     27 2532
     24 2533
     17 2534
     21 2535
     15 2536
     26 2537
     25 2538
     23 2539
     29 2540
     19 2541
     17 2542
     13 2543
     26 2544
     18 2545
     20 2546
     19 2547
     13 2548
     25 2549
     21 2550
     33 2551
     20 2552
     19 2553
     17 2554
     26 2555
     17 2556
     20 2557
     20 2558
     17 2559
     18 2560
     29 2561
     26 2562
     23 2563
     22 2564
     23 2565
     29 2566
     27 2567
     20 2568
     23 2569
     27 2570
     12 2571
     24 2572
     35 2573
     24 2574
     30 2575
     19 2576
     27 2577
     23 2578
     25 2579
     19 2580
     29 2581
     25 2582
     23 2583
     18 2584
     24 2585
     21 2586
     17 2587
     23 2588
     17 2589
     11 2590
     23 2591
     22 2592
     32 2593
     17 2594
     18 2595
     20 2596
     27 2597
     23 2598
     19 2599
     21 2600
     23 2601
     29 2602
     23 2603
     19 2604
     24 2605
     14 2606
     15 2607
     17 2608
     29 2609
     21 2610
     28 2611
     20 2612
     27 2613
     21 2614
     15 2615
     18 2616
     16 2617
     19 2618
     21 2619
     25 2620
     23 2621
     17 2622
     25 2623
     20 2624
     26 2625
     27 2626
     27 2627
     28 2628
     21 2629
     30 2630
     16 2631
     23 2632
     17 2633
     15 2634
     21 2635
     25 2636
     20 2637
     20 2638
     23 2639
     34 2640
     15 2641
     23 2642
     18 2643
     25 2644
     13 2645
     20 2646
     23 2647
     21 2648
     11 2649
     25 2650
     23 2651
     25 2652
     14 2653
     20 2654
     21 2655
     17 2656
     17 2657
     25 2658
     21 2659
     14 2660
     31 2661
     19 2662
     25 2663
     16 2664
     13 2665
     14 2666
     20 2667
     25 2668
     14 2669
     24 2670
     24 2671
     22 2672
     24 2673
     15 2674
     13 2675
     17 2676
     24 2677
     21 2678
     12 2679
     14 2680
     24 2681
      8 2682
     19 2683
     11 2684
     26 2685
     12 2686
     20 2687
     19 2688
     16 2689
     21 2690
     19 2691
     20 2692
     17 2693
     24 2694
     15 2695
     15 2696
     23 2697
     15 2698
     15 2699
     14 2700
     18 2701
     25 2702
     22 2703
     13 2704
     13 2705
     20 2706
     19 2707
     18 2708
     19 2709
     13 2710
     15 2711
     28 2712
     14 2713
     18 2714
     17 2715
     18 2716
     21 2717
     15 2718
     14 2719
     25 2720
     20 2721
     16 2722
     16 2723
     21 2724
     17 2725
     21 2726
     18 2727
     17 2728
     21 2729
     16 2730
     14 2731
     21 2732
     26 2733
     15 2734
     21 2735
     14 2736
     15 2737
     13 2738
     22 2739
     20 2740
     20 2741
     16 2742
     19 2743
     19 2744
     19 2745
     19 2746
     16 2747
     14 2748
     19 2749
     19 2750
     11 2751
     19 2752
     17 2753
     14 2754
     24 2755
     14 2756
     15 2757
     19 2758
     14 2759
     17 2760
     15 2761
     19 2762
     21 2763
     16 2764
     15 2765
     19 2766
     16 2767
      9 2768
     15 2769
     20 2770
     12 2771
     18 2772
     13 2773
     20 2774
      8 2775
     11 2776
     20 2777
     17 2778
     10 2779
     11 2780
     17 2781
     26 2782
     13 2783
     14 2784
     15 2785
     20 2786
     17 2787
     13 2788
     24 2789
     17 2790
     10 2791
      7 2792
     17 2793
     17 2794
     19 2795
     21 2796
     13 2797
     12 2798
     21 2799
     13 2800
     12 2801
     12 2802
     17 2803
     19 2804
     15 2805
     13 2806
     13 2807
     14 2808
     22 2809
     16 2810
     18 2811
     19 2812
     10 2813
     16 2814
     11 2815
     18 2816
     14 2817
     16 2818
     16 2819
     18 2820
     16 2821
     22 2822
     14 2823
     18 2824
     20 2825
     18 2826
     20 2827
     22 2828
     10 2829
     20 2830
     18 2831
     18 2832
     12 2833
     20 2834
     14 2835
     11 2836
     13 2837
     17 2838
     14 2839
     18 2840
     12 2841
     20 2842
     21 2843
     17 2844
     19 2845
     11 2846
     21 2847
     17 2848
      9 2849
     15 2850
     12 2851
      6 2852
     20 2853
     15 2854
     15 2855
     12 2856
     13 2857
     15 2858
     10 2859
     11 2860
     23 2861
     16 2862
     11 2863
     15 2864
     15 2865
     13 2866
     14 2867
     14 2868
     14 2869
      9 2870
     18 2871
     12 2872
     17 2873
      9 2874
     10 2875
     20 2876
     15 2877
     17 2878
     15 2879
     12 2880
     20 2881
     20 2882
     10 2883
     17 2884
     23 2885
     16 2886
     14 2887
     15 2888
     14 2889
     20 2890
     24 2891
     13 2892
     20 2893
     16 2894
     18 2895
     12 2896
     16 2897
     20 2898
     20 2899
     14 2900
     18 2901
     16 2902
     17 2903
     17 2904
     14 2905
     17 2906
     14 2907
     21 2908
     17 2909
     22 2910
     15 2911
     14 2912
     11 2913
     15 2914
     15 2915
     10 2916
     16 2917
     19 2918
      9 2919
     17 2920
     19 2921
     20 2922
     19 2923
     18 2924
     19 2925
     10 2926
     17 2927
     11 2928
     17 2929
     15 2930
     18 2931
     11 2932
     11 2933
      7 2934
     20 2935
     11 2936
     15 2937
     13 2938
     18 2939
     16 2940
     12 2941
      9 2942
     13 2943
     13 2944
     15 2945
     15 2946
      5 2947
     12 2948
     15 2949
     16 2950
     16 2951
     14 2952
     17 2953
     11 2954
     16 2955
     20 2956
     17 2957
     17 2958
     20 2959
     11 2960
     21 2961
     21 2962
     16 2963
     10 2964
     13 2965
     19 2966
     13 2967
     11 2968
     11 2969
     18 2970
      7 2971
      8 2972
     16 2973
     13 2974
     16 2975
     19 2976
     12 2977
     14 2978
     10 2979
     12 2980
     11 2981
     12 2982
     12 2983
     12 2984
      6 2985
     15 2986
     20 2987
     10 2988
     11 2989
     12 2990
     14 2991
      9 2992
     15 2993
      9 2994
      7 2995
     21 2996
     17 2997
     10 2998
     10 2999
     17 3000
     14 3001
     13 3002
     13 3003
     14 3004
     12 3005
     15 3006
     13 3007
     11 3008
      6 3009
      7 3010
      5 3011
     13 3012
     16 3013
     13 3014
     12 3015
     13 3016
     14 3017
     15 3018
     10 3019
     12 3020
      4 3021
     13 3022
      6 3023
     17 3024
     14 3025
     13 3026
     13 3027
     11 3028
      7 3029
     10 3030
     14 3031
     19 3032
     14 3033
     15 3034
     16 3035
     10 3036
     13 3037
     19 3038
     10 3039
     15 3040
     11 3041
     14 3042
     17 3043
     10 3044
     23 3045
     14 3046
     14 3047
     16 3048
     10 3049
     15 3050
     13 3051
     13 3052
     15 3053
     16 3054
     12 3055
      7 3056
     14 3057
     12 3058
     15 3059
     12 3060
     14 3061
     12 3062
     17 3063
     11 3064
     12 3065
      8 3066
     15 3067
      5 3068
      7 3069
     12 3070
     11 3071
     12 3072
      7 3073
     11 3074
     18 3075
     15 3076
     16 3077
     14 3078
     13 3079
     13 3080
      9 3081
      7 3082
     13 3083
     15 3084
     13 3085
     15 3086
     14 3087
     13 3088
      9 3089
     16 3090
     18 3091
      8 3092
     11 3093
     13 3094
      6 3095
     16 3096
      7 3097
     13 3098
      9 3099
     10 3100
     14 3101
      9 3102
     10 3103
      8 3104
     17 3105
     11 3106
     16 3107
     12 3108
     17 3109
     20 3110
     10 3111
     14 3112
      9 3113
     13 3114
     17 3115
     14 3116
     18 3117
     19 3118
      6 3119
     11 3120
     10 3121
     17 3122
     15 3123
      9 3124
     16 3125
     15 3126
     16 3127
     20 3128
     23 3129
     17 3130
     15 3131
     14 3132
     20 3133
      8 3134
     14 3135
     12 3136
      7 3137
     19 3138
      9 3139
     12 3140
     15 3141
     12 3142
     13 3143
     13 3144
     11 3145
     11 3146
     12 3147
      6 3148
     17 3149
      8 3150
      8 3151
      6 3152
      7 3153
      8 3154
     11 3155
     11 3156
      7 3157
     18 3158
     13 3159
      9 3160
      5 3161
      9 3162
      7 3163
     14 3164
     11 3165
     12 3166
      9 3167
     12 3168
     10 3169
      7 3170
      9 3171
     10 3172
     13 3173
     12 3174
      7 3175
     21 3176
      7 3177
     10 3178
     15 3179
     14 3180
     14 3181
      5 3182
     12 3183
     15 3184
     13 3185
     21 3186
      8 3187
     10 3188
     12 3189
     12 3190
     15 3191
     20 3192
     11 3193
     15 3194
     10 3195
      9 3196
     20 3197
      6 3198
     11 3199
     11 3200
     10 3201
     10 3202
     13 3203
      9 3204
     17 3205
     15 3206
      4 3207
     14 3208
     14 3209
     12 3210
     11 3211
      9 3212
      4 3213
     10 3214
      6 3215
     16 3216
      8 3217
     13 3218
     15 3219
     13 3220
      6 3221
     11 3222
     10 3223
     11 3224
      9 3225
     20 3226
     10 3227
     10 3228
      6 3229
     11 3230
     11 3231
      6 3232
      9 3233
      9 3234
     13 3235
     13 3236
     19 3237
     12 3238
      6 3239
     18 3240
     13 3241
     11 3242
     14 3243
     11 3244
      7 3245
      7 3246
     14 3247
     11 3248
     13 3249
     11 3250
      4 3251
     19 3252
     12 3253
     10 3254
     14 3255
      9 3256
     13 3257
     15 3258
     18 3259
     13 3260
      9 3261
     11 3262
     11 3263
     15 3264
      7 3265
      7 3266
      7 3267
     13 3268
      7 3269
     10 3270
      9 3271
     13 3272
      9 3273
     14 3274
     15 3275
     15 3276
      9 3277
      8 3278
      7 3279
     10 3280
     12 3281
      8 3282
     10 3283
     13 3284
     12 3285
      8 3286
     11 3287
      8 3288
      7 3289
     17 3290
     10 3291
     12 3292
     21 3293
     10 3294
      9 3295
     14 3296
     15 3297
     10 3298
     13 3299
     10 3300
     15 3301
     10 3302
     12 3303
      8 3304
     12 3305
      5 3306
     17 3307
      9 3308
      8 3309
     12 3310
     10 3311
     13 3312
     11 3313
     13 3314
     15 3315
      8 3316
     12 3317
     14 3318
      9 3319
      9 3320
     13 3321
     11 3322
     10 3323
     11 3324
     13 3325
      2 3326
     10 3327
     16 3328
     10 3329
     11 3330
      8 3331
     13 3332
      8 3333
     17 3334
     21 3335
     13 3336
     17 3337
     14 3338
     16 3339
     14 3340
     16 3341
     13 3342
     14 3343
     13 3344
     18 3345
      6 3346
     15 3347
     10 3348
     14 3349
     15 3350
      5 3351
     12 3352
     19 3353
     11 3354
     14 3355
     13 3356
      8 3357
      7 3358
      4 3359
      8 3360
     21 3361
      8 3362
     13 3363
     10 3364
      5 3365
     12 3366
     15 3367
     10 3368
     11 3369
     11 3370
      5 3371
     10 3372
      9 3373
      7 3374
     15 3375
     13 3376
     12 3377
      9 3378
     12 3379
     10 3380
     13 3381
     12 3382
      7 3383
      6 3384
      7 3385
     16 3386
      5 3387
     13 3388
     10 3389
      7 3390
      6 3391
      9 3392
     15 3393
      8 3394
      9 3395
     10 3396
      4 3397
     18 3398
      7 3399
     13 3400
      7 3401
     10 3402
      9 3403
      9 3404
     11 3405
     12 3406
     15 3407
     12 3408
      5 3409
      6 3410
     10 3411
      9 3412
     13 3413
      4 3414
      6 3415
      8 3416
      8 3417
      6 3418
      8 3419
      6 3420
     14 3421
      8 3422
      7 3423
      9 3424
     14 3425
     10 3426
     11 3427
      6 3428
      7 3429
      4 3430
      9 3431
      5 3432
     11 3433
      9 3434
      7 3435
     15 3436
      6 3437
      8 3438
     10 3439
      7 3440
      6 3441
      8 3442
      9 3443
      8 3444
     16 3445
      4 3446
      8 3447
     10 3448
      8 3449
      9 3450
      8 3451
      6 3452
     11 3453
      9 3454
     10 3455
     10 3456
     10 3457
      7 3458
      6 3459
      9 3460
      7 3461
      2 3462
      7 3463
      7 3464
      8 3465
      8 3466
     12 3467
      8 3468
      9 3469
     11 3470
      7 3471
      9 3472
      6 3473
     11 3474
      9 3475
      5 3476
      5 3477
      6 3478
      8 3479
     10 3480
     10 3481
      5 3482
     13 3483
      6 3484
      7 3485
     12 3486
      8 3487
     10 3488
     16 3489
     13 3490
     14 3491
     10 3492
     12 3493
     10 3494
      7 3495
      9 3496
      8 3497
     12 3498
     11 3499
     12 3500
      8 3501
     13 3502
     13 3503
      9 3504
      9 3505
      9 3506
     12 3507
      9 3508
      4 3509
      7 3510
      9 3511
     10 3512
      7 3513
     12 3514
      7 3515
     12 3516
      6 3517
      8 3518
     14 3519
     10 3520
      6 3521
     13 3522
      7 3523
      9 3524
     15 3525
      5 3526
      5 3527
      8 3528
      6 3529
     10 3530
     16 3531
     10 3532
      9 3533
     15 3534
      6 3535
      6 3536
     14 3537
      8 3538
     12 3539
     11 3540
     10 3541
      7 3542
      4 3543
     13 3544
      9 3545
      7 3546
      8 3547
     10 3548
     12 3549
      8 3550
     13 3551
      9 3552
     15 3553
      9 3554
      5 3555
     17 3556
      6 3557
      6 3558
     11 3559
      6 3560
      6 3561
     10 3562
     12 3563
      5 3564
      7 3565
     13 3566
     10 3567
      7 3568
     11 3569
      7 3570
      7 3571
      9 3572
      8 3573
     18 3574
      9 3575
      6 3576
     12 3577
      7 3578
     12 3579
      8 3580
      7 3581
      7 3582
     13 3583
      7 3584
      5 3585
      7 3586
      9 3587
      6 3588
     12 3589
      6 3590
      6 3591
      9 3592
     17 3593
     15 3594
     13 3595
      8 3596
     11 3597
      5 3598
     12 3599
     10 3600
      5 3601
     10 3602
      8 3603
     10 3604
      7 3605
      8 3606
     11 3607
     12 3608
      9 3609
     12 3610
      6 3611
      7 3612
     13 3613
      6 3614
      8 3615
     11 3616
     10 3617
     10 3618
      7 3619
      8 3620
     11 3621
     12 3622
      5 3623
     11 3624
      4 3625
      6 3626
     12 3627
     11 3628
      8 3629
      7 3630
      6 3631
      8 3632
      8 3633
     10 3634
     12 3635
      6 3636
      7 3637
      6 3638
     10 3639
     13 3640
     12 3641
      7 3642
      6 3643
      5 3644
     11 3645
     11 3646
      5 3647
      6 3648
     10 3649
      8 3650
      7 3651
      6 3652
      8 3653
      8 3654
      5 3655
      5 3656
      8 3657
     12 3658
      5 3659
      8 3660
      8 3661
     16 3662
      8 3663
      7 3664
     10 3665
      8 3666
      7 3667
      7 3668
      8 3669
      9 3670
      6 3671
      4 3672
     10 3673
      6 3674
      6 3675
      8 3676
     12 3677
     10 3678
     10 3679
      2 3680
      3 3681
      4 3682
      8 3683
      9 3684
      8 3685
      9 3686
      4 3687
      9 3688
     12 3689
      7 3690
      8 3691
      7 3692
     10 3693
      8 3694
      8 3695
      6 3696
      4 3697
      5 3698
      8 3699
      4 3700
      7 3701
      9 3702
      8 3703
      8 3704
     10 3705
      5 3706
      4 3707
      8 3708
     14 3709
      5 3710
      5 3711
      7 3712
      9 3713
     10 3714
      6 3715
      9 3716
      6 3717
     16 3718
      5 3719
      9 3720
      3 3721
      8 3722
      6 3723
      8 3724
     10 3725
     11 3726
     10 3727
      5 3728
      6 3729
      7 3730
      8 3731
      6 3732
      8 3733
      7 3734
      4 3735
      4 3736
      5 3737
      9 3738
      3 3739
      3 3740
      4 3741
      9 3742
     12 3743
      7 3744
      5 3745
      9 3746
      8 3747
     10 3748
      7 3749
     15 3750
      4 3751
      4 3752
      6 3753
      6 3754
      6 3755
      5 3756
      6 3757
      6 3758
      9 3759
      5 3760
      7 3761
      7 3762
     10 3763
      9 3764
      5 3765
      7 3766
      6 3767
      3 3768
      8 3769
      5 3770
      4 3771
      7 3772
      7 3773
      6 3774
      5 3775
      8 3776
      6 3777
      3 3778
      5 3779
      9 3780
      5 3781
     13 3782
      7 3783
      2 3784
      4 3785
      8 3786
     10 3787
      8 3788
      5 3789
      7 3790
      6 3791
      3 3792
      4 3793
      5 3794
      5 3795
      7 3796
      8 3797
      7 3798
      9 3799
      2 3800
      4 3801
      7 3802
     13 3803
      7 3804
      5 3805
      7 3806
      6 3807
      4 3808
      8 3809
      3 3810
     11 3811
      8 3812
      6 3813
      5 3814
      3 3815
      8 3816
      7 3817
      6 3818
      9 3819
      3 3820
      7 3821
      4 3822
      6 3823
      4 3824
     10 3825
      9 3826
      4 3827
     15 3828
     10 3829
      7 3830
      5 3831
      7 3832
     10 3833
      7 3834
      6 3835
      4 3836
      9 3837
     11 3838
      6 3839
      7 3840
      6 3841
      8 3842
      7 3843
      9 3844
      9 3845
      8 3846
      8 3847
      4 3848
     10 3849
     10 3850
      1 3851
     10 3852
      8 3853
      5 3854
      9 3855
      8 3856
      9 3857
      8 3858
      8 3859
      9 3860
      6 3861
      7 3862
     10 3863
      7 3864
      7 3865
      6 3866
      5 3867
      9 3868
      7 3869
      4 3870
      9 3871
     15 3872
      5 3873
      1 3874
      4 3875
      5 3876
      7 3877
     12 3878
      5 3879
      7 3880
      9 3881
     13 3882
     10 3883
      6 3884
      5 3886
      5 3887
      5 3888
      6 3889
      5 3890
      6 3891
      6 3892
      2 3893
      6 3894
     13 3895
      8 3896
      6 3897
      7 3898
      7 3899
      6 3900
      9 3901
     10 3902
      4 3903
      3 3904
      8 3905
      4 3906
      5 3907
      4 3908
      7 3909
      7 3910
      5 3911
     12 3912
      3 3913
     10 3914
      4 3915
      4 3916
      7 3917
      7 3918
      5 3919
      3 3920
      5 3921
     11 3922
      8 3923
      6 3924
      7 3925
      7 3926
      7 3927
      7 3928
      8 3929
      4 3930
     10 3931
      5 3932
      4 3933
      9 3934
      8 3935
      9 3936
      6 3937
      5 3938
      7 3939
      8 3940
      6 3941
      3 3942
      7 3943
      9 3944
      7 3945
      7 3946
      5 3947
      3 3948
      8 3949
      3 3950
      6 3951
      6 3952
      8 3953
      8 3954
      6 3955
      5 3956
      7 3957
      7 3958
      7 3959
      4 3960
      4 3961
      8 3962
      7 3963
      6 3964
      6 3965
      8 3966
      9 3967
      9 3968
      3 3969
      7 3970
      9 3971
      3 3972
     12 3973
      9 3974
      5 3975
      5 3976
      6 3977
     13 3978
      5 3979
      6 3980
      5 3981
      7 3982
      7 3983
      9 3984
      4 3985
      6 3986
      4 3987
     12 3988
      7 3989
      7 3990
      3 3991
      4 3992
      4 3993
      8 3994
      7 3995
      2 3996
      4 3997
      3 3998
      6 3999
      5 4000
      5 4001
      6 4002
      8 4003
      6 4004
      4 4005
      6 4006
      6 4007
      5 4008
      7 4009
      9 4010
      3 4011
      8 4012
      7 4013
      3 4014
     10 4015
      6 4016
      3 4017
     10 4018
      6 4019
      8 4020
      4 4021
      3 4022
      7 4023
      4 4024
      4 4025
      7 4026
      6 4027
      8 4028
      7 4029
      4 4030
      5 4031
      3 4032
      4 4033
      5 4034
      8 4035
      5 4036
      5 4037
      2 4038
      1 4039
      5 4040
      5 4041
      6 4042
      6 4043
      5 4044
      2 4045
      3 4046
      4 4047
      9 4048
      6 4049
      7 4050
      5 4051
      4 4052
      6 4053
      6 4054
      9 4055
      5 4056
      6 4057
      4 4058
      3 4059
      6 4060
      2 4061
      6 4062
      6 4063
      1 4064
      5 4065
      3 4066
      5 4067
      5 4068
      2 4069
      8 4070
      9 4071
     10 4072
      3 4073
      3 4074
      5 4075
      5 4076
      5 4077
      5 4078
      9 4079
      4 4080
      6 4081
      7 4082
     12 4083
      5 4084
      8 4085
      5 4086
      3 4087
      3 4088
      8 4090
      6 4091
      3 4092
      9 4093
      9 4094
      9 4095
      1 4096
      5 4097
      4 4098
      8 4099
      4 4100
      9 4101
      6 4102
      3 4103
     10 4104
      5 4105
      2 4106
     10 4107
      6 4108
      8 4109
      7 4110
      9 4111
      6 4112
      4 4113
      5 4114
      1 4115
      6 4116
      7 4117
      4 4118
      6 4119
      6 4120
      4 4121
      6 4122
      5 4123
      2 4124
      2 4125
     10 4126
      4 4127
      3 4128
      3 4129
      5 4130
      7 4131
      4 4132
      4 4133
      5 4134
      4 4135
      5 4136
      3 4137
      1 4138
      5 4139
      3 4140
      8 4141
      6 4142
      3 4143
      6 4144
      3 4145
      3 4146
      2 4147
      2 4148
      5 4149
      5 4150
      3 4151
      5 4152
      4 4153
      7 4154
      7 4155
      1 4156
      1 4157
      6 4158
      5 4159
      3 4160
      7 4161
      4 4162
      5 4163
      3 4164
      5 4165
      1 4166
      6 4167
      4 4168
      6 4169
      1 4170
      5 4171
     10 4172
      1 4173
      4 4174
      3 4175
      4 4176
      1 4177
      2 4178
      5 4179
      7 4180
      2 4181
      2 4182
      8 4183
      3 4184
      6 4185
      7 4186
      3 4188
      3 4189
      3 4190
      7 4191
      3 4192
      4 4193
      7 4194
      4 4195
      4 4196
      8 4197
      4 4198
      6 4199
      4 4201
      7 4202
      6 4203
      5 4204
      5 4205
      6 4206
      2 4207
      2 4208
      5 4209
      4 4210
      3 4211
      6 4212
      1 4213
      8 4214
      6 4215
      2 4216
      2 4217
      2 4218
      1 4219
      7 4220
      7 4221
      3 4222
      4 4223
     11 4224
      8 4225
      4 4226
      8 4227
      9 4228
      6 4229
      6 4230
      3 4231
      3 4232
      9 4233
      6 4234
      4 4235
      6 4236
      7 4237
      4 4238
      2 4239
      3 4240
      4 4241
      5 4242
      5 4243
      5 4244
      3 4245
      5 4246
      2 4247
      6 4248
      1 4249
      5 4250
      6 4251
      4 4252
      2 4253
      4 4254
      3 4255
      8 4256
      2 4257
      6 4258
      5 4259
      2 4260
      6 4261
      3 4262
      2 4263
      6 4264
      6 4265
      3 4266
      2 4267
      7 4268
      4 4269
      7 4270
      5 4271
      3 4272
      1 4273
      5 4274
      5 4275
      7 4276
      7 4277
      6 4278
     10 4279
      6 4280
      7 4281
      4 4282
      5 4283
      6 4284
      5 4285
      4 4286
      4 4287
      7 4288
      5 4289
      3 4290
      5 4291
      9 4292
      5 4293
      3 4294
      9 4295
      2 4296
      2 4297
      6 4298
      7 4299
      4 4300
      8 4301
      3 4302
      2 4303
      3 4304
      8 4305
      5 4306
      9 4307
      4 4308
      4 4309
      4 4310
      6 4311
      9 4312
      8 4314
      6 4315
     13 4316
      8 4317
      4 4318
      5 4319
      6 4320
      4 4321
      7 4322
      9 4323
      4 4324
      6 4325
      5 4326
      8 4327
      9 4328
      5 4329
      5 4330
      9 4331
      8 4332
      9 4333
      4 4334
      2 4335
      3 4336
      9 4337
      5 4338
      7 4339
      7 4340
      3 4341
      4 4342
      5 4343
      1 4344
      3 4345
      3 4346
      5 4347
      7 4348
      1 4349
      5 4350
      2 4351
      3 4352
      4 4353
      6 4354
      4 4355
      3 4356
      3 4357
      6 4358
      2 4359
      3 4360
      5 4361
      6 4362
      5 4363
      1 4364
      1 4365
      5 4366
      6 4367
     11 4368
      3 4369
      5 4370
      5 4371
      6 4372
      3 4373
      4 4374
      4 4375
      5 4376
      4 4377
      7 4378
      5 4379
      3 4380
      5 4381
      2 4382
      8 4383
      6 4384
      5 4385
      7 4386
      6 4387
      2 4388
      4 4389
      3 4390
      1 4391
      1 4392
      4 4393
      4 4394
      9 4395
     11 4396
      6 4397
     10 4398
      4 4399
      8 4400
      1 4401
      7 4402
      3 4403
      5 4404
      6 4405
      4 4406
      5 4407
      5 4408
      3 4409
      4 4410
      3 4411
      5 4412
      4 4413
      7 4414
      5 4415
      4 4416
      4 4417
      3 4418
      6 4419
      4 4420
      4 4421
      3 4422
      2 4423
      9 4424
      2 4425
      1 4426
      4 4427
      3 4428
      4 4430
      2 4431
      3 4432
      6 4433
      7 4434
      5 4435
      4 4436
      1 4437
      5 4438
      4 4439
      4 4440
      3 4441
      4 4442
      6 4443
      1 4444
      6 4445
      7 4446
      4 4447
      5 4448
      5 4449
      4 4450
      2 4451
      6 4452
      4 4453
      6 4454
      6 4455
      2 4456
      3 4457
      3 4458
      3 4459
      3 4460
      2 4461
      6 4462
      4 4463
      2 4464
      3 4465
      7 4466
      5 4467
      1 4468
      4 4469
      3 4470
      6 4471
      2 4472
      4 4473
      3 4474
      5 4475
      5 4476
      3 4477
      3 4478
      7 4479
      5 4480
      3 4481
      1 4482
      2 4483
      3 4484
      4 4485
      3 4486
      4 4487
      5 4488
      3 4489
      7 4490
      4 4491
      5 4492
      5 4493
      6 4494
      7 4495
      6 4496
      3 4497
      2 4498
      4 4499
      2 4500
      5 4501
      7 4502
      4 4503
      5 4504
      2 4505
      2 4506
      1 4507
      4 4508
      4 4509
      5 4510
      3 4511
      4 4512
      4 4513
      1 4514
      5 4515
      4 4516
      3 4517
      6 4518
      1 4519
      4 4520
      3 4521
      2 4522
      4 4523
      2 4524
      8 4525
      5 4526
      2 4527
      2 4528
      4 4529
      6 4530
      3 4531
      3 4532
      4 4533
      6 4534
      5 4535
      5 4536
      3 4537
      5 4538
      4 4539
      2 4540
     10 4541
      2 4542
      3 4543
      3 4544
      4 4545
      5 4546
      4 4547
      3 4548
      4 4549
      4 4550
      3 4551
      8 4552
      1 4553
     15 4554
      3 4555
      5 4556
      5 4557
      4 4558
      5 4559
      4 4560
      4 4561
      3 4562
      2 4563
      5 4565
      1 4566
      3 4567
      3 4568
      4 4569
      4 4570
      6 4571
      4 4572
      2 4573
      6 4574
      3 4575
      4 4576
      3 4577
      4 4578
      2 4579
      2 4580
      3 4581
      1 4582
      3 4583
      4 4584
      1 4585
      3 4586
      3 4587
      4 4588
      2 4589
      6 4590
      5 4591
      3 4592
      4 4593
      2 4594
      2 4595
      4 4596
      3 4597
      3 4599
      3 4600
      2 4601
      2 4602
      5 4604
      3 4605
      2 4606
      2 4607
      2 4608
      3 4609
      8 4610
      3 4611
      3 4612
      4 4613
      3 4614
      3 4615
      4 4616
      1 4617
      5 4618
      1 4619
      1 4620
      3 4621
      1 4622
      5 4623
      1 4624
      6 4625
      2 4626
      3 4627
      3 4628
      2 4629
      3 4630
      4 4631
      1 4632
      3 4633
      3 4635
      2 4636
      4 4637
      2 4638
      4 4639
      1 4640
      1 4641
      3 4642
      2 4643
      3 4644
      1 4645
      1 4646
      4 4647
      2 4649
      1 4650
      3 4651
      1 4652
      1 4653
      2 4654
      2 4655
      1 4656
      1 4657
      2 4658
      4 4659
      4 4660
      3 4661
      2 4662
      5 4663
      2 4664
      1 4665
      3 4666
      3 4667
      5 4669
      2 4670
      4 4671
      1 4672
      1 4673
      6 4674
      6 4675
      2 4676
      4 4677
      2 4678
      4 4679
      2 4680
      2 4681
      3 4682
      2 4683
      2 4685
      3 4686
      2 4688
      3 4689
      5 4690
      3 4691
      1 4692
      2 4694
      1 4695
      1 4696
      5 4698
      7 4699
      3 4700
      1 4701
      1 4702
      3 4703
      1 4704
      2 4705
      3 4706
      2 4707
      2 4708
      3 4710
      1 4711
      4 4712
      2 4713
      4 4714
      5 4715
      1 4716
      1 4717
      2 4718
      3 4719
      3 4720
      1 4721
      1 4722
      5 4723
      1 4724
      2 4725
      1 4726
      2 4727
      1 4728
      2 4729
      2 4730
      1 4731
      1 4732
      7 4733
      3 4734
      2 4735
      3 4737
      3 4738
      4 4740
      4 4741
      3 4742
      2 4743
      4 4744
      3 4745
      2 4746
      4 4747
      2 4748
      2 4749
      3 4750
      4 4751
      3 4752
      3 4753
      3 4754
      1 4755
      4 4756
      3 4757
      3 4758
      3 4759
      2 4760
      4 4761
      2 4762
      2 4763
      2 4764
      2 4765
      3 4766
      5 4767
      3 4768
      7 4769
      1 4770
      3 4771
      3 4772
      1 4773
      1 4774
      4 4775
      1 4776
      2 4777
      4 4778
      4 4779
      6 4780
      1 4782
      2 4783
      3 4784
      4 4785
      2 4786
      6 4787
      7 4788
      3 4789
      4 4790
      2 4791
      4 4792
      2 4793
      4 4794
      3 4795
      4 4796
      5 4797
      2 4798
      3 4799
      5 4800
      3 4801
      5 4802
      2 4803
      5 4804
      1 4805
      1 4806
      1 4807
      2 4808
      1 4809
      4 4810
      4 4811
      8 4812
      7 4813
      6 4814
      1 4815
      4 4816
      2 4817
      3 4818
      5 4819
      3 4820
      1 4821
      4 4822
      4 4823
      2 4824
      1 4826
      2 4827
      2 4828
      2 4829
      2 4830
      3 4831
      2 4832
      6 4834
      4 4835
      2 4836
      1 4837
      4 4838
      3 4839
      3 4841
      2 4842
      1 4843
      5 4844
      1 4845
      2 4846
      5 4847
      2 4848
      3 4849
      1 4850
      4 4851
      2 4852
      2 4853
      2 4854
      3 4855
      1 4856
      8 4858
      2 4859
      3 4861
      4 4862
      1 4863
      3 4864
      1 4865
      2 4866
      2 4867
      2 4868
      3 4869
      1 4870
      6 4871
      1 4872
      4 4873
      1 4874
      8 4875
      4 4876
      2 4877
      1 4878
      2 4879
      3 4880
      2 4881
      3 4882
      2 4883
      3 4884
      3 4885
      3 4886
      2 4887
      3 4888
      3 4889
      3 4890
      2 4891
      6 4893
      4 4894
      2 4895
      3 4896
      2 4899
      2 4900
      2 4901
      1 4902
      3 4903
      1 4904
      2 4905
      4 4906
      2 4907
      3 4908
      2 4909
      3 4910
      2 4911
      4 4912
      1 4913
      2 4914
      3 4915
      3 4916
      2 4918
      5 4919
      1 4920
      1 4922
      2 4923
      2 4924
      1 4925
      2 4926
      6 4927
      1 4928
      3 4929
      2 4930
      5 4931
      5 4932
      1 4933
      1 4934
      1 4935
      2 4936
      4 4937
      1 4938
      2 4939
      2 4940
      1 4941
      3 4942
      1 4943
      3 4944
      1 4946
      2 4947
      2 4948
      3 4949
      2 4950
      2 4951
      3 4952
      2 4953
      2 4955
      1 4956
      3 4957
      1 4958
      2 4959
      2 4960
      1 4961
      1 4962
      2 4964
      3 4965
      4 4966
      2 4967
      4 4968
      1 4969
      2 4970
      1 4971
      1 4972
      1 4973
      1 4974
      1 4975
      4 4976
      3 4978
      2 4979
      2 4980
      3 4981
      2 4982
      2 4983
      3 4984
      3 4985
      1 4986
      5 4987
      1 4988
      3 4989
      2 4990
      1 4991
      3 4992
      2 4993
      3 4994
      3 4995
      1 4996
      2 4997
      1 4998
      1 4999
      2 5000
      4 5001
      4 5002
      1 5003
      4 5004
      2 5006
      4 5008
      4 5010
      1 5011
      1 5012
      1 5013
      3 5014
      1 5015
      4 5016
      2 5017
      2 5018
      2 5019
      2 5020
      3 5021
      1 5022
      1 5024
      5 5025
      4 5026
      3 5027
      4 5028
      2 5030
      1 5031
      4 5032
      3 5033
      2 5034
      4 5035
      4 5036
      2 5038
      2 5039
      1 5040
      2 5041
      2 5042
      3 5043
      2 5044
      1 5045
      1 5046
      3 5047
      2 5048
      1 5049
      1 5050
      2 5053
      2 5054
      1 5055
      4 5056
      2 5057
      6 5058
      1 5059
      2 5060
      1 5061
      3 5062
      1 5063
      3 5064
      2 5065
      1 5066
      1 5067
      1 5068
      2 5069
      3 5070
      2 5071
      1 5072
      1 5073
      2 5074
      2 5075
      3 5076
      2 5078
      1 5079
      3 5080
      4 5081
      3 5083
      1 5084
      4 5085
      2 5086
      2 5087
      4 5088
      2 5089
      2 5091
      4 5093
      6 5094
      1 5095
      2 5097
      3 5098
      7 5100
      3 5101
      4 5102
      1 5103
      2 5104
      1 5105
      2 5106
      3 5107
      1 5108
      3 5110
      2 5111
      2 5112
      5 5113
      1 5114
      2 5115
      3 5116
      1 5118
      1 5119
      1 5120
      1 5121
      3 5122
      5 5123
      2 5124
      5 5125
      3 5126
      6 5127
      7 5128
      4 5129
      3 5130
      1 5133
      1 5134
      4 5135
      2 5136
      2 5137
      1 5138
      3 5139
      3 5141
      5 5143
      1 5144
      3 5145
      4 5146
      2 5147
      1 5149
      1 5150
      2 5151
      3 5152
      4 5154
      6 5155
      1 5156
      3 5159
      1 5160
      2 5161
      5 5162
      4 5163
      1 5164
      4 5165
      4 5166
      5 5168
      2 5169
      1 5170
      1 5171
      2 5172
      3 5173
      3 5174
      3 5175
      1 5176
      4 5177
      3 5178
      2 5179
      1 5181
      2 5182
      2 5183
      5 5184
      1 5185
      5 5186
      4 5187
      2 5188
      2 5189
      1 5190
      1 5191
      4 5192
      2 5193
      2 5194
      3 5195
      1 5196
      3 5197
      2 5198
      2 5199
      5 5200
      4 5201
      4 5202
      1 5203
      2 5204
      2 5205
      6 5206
      1 5208
      6 5209
      4 5210
      1 5211
      3 5212
      4 5213
      1 5214
      2 5215
      2 5216
      1 5217
      2 5218
      3 5219
      2 5220
      2 5221
      2 5222
      1 5223
      2 5224
      5 5225
      2 5226
      1 5227
      2 5228
      1 5229
      4 5230
      2 5231
      2 5232
      2 5233
      3 5234
      3 5235
      4 5236
      1 5237
      3 5238
      1 5239
      3 5240
      2 5242
      1 5243
      2 5245
      3 5246
      3 5247
      2 5248
      1 5249
      1 5250
      1 5251
      2 5252
      1 5254
      3 5255
      5 5256
      3 5257
      2 5258
      3 5259
      2 5260
      3 5261
      3 5262
      2 5263
      1 5264
      1 5265
      3 5266
      3 5267
      2 5268
      1 5269
      1 5270
      4 5272
      2 5273
      2 5274
      2 5275
      3 5276
      2 5277
      2 5278
      1 5280
      1 5282
      2 5283
      1 5284
      1 5285
      1 5286
      1 5287
      2 5288
      5 5289
      2 5290
      3 5291
      2 5292
      2 5293
      2 5294
      1 5295
      1 5297
      3 5298
      2 5299
      1 5300
      1 5302
      1 5303
      2 5304
      1 5305
      5 5306
      2 5307
      3 5308
      2 5309
      1 5310
      4 5311
      3 5312
      2 5313
      1 5314
      1 5315
      1 5316
      1 5317
      3 5318
      1 5319
      2 5320
      1 5321
      2 5322
      2 5323
      1 5324
      2 5325
      1 5326
      2 5327
      1 5328
      1 5330
      2 5331
      2 5332
      1 5333
      1 5334
      2 5335
      3 5336
      4 5337
      1 5338
      2 5339
      1 5340
      1 5341
      2 5342
      3 5344
      2 5345
      1 5346
      1 5347
      1 5348
      2 5349
      3 5350
      1 5352
      3 5353
      3 5354
      1 5355
      2 5356
      1 5357
      2 5358
      1 5360
      2 5361
      2 5362
      3 5363
      2 5364
      2 5366
      4 5367
      4 5368
      7 5369
      1 5371
      2 5372
      1 5373
      3 5374
      5 5375
      3 5376
      4 5377
      2 5378
      2 5379
      5 5381
      2 5382
      1 5383
      2 5386
      2 5387
      3 5388
      2 5390
      6 5391
      6 5392
      2 5393
      2 5394
      1 5396
      2 5398
      2 5399
      3 5400
      2 5401
      3 5402
      1 5403
      1 5404
      1 5405
      2 5407
      1 5408
      5 5409
      2 5410
      2 5411
      1 5412
      3 5413
      2 5414
      4 5415
      2 5416
      2 5417
      2 5418
      3 5419
      1 5420
      1 5422
      2 5424
      3 5425
      4 5426
      2 5427
      3 5428
      4 5429
      4 5430
      2 5431
      2 5432
      3 5433
      1 5434
      1 5435
      2 5436
      1 5437
      3 5439
      1 5441
      1 5442
      1 5443
      1 5444
      1 5445
      2 5446
      1 5447
      2 5448
      3 5449
      1 5450
      1 5451
      3 5452
      2 5453
      2 5454
      1 5455
      2 5457
      1 5458
      2 5459
      1 5460
      2 5461
      3 5463
      3 5466
      3 5467
      2 5468
      1 5469
      6 5470
      1 5472
      5 5473
      1 5474
      1 5475
      1 5476
      1 5478
      3 5479
      3 5480
      4 5481
      3 5482
      6 5483
      3 5484
      1 5485
      2 5486
      2 5489
      2 5490
      3 5492
      1 5493
      2 5494
      4 5495
      2 5496
      4 5497
      1 5498
      2 5499
      1 5500
      1 5501
      1 5504
      2 5505
      1 5506
      3 5507
      3 5508
      1 5509
      6 5510
      2 5513
      2 5515
      2 5516
      2 5517
      2 5518
      1 5519
      2 5520
      2 5521
      3 5522
      2 5524
      2 5525
      1 5526
      3 5527
      2 5528
      2 5529
      4 5532
      2 5533
      5 5534
      2 5535
      3 5536
      1 5538
      1 5539
      4 5540
      1 5541
      2 5542
      4 5543
      2 5544
      2 5545
      3 5546
      5 5547
      2 5548
      2 5549
      1 5550
      1 5551
      3 5553
      2 5554
      1 5555
      2 5556
      3 5557
      1 5558
      4 5559
      3 5560
      1 5561
      3 5562
      1 5564
      3 5566
      2 5567
      2 5569
      2 5570
      4 5572
      2 5573
      2 5574
      1 5575
      4 5576
      4 5577
      2 5578
      1 5579
      1 5580
      3 5583
      1 5584
      3 5585
      1 5586
      2 5587
      1 5589
      2 5590
      3 5591
      1 5592
      1 5593
      2 5594
      3 5596
      2 5597
      2 5598
      1 5600
      2 5601
      3 5602
      1 5603
      2 5605
      2 5606
      4 5607
      1 5608
      2 5609
      2 5610
      3 5611
      3 5612
      1 5613
      3 5614
      1 5615
      1 5616
      2 5617
      1 5618
      4 5620
      1 5621
      1 5622
      2 5623
      3 5625
      1 5626
      1 5627
      2 5630
      2 5631
      1 5632
      2 5633
      2 5634
      1 5637
      1 5638
      1 5641
      2 5642
      1 5643
      5 5644
      2 5645
      4 5646
      4 5648
      3 5649
      3 5650
      2 5651
      2 5653
      2 5654
      2 5655
      1 5656
      3 5657
      2 5660
      1 5661
      4 5662
      1 5663
      4 5664
      4 5665
      2 5666
      2 5667
      3 5668
      2 5669
      1 5671
      1 5672
      1 5674
      6 5675
      1 5676
      4 5677
      4 5679
      3 5680
      1 5681
      1 5682
      3 5683
      2 5684
      1 5685
      3 5686
      3 5687
      1 5688
      1 5689
      2 5690
      2 5691
      3 5693
      3 5694
      2 5695
      1 5696
      1 5697
      1 5698
      1 5699
      1 5700
      6 5701
      6 5702
      4 5704
      1 5705
      4 5706
      1 5707
      2 5708
      2 5709
      2 5710
      1 5711
      1 5712
      1 5713
      1 5714
      4 5716
      1 5717
      1 5719
      3 5721
      1 5723
      1 5725
      3 5726
      1 5727
      1 5728
      1 5729
      3 5731
      1 5732
      1 5733
      2 5734
      3 5735
      1 5736
      3 5737
      3 5739
      1 5741
      1 5743
      2 5747
      2 5751
      4 5752
      2 5753
      2 5754
      2 5755
      4 5758
      7 5759
      1 5762
      2 5763
      1 5765
      2 5766
      1 5767
      1 5768
      2 5769
      2 5770
      3 5771
      5 5772
      2 5773
      2 5774
      3 5775
      1 5778
      1 5780
      4 5782
      1 5785
      1 5786
      1 5787
      4 5788
      2 5791
      5 5792
      3 5793
      1 5795
      1 5796
      1 5797
      2 5800
      3 5801
      1 5803
      2 5804
      1 5805
      3 5806
      1 5808
      1 5809
      1 5810
      1 5811
      2 5813
      2 5814
      2 5815
      2 5820
      2 5821
      1 5822
      3 5823
      1 5824
      1 5825
      2 5826
      2 5828
      1 5829
      1 5830
      3 5831
      2 5832
      1 5833
      1 5835
      2 5837
      3 5839
      2 5842
      1 5843
      1 5844
      3 5845
      1 5846
      1 5847
      2 5848
      1 5849
      2 5850
      1 5851
      1 5853
      3 5855
      2 5856
      2 5857
      4 5858
      1 5860
      1 5861
      1 5862
      3 5863
      1 5865
      1 5867
      2 5868
      2 5869
      3 5874
      2 5875
      1 5876
      2 5877
      1 5878
      3 5879
      2 5880
      4 5881
      2 5882
      2 5883
      2 5884
      2 5885
      1 5886
      2 5887
      1 5888
      2 5889
      2 5890
      2 5891
      3 5892
      2 5893
      1 5894
      1 5895
      2 5896
      1 5897
      1 5898
      1 5899
      4 5900
      2 5901
      1 5903
      3 5905
      1 5908
      2 5909
      2 5910
      1 5911
      2 5912
      3 5913
      5 5915
      2 5916
      1 5917
      1 5918
      2 5919
      2 5920
      3 5921
      3 5922
      3 5925
      1 5926
      4 5927
      2 5928
      1 5930
      4 5932
      1 5933
      3 5935
      1 5936
      1 5938
      1 5939
      3 5940
      3 5942
      2 5943
      2 5944
      1 5945
      2 5946
      1 5947
      2 5948
      3 5949
      1 5950
      6 5951
      2 5952
      2 5953
      2 5954
      1 5955
      1 5956
      1 5957
      1 5958
      2 5959
      2 5960
      1 5961
      3 5969
      2 5970
      1 5971
      2 5974
      1 5975
      1 5976
      1 5977
      1 5978
      1 5979
      2 5980
      2 5981
      2 5982
      1 5983
      4 5984
      2 5986
      1 5987
      1 5988
      4 5989
      5 5990
      1 5991
      2 5992
      2 5997
      1 5998
      2 5999
      1 6000
      3 6001
      2 6004
      3 6005
      6 6007
      3 6008
      1 6013
      2 6015
      1 6016
      3 6018
      2 6024
      3 6025
      1 6026
      2 6027
      1 6029
      1 6031
      1 6033
      1 6034
      1 6035
      1 6036
      1 6037
      1 6039
      1 6043
      2 6045
      3 6047
      1 6048
      3 6049
      1 6050
      1 6051
      2 6052
      2 6053
      2 6054
      2 6055
      1 6056
      1 6057
      1 6058
      1 6059
      2 6060
      2 6061
      2 6063
      1 6064
      2 6066
      1 6067
      2 6070
      3 6071
      2 6072
      1 6073
      2 6075
      1 6077
      1 6078
      1 6079
      1 6080
      1 6084
      1 6086
      1 6088
      1 6089
      1 6090
      3 6091
      1 6092
      3 6094
      1 6095
      1 6096
      1 6098
      2 6099
      1 6102
      3 6103
      4 6104
      2 6105
      1 6106
      1 6108
      1 6109
      2 6110
      1 6111
      1 6112
      4 6118
      1 6119
      2 6121
      1 6129
      1 6130
      1 6131
      3 6132
      2 6133
      1 6135
      1 6136
      1 6139
      1 6140
      2 6143
      2 6144
      2 6145
      1 6148
      1 6149
      1 6151
      1 6152
      2 6154
      2 6155
      1 6157
      3 6159
      1 6162
      3 6165
      2 6167
      1 6168
      2 6169
      3 6170
      2 6171
      2 6172
      1 6174
      2 6176
      1 6177
      3 6178
      1 6180
      2 6181
      2 6185
      2 6186
      1 6187
      1 6188
      2 6189
      1 6190
      4 6191
      3 6192
      1 6193
      1 6194
      1 6195
      2 6196
      2 6197
      1 6199
      2 6201
      1 6203
      3 6205
      2 6208
      1 6209
      2 6212
      2 6213
      2 6214
      1 6215
      1 6221
      2 6222
      1 6224
      2 6227
      2 6228
      2 6229
      2 6231
      1 6233
      1 6235
      2 6237
      1 6238
      1 6240
      1 6241
      1 6243
      2 6244
      1 6245
      1 6246
      1 6247
      1 6248
      2 6251
      1 6256
      2 6258
      1 6259
      2 6262
      1 6265
      1 6267
      1 6269
      1 6270
      1 6273
      2 6276
      2 6279
      4 6281
      1 6284
      2 6287
      1 6289
      2 6291
      1 6293
      1 6294
      1 6296
      1 6297
      1 6299
      4 6302
      2 6303
      1 6307
      1 6311
      1 6314
      3 6315
      1 6317
      1 6319
      1 6320
      1 6321
      2 6322
      2 6325
      1 6326
      1 6329
      1 6330
      1 6331
      1 6335
      1 6336
      1 6337
      1 6338
      1 6340
      1 6344
      2 6347
      1 6348
      1 6349
      1 6354
      1 6356
      1 6360
      2 6364
      1 6365
      1 6369
      3 6370
      1 6372
      1 6376
      1 6377
      1 6379
      1 6380
      1 6381
      2 6383
      1 6388
      1 6390
      1 6393
      1 6402
      1 6403
      1 6404
      2 6407
      1 6409
      1 6414
      1 6418
      1 6423
      1 6426
      2 6428
      1 6429
      1 6431
      1 6434
      1 6440
      1 6445
      1 6446
      2 6448
      1 6450
      1 6452
      3 6456
      1 6458
      2 6459
      1 6460
      1 6462
      3 6464
      1 6466
      1 6469
      2 6475
      1 6480
      1 6482
      1 6483
      1 6485
      2 6486
      2 6487
      1 6491
      1 6494
      1 6495
      1 6497
      1 6504
      2 6505
      1 6506
      1 6507
      1 6508
      1 6509
      1 6510
      1 6511
      1 6517
      1 6520
      1 6521
      1 6523
      1 6525
      1 6526
      3 6534
      1 6538
      1 6539
      1 6541
      1 6548
      1 6555
      1 6557
      1 6558
      1 6559
      3 6561
      1 6562
      1 6567
      1 6568
      1 6577
      1 6579
      1 6583
      1 6587
      1 6591
      1 6594
      1 6595
      1 6597
      1 6598
      1 6600
      1 6603
      1 6605
      1 6609
      1 6610
      1 6612
      2 6613
      1 6620
      1 6621
      1 6622
      1 6624
      1 6625
      1 6634
      2 6637
      1 6638
      1 6639
      2 6640
      1 6642
      3 6643
      2 6644
      2 6645
      1 6646
      1 6650
      2 6653
      1 6658
      2 6661
      1 6664
      1 6668
      1 6669
      2 6670
      1 6673
      1 6674
      1 6675
      1 6679
      1 6682
      1 6683
      2 6685
      1 6689
      2 6691
      1 6692
      1 6693
      1 6695
      2 6697
      3 6698
      1 6699
      1 6700
      1 6701
      1 6702
      1 6703
      1 6704
      1 6707
      1 6710
      1 6712
      2 6713
      1 6714
      3 6720
      3 6721
      1 6723
      2 6724
      1 6727
      1 6728
      2 6730
      1 6731
      1 6732
      1 6733
      2 6734
      1 6736
      1 6738
      1 6739
      1 6740
      2 6741
      1 6743
      1 6744
      1 6746
      1 6751
      1 6752
      1 6754
      1 6757
      1 6770
      1 6777
      1 6779
      2 6783
      2 6786
      1 6789
      1 6790
      1 6791
      1 6792
      1 6793
      1 6796
      1 6797
      2 6798
      1 6810
      1 6812
      3 6813
      1 6815
      1 6820
      1 6826
      1 6827
      1 6829
      1 6833
      2 6836
      1 6840
      2 6842
      1 6847
      2 6850
      1 6852
      1 6854
      1 6856
      1 6861
      2 6862
      2 6863
      1 6867
      1 6869
      1 6874
      1 6880
      1 6882
      2 6883
      1 6884
      2 6889
      1 6891
      1 6892
      1 6894
      2 6895
      3 6898
      2 6899
      1 6900
      1 6903
      1 6904
      1 6905
      1 6906
      1 6907
      2 6908
      2 6909
      1 6910
      1 6916
      2 6918
      1 6919
      1 6920
      1 6922
      1 6923
      1 6925
      1 6927
      1 6929
      2 6930
      1 6932
      1 6935
      1 6938
      2 6939
      1 6942
      3 6943
      2 6946
      1 6947
      1 6949
      1 6951
      1 6953
      1 6957
      2 6958
      1 6960
      1 6964
      1 6966
      1 6968
      1 6969
      1 6970
      1 6974
      1 6975
      1 6977
      1 6978
      1 6979
      1 6985
      1 6988
      1 6989
      1 6992
      1 6996
      1 6998
      1 7002
      1 7003
      3 7006
      1 7011
      2 7012
      1 7015
      1 7020
      1 7021
      1 7024
      1 7028
      1 7029
      1 7030
      1 7032
      1 7033
      1 7035
      1 7042
      2 7044
      1 7045
      1 7058
      1 7064
      2 7069
      1 7072
      1 7075
      1 7078
      1 7080
      1 7081
      1 7082
      1 7091
      1 7096
      1 7102
      1 7104
      2 7111
      1 7112
      1 7121
      1 7127
      1 7133
      3 7134
      1 7137
      1 7138
      1 7141
      1 7152
      1 7153
      1 7156
      1 7157
      1 7161
      1 7165
      1 7166
      2 7167
      1 7171
      1 7182
      1 7184
      1 7186
      1 7194
      1 7195
      1 7196
      1 7200
      1 7201
      1 7202
      1 7203
      1 7206
      1 7210
      1 7212
      1 7215
      1 7218
      1 7222
      1 7230
      1 7235
      1 7236
      1 7237
      1 7238
      3 7242
      1 7246
      1 7249
      1 7250
      1 7262
      1 7265
      2 7267
      1 7273
      1 7276
      1 7277
      1 7285
      1 7286
      1 7290
      2 7296
      1 7299
      1 7301
      1 7303
      2 7309
      1 7310
      2 7313
      1 7315
      1 7316
      2 7318
      1 7321
      1 7322
      2 7326
      1 7330
      1 7331
      1 7332
      1 7335
      1 7339
      1 7340
      1 7342
      2 7345
      1 7349
      3 7350
      1 7351
      1 7353
      2 7354
      1 7355
      3 7357
      1 7364
      1 7370
      1 7371
      1 7374
      1 7375
      2 7377
      2 7380
      1 7386
      1 7395
      1 7396
      1 7397
      1 7402
      1 7406
      2 7409
      1 7413
      2 7415
      1 7416
      1 7419
      1 7423
      1 7430
      1 7433
      1 7437
      1 7438
      1 7441
      1 7444
      1 7447
      1 7456
      1 7464
      1 7465
      1 7471
      1 7474
      1 7476
      1 7477
      1 7478
      1 7479
      1 7480
      1 7485
      1 7490
      1 7491
      1 7494
      1 7496
      1 7497
      1 7500
      1 7503
      1 7509
      2 7511
      1 7516
      1 7517
      1 7518
      1 7519
      2 7524
      1 7525
      1 7529
      2 7531
      1 7532
      1 7533
      1 7535
      1 7539
      1 7540
      2 7550
      1 7552
      2 7554
      4 7556
      1 7557
      1 7558
      1 7559
      1 7560
      1 7562
      2 7568
      2 7570
      1 7571
      2 7572
      1 7573
      1 7574
      1 7575
      2 7577
      1 7582
      1 7583
      1 7584
      1 7587
      1 7592
      1 7596
      4 7603
      3 7604
      1 7610
      1 7617
      1 7621
      3 7636
      1 7640
      1 7646
      1 7649
      1 7651
      1 7657
      1 7660
      1 7668
      1 7669
      1 7673
      1 7683
      1 7685
      1 7689
      1 7690
      1 7692
      1 7694
      2 7702
      1 7704
      1 7708
      2 7710
      1 7712
      1 7723
      1 7725
      1 7727
      2 7730
      1 7732
      1 7734
      1 7735
      3 7737
      1 7741
      1 7742
      1 7743
      3 7747
      1 7748
      1 7749
      2 7751
      2 7753
      1 7755
      2 7758
      1 7759
      1 7760
      1 7763
      2 7764
      1 7765
      2 7767
      1 7774
      1 7775
      2 7777
      1 7784
      1 7792
      1 7799
      1 7800
      2 7802
      1 7803
      1 7808
      1 7813
      1 7815
      1 7819
      1 7826
      2 7828
      1 7829
      1 7831
      1 7833
      1 7838
      1 7840
      1 7841
      2 7842
      2 7843
      2 7844
      1 7846
      1 7853
      1 7855
      3 7858
      2 7859
      1 7860
      1 7863
      1 7865
      1 7866
      1 7868
      1 7869
      3 7870
      2 7872
      1 7873
      1 7874
      1 7875
      3 7877
      1 7879
      3 7880
      1 7882
      3 7883
      1 7884
      1 7887
      1 7894
      1 7895
      1 7896
      2 7899
      2 7900
      1 7901
      1 7902
      1 7903
      4 7904
      2 7905
      1 7906
      2 7907
      1 7908
      2 7909
      3 7911
      1 7913
      1 7914
      2 7916
      2 7917
      5 7918
      1 7919
      3 7920
      3 7921
      2 7922
      1 7923
      3 7924
      4 7925
      3 7926
      6 7927
      3 7928
      5 7929
      1 7930
      4 7931
      4 7933
      2 7934
      4 7935
      4 7936
      5 7937
      4 7939
      1 7940
      2 7941
      4 7942
      3 7943
      6 7944
      4 7945
      2 7946
      3 7948
      2 7949
      1 7951
      2 7952
      3 7953
      1 7955
      1 7956
      1 7960
      1 7965
      1 7967
      1 7969
      1 7970
      4 7971
      1 7972
      1 7974
      1 7976
      3 7977
      1 7978
      2 7979
      1 7981
      1 7982
      1 7983
      1 7985
