 306104 0
392525808 1
577034719 2
597964437 3
482527754 4
321065219 5
183014448 6
91879331 7
41757662 8
17664069 9
7257735 10
3095860 11
1490195 12
 865990 13
 596139 14
 450431 15
 361741 16
 297285 17
 247330 18
 206234 19
 176946 20
 149356 21
 127679 22
 110491 23
  97757 24
  83833 25
  75178 26
  67322 27
  60147 28
  55377 29
  50855 30
  46662 31
  43490 32
  41059 33
  38686 34
  36484 35
  34835 36
  33243 37
  32167 38
  30806 39
  29959 40
  29159 41
  27625 42
  26677 43
  25253 44
  24764 45
  23790 46
  23346 47
  22682 48
  21750 49
  21317 50
  20418 51
  20618 52
  20120 53
  19608 54
  18820 55
  18766 56
  18404 57
  18238 58
  17666 59
  17629 60
  17148 61
  16600 62
  16271 63
  16158 64
  15856 65
  15605 66
  15195 67
  14811 68
  14585 69
  14051 70
  13816 71
  13626 72
  13107 73
  12777 74
  12472 75
  12030 76
  11651 77
  11537 78
  11079 79
  10500 80
  10653 81
  10288 82
   9968 83
   9938 84
   9618 85
   9541 86
   9431 87
   9313 88
   9043 89
   8607 90
   8523 91
   7997 92
   7890 93
   7760 94
   7799 95
   7615 96
   7577 97
   7245 98
   7178 99
   6927 100
   6678 101
   6729 102
   6652 103
   6288 104
   6051 105
   5895 106
   5772 107
   5758 108
   5794 109
   5782 110
   5630 111
   5432 112
   5344 113
   5282 114
   5408 115
   5097 116
   5041 117
   5010 118
   4809 119
   4824 120
   4878 121
   4595 122
   4507 123
   4485 124
   4407 125
   4418 126
   4176 127
   4208 128
   4134 129
   4147 130
   4110 131
   4095 132
   4098 133
   4022 134
   3900 135
   3961 136
   3909 137
   3841 138
   3760 139
   3691 140
   3674 141
   3648 142
   3621 143
   3384 144
   3363 145
   3319 146
   3251 147
   3186 148
   3148 149
   3103 150
   3117 151
   2961 152
   2874 153
   2782 154
   2909 155
   2819 156
   2701 157
   2627 158
   2678 159
   2707 160
   2715 161
   2639 162
   2553 163
   2425 164
   2495 165
   2458 166
   2363 167
   2430 168
   2409 169
   2403 170
   2278 171
   2270 172
   2223 173
   2140 174
   2176 175
   2142 176
   2201 177
   2128 178
   2187 179
   2233 180
   2271 181
   2101 182
   2068 183
   2087 184
   2019 185
   2036 186
   2014 187
   2012 188
   2021 189
   2046 190
   1936 191
   1981 192
   1918 193
   1874 194
   1924 195
   1893 196
   1833 197
   1916 198
   1763 199
   1773 200
   1741 201
   1739 202
   1799 203
   1725 204
   1651 205
   1618 206
   1708 207
   1745 208
   1637 209
   1731 210
   1687 211
   1678 212
   1620 213
   1569 214
   1554 215
   1637 216
   1501 217
   1428 218
   1370 219
   1516 220
   1546 221
   1506 222
   1463 223
   1487 224
   1484 225
   1516 226
   1430 227
   1442 228
   1383 229
   1511 230
   1373 231
   1444 232
   1363 233
   1332 234
   1285 235
   1343 236
   1338 237
   1338 238
   1314 239
   1246 240
   1332 241
   1290 242
   1351 243
   1323 244
   1268 245
   1330 246
   1300 247
   1231 248
   1253 249
   1252 250
   1205 251
   1303 252
   1266 253
   1221 254
   1226 255
   1205 256
   1189 257
   1146 258
   1150 259
   1185 260
   1136 261
   1131 262
   1112 263
   1232 264
   1124 265
   1124 266
   1155 267
   1172 268
   1080 269
   1098 270
   1055 271
   1160 272
   1090 273
   1099 274
   1048 275
   1038 276
   1127 277
   1124 278
   1008 279
   1062 280
   1084 281
   1054 282
   1041 283
    966 284
    990 285
   1006 286
   1032 287
    945 288
    983 289
    994 290
    938 291
    917 292
    910 293
    900 294
    943 295
    971 296
    939 297
    963 298
    958 299
    982 300
    908 301
    930 302
    896 303
    955 304
    924 305
    921 306
    907 307
    918 308
    898 309
    874 310
    892 311
    869 312
    862 313
    859 314
    877 315
    837 316
    797 317
    820 318
    797 319
    815 320
    752 321
    806 322
    794 323
    715 324
    782 325
    785 326
    759 327
    707 328
    719 329
    811 330
    731 331
    729 332
    734 333
    710 334
    688 335
    710 336
    660 337
    725 338
    688 339
    728 340
    682 341
    715 342
    667 343
    666 344
    648 345
    682 346
    619 347
    643 348
    619 349
    680 350
    679 351
    640 352
    659 353
    662 354
    652 355
    662 356
    652 357
    597 358
    595 359
    640 360
    639 361
    664 362
    676 363
    622 364
    681 365
    688 366
    621 367
    629 368
    573 369
    594 370
    628 371
    614 372
    595 373
    573 374
    591 375
    612 376
    617 377
    569 378
    662 379
    590 380
    603 381
    616 382
    603 383
    595 384
    635 385
    576 386
    570 387
    624 388
    567 389
    609 390
    600 391
    578 392
    548 393
    586 394
    542 395
    589 396
    553 397
    580 398
    615 399
    572 400
    579 401
    509 402
    588 403
    524 404
    553 405
    538 406
    557 407
    532 408
    473 409
    495 410
    477 411
    464 412
    500 413
    516 414
    514 415
    479 416
    517 417
    545 418
    485 419
    491 420
    476 421
    529 422
    485 423
    508 424
    476 425
    471 426
    504 427
    475 428
    449 429
    446 430
    472 431
    497 432
    467 433
    525 434
    521 435
    496 436
    524 437
    491 438
    515 439
    448 440
    517 441
    470 442
    479 443
    481 444
    544 445
    467 446
    420 447
    465 448
    500 449
    492 450
    488 451
    446 452
    484 453
    468 454
    409 455
    457 456
    468 457
    483 458
    451 459
    473 460
    450 461
    467 462
    417 463
    466 464
    437 465
    469 466
    463 467
    443 468
    405 469
    458 470
    490 471
    440 472
    494 473
    437 474
    453 475
    454 476
    443 477
    446 478
    431 479
    438 480
    462 481
    464 482
    442 483
    466 484
    431 485
    435 486
    452 487
    447 488
    450 489
    468 490
    437 491
    444 492
    446 493
    467 494
    434 495
    439 496
    450 497
    419 498
    403 499
    432 500
    420 501
    415 502
    433 503
    410 504
    438 505
    388 506
    405 507
    405 508
    413 509
    379 510
    389 511
    430 512
    386 513
    424 514
    405 515
    402 516
    420 517
    355 518
    403 519
    398 520
    379 521
    369 522
    372 523
    381 524
    380 525
    370 526
    388 527
    353 528
    340 529
    359 530
    351 531
    360 532
    339 533
    308 534
    359 535
    366 536
    346 537
    391 538
    341 539
    385 540
    379 541
    356 542
    347 543
    332 544
    378 545
    353 546
    357 547
    362 548
    378 549
    370 550
    331 551
    351 552
    407 553
    348 554
    383 555
    355 556
    356 557
    324 558
    367 559
    375 560
    392 561
    391 562
    381 563
    374 564
    351 565
    342 566
    351 567
    348 568
    360 569
    362 570
    335 571
    324 572
    349 573
    393 574
    358 575
    371 576
    347 577
    326 578
    357 579
    350 580
    344 581
    344 582
    319 583
    343 584
    340 585
    312 586
    309 587
    325 588
    301 589
    293 590
    316 591
    311 592
    297 593
    286 594
    325 595
    371 596
    333 597
    335 598
    297 599
    370 600
    317 601
    347 602
    348 603
    335 604
    316 605
    310 606
    329 607
    314 608
    300 609
    285 610
    320 611
    353 612
    346 613
    328 614
    341 615
    319 616
    337 617
    343 618
    322 619
    279 620
    301 621
    306 622
    329 623
    343 624
    325 625
    291 626
    309 627
    351 628
    361 629
    345 630
    334 631
    305 632
    325 633
    355 634
    297 635
    325 636
    304 637
    321 638
    315 639
    271 640
    282 641
    315 642
    328 643
    308 644
    271 645
    285 646
    314 647
    292 648
    281 649
    285 650
    290 651
    301 652
    271 653
    271 654
    283 655
    254 656
    234 657
    289 658
    268 659
    256 660
    288 661
    279 662
    264 663
    261 664
    231 665
    261 666
    263 667
    267 668
    254 669
    259 670
    236 671
    231 672
    257 673
    266 674
    227 675
    247 676
    253 677
    253 678
    232 679
    264 680
    252 681
    250 682
    254 683
    220 684
    266 685
    256 686
    239 687
    247 688
    234 689
    218 690
    243 691
    233 692
    237 693
    229 694
    233 695
    217 696
    223 697
    239 698
    241 699
    264 700
    245 701
    244 702
    244 703
    224 704
    233 705
    225 706
    203 707
    218 708
    236 709
    217 710
    227 711
    211 712
    237 713
    227 714
    236 715
    216 716
    222 717
    227 718
    214 719
    209 720
    231 721
    217 722
    241 723
    220 724
    221 725
    247 726
    225 727
    201 728
    209 729
    238 730
    228 731
    218 732
    205 733
    224 734
    214 735
    217 736
    221 737
    218 738
    208 739
    196 740
    194 741
    212 742
    179 743
    190 744
    212 745
    212 746
    195 747
    201 748
    197 749
    192 750
    216 751
    204 752
    216 753
    193 754
    204 755
    181 756
    189 757
    188 758
    215 759
    205 760
    182 761
    203 762
    191 763
    197 764
    188 765
    183 766
    186 767
    193 768
    179 769
    192 770
    194 771
    196 772
    196 773
    185 774
    179 775
    169 776
    194 777
    216 778
    206 779
    212 780
    173 781
    188 782
    182 783
    192 784
    174 785
    184 786
    187 787
    183 788
    194 789
    172 790
    174 791
    170 792
    158 793
    180 794
    169 795
    160 796
    189 797
    185 798
    173 799
    185 800
    174 801
    177 802
    161 803
    173 804
    151 805
    163 806
    180 807
    193 808
    169 809
    185 810
    178 811
    167 812
    157 813
    170 814
    173 815
    169 816
    173 817
    190 818
    152 819
    154 820
    150 821
    165 822
    155 823
    158 824
    157 825
    164 826
    171 827
    161 828
    151 829
    166 830
    165 831
    162 832
    165 833
    162 834
    160 835
    189 836
    159 837
    160 838
    157 839
    164 840
    173 841
    164 842
    181 843
    171 844
    143 845
    169 846
    152 847
    191 848
    146 849
    157 850
    184 851
    146 852
    158 853
    136 854
    157 855
    147 856
    155 857
    123 858
    127 859
    141 860
    149 861
    180 862
    152 863
    142 864
    160 865
    154 866
    146 867
    142 868
    138 869
    140 870
    159 871
    108 872
    159 873
    150 874
    132 875
    154 876
    144 877
    167 878
    132 879
    128 880
    145 881
    182 882
    145 883
    148 884
    155 885
    137 886
    174 887
    156 888
    148 889
    175 890
    167 891
    161 892
    172 893
    170 894
    179 895
    160 896
    169 897
    148 898
    183 899
    160 900
    136 901
    162 902
    154 903
    159 904
    140 905
    150 906
    157 907
    163 908
    152 909
    136 910
    147 911
    157 912
    139 913
    124 914
    136 915
    137 916
    139 917
    135 918
    146 919
    170 920
    129 921
    170 922
    143 923
    137 924
    140 925
    164 926
    143 927
    112 928
    143 929
    150 930
    156 931
    118 932
    151 933
    131 934
    129 935
    113 936
    150 937
    137 938
    124 939
    149 940
    146 941
    126 942
    147 943
    141 944
    122 945
    130 946
    130 947
    121 948
    137 949
    160 950
    110 951
    140 952
    129 953
    140 954
    145 955
    130 956
    162 957
    113 958
    128 959
     96 960
    143 961
    127 962
    120 963
    120 964
    146 965
    144 966
    125 967
    112 968
    146 969
    139 970
    127 971
    125 972
    113 973
    146 974
    134 975
    148 976
    117 977
    122 978
    116 979
    133 980
    130 981
    140 982
    123 983
    120 984
    125 985
    127 986
    123 987
    143 988
    120 989
    124 990
    122 991
    128 992
    129 993
    140 994
    125 995
    127 996
    140 997
    125 998
    140 999
    125 1000
    112 1001
    113 1002
    136 1003
    151 1004
    139 1005
    126 1006
    149 1007
    137 1008
    117 1009
    103 1010
    149 1011
    129 1012
    125 1013
    160 1014
    136 1015
    128 1016
    122 1017
    125 1018
    120 1019
    128 1020
    130 1021
    113 1022
    151 1023
    141 1024
    132 1025
    139 1026
    136 1027
    141 1028
    131 1029
    146 1030
    129 1031
    128 1032
    140 1033
    118 1034
    121 1035
    134 1036
    130 1037
    149 1038
    130 1039
    108 1040
    157 1041
    122 1042
    115 1043
    135 1044
    141 1045
    127 1046
    128 1047
    124 1048
    124 1049
    146 1050
    134 1051
    148 1052
    152 1053
    156 1054
    146 1055
    134 1056
    150 1057
    145 1058
    129 1059
    147 1060
    138 1061
    148 1062
    122 1063
    137 1064
    141 1065
    141 1066
    125 1067
    143 1068
    156 1069
    127 1070
    117 1071
    122 1072
    169 1073
    132 1074
    132 1075
    161 1076
    134 1077
    134 1078
    151 1079
    134 1080
    139 1081
    129 1082
    137 1083
    131 1084
    119 1085
    137 1086
    124 1087
    141 1088
    116 1089
    135 1090
    143 1091
    127 1092
    123 1093
    131 1094
    126 1095
    139 1096
    126 1097
    126 1098
    140 1099
    136 1100
    118 1101
    130 1102
    115 1103
    122 1104
    136 1105
    127 1106
    117 1107
    141 1108
    114 1109
    123 1110
    131 1111
    135 1112
    133 1113
    134 1114
    120 1115
    133 1116
    151 1117
    115 1118
    134 1119
    116 1120
    111 1121
    126 1122
    115 1123
    129 1124
    113 1125
    110 1126
    126 1127
    132 1128
    115 1129
    121 1130
    133 1131
    109 1132
    114 1133
    114 1134
    123 1135
    104 1136
    120 1137
    109 1138
    145 1139
    114 1140
    127 1141
    143 1142
    161 1143
    171 1144
    122 1145
    135 1146
    144 1147
    140 1148
    130 1149
    135 1150
    127 1151
    136 1152
    125 1153
    143 1154
    149 1155
    119 1156
    119 1157
    131 1158
    110 1159
    108 1160
    117 1161
    139 1162
    129 1163
    136 1164
    132 1165
    130 1166
    148 1167
    113 1168
    119 1169
    113 1170
    126 1171
    112 1172
    120 1173
    124 1174
    114 1175
    130 1176
    150 1177
    126 1178
    139 1179
    114 1180
    106 1181
    127 1182
    136 1183
    139 1184
    146 1185
    134 1186
    119 1187
    121 1188
    127 1189
    132 1190
    168 1191
    124 1192
    132 1193
    139 1194
    139 1195
    129 1196
    140 1197
    131 1198
    134 1199
    154 1200
    136 1201
    150 1202
    127 1203
    127 1204
    155 1205
    134 1206
    131 1207
    149 1208
    109 1209
    118 1210
    119 1211
    146 1212
    111 1213
    138 1214
    116 1215
    129 1216
    128 1217
    135 1218
    123 1219
    131 1220
    130 1221
    116 1222
    121 1223
    120 1224
    114 1225
    112 1226
    129 1227
    126 1228
    116 1229
    110 1230
    115 1231
    125 1232
    130 1233
    111 1234
    108 1235
    114 1236
     99 1237
    123 1238
    110 1239
    107 1240
     90 1241
    117 1242
    128 1243
    116 1244
    110 1245
    117 1246
    118 1247
    123 1248
    120 1249
    117 1250
    125 1251
    115 1252
     98 1253
    105 1254
    119 1255
    100 1256
    123 1257
    115 1258
    136 1259
    120 1260
    127 1261
    116 1262
    107 1263
    121 1264
    118 1265
    107 1266
    113 1267
    110 1268
    130 1269
    119 1270
    133 1271
    108 1272
    109 1273
     97 1274
    119 1275
    114 1276
    125 1277
    110 1278
    106 1279
    100 1280
    100 1281
    116 1282
     87 1283
    106 1284
    107 1285
    101 1286
     85 1287
    119 1288
     93 1289
    101 1290
    118 1291
     73 1292
    103 1293
     92 1294
    105 1295
    101 1296
     94 1297
    103 1298
    104 1299
    102 1300
    102 1301
    101 1302
     86 1303
     72 1304
     83 1305
     82 1306
     95 1307
     97 1308
     81 1309
     91 1310
     81 1311
     73 1312
     85 1313
     73 1314
     87 1315
     72 1316
     80 1317
     78 1318
     94 1319
     85 1320
     82 1321
     90 1322
     78 1323
     92 1324
     83 1325
     76 1326
     82 1327
     99 1328
     85 1329
     78 1330
     82 1331
     93 1332
     94 1333
     73 1334
     95 1335
     97 1336
     93 1337
     85 1338
     92 1339
     84 1340
     89 1341
     83 1342
     90 1343
     96 1344
     89 1345
    104 1346
     91 1347
     99 1348
     92 1349
     80 1350
     93 1351
     87 1352
     86 1353
     94 1354
     94 1355
     95 1356
     87 1357
    101 1358
     98 1359
     78 1360
     85 1361
     83 1362
     87 1363
     86 1364
     88 1365
     83 1366
     90 1367
     96 1368
     91 1369
    101 1370
     89 1371
     87 1372
     77 1373
     95 1374
     80 1375
     73 1376
     71 1377
     67 1378
     85 1379
     70 1380
    110 1381
     69 1382
     68 1383
     72 1384
     83 1385
     77 1386
     82 1387
     64 1388
     60 1389
     85 1390
     84 1391
     71 1392
     69 1393
     67 1394
     89 1395
     63 1396
     60 1397
     81 1398
     54 1399
     71 1400
     48 1401
     79 1402
     72 1403
     69 1404
     86 1405
     59 1406
     68 1407
     64 1408
     72 1409
     71 1410
     76 1411
     89 1412
     62 1413
     63 1414
     69 1415
     77 1416
     65 1417
     57 1418
     70 1419
     71 1420
     85 1421
     65 1422
     76 1423
     62 1424
     72 1425
     66 1426
     63 1427
     81 1428
     72 1429
     53 1430
     68 1431
     61 1432
     62 1433
     53 1434
     60 1435
     51 1436
     58 1437
     55 1438
     54 1439
     69 1440
     52 1441
     66 1442
     72 1443
     53 1444
     59 1445
     59 1446
     50 1447
     61 1448
     54 1449
     64 1450
     56 1451
     62 1452
     59 1453
     47 1454
     70 1455
     62 1456
     53 1457
     62 1458
     59 1459
     64 1460
     52 1461
     57 1462
     64 1463
     48 1464
     57 1465
     62 1466
     58 1467
     58 1468
     50 1469
     72 1470
     56 1471
     37 1472
     58 1473
     48 1474
     58 1475
     61 1476
     64 1477
     55 1478
     60 1479
     51 1480
     57 1481
     59 1482
     61 1483
     62 1484
     51 1485
     52 1486
     38 1487
     47 1488
     62 1489
     45 1490
     35 1491
     52 1492
     60 1493
     49 1494
     48 1495
     49 1496
     54 1497
     42 1498
     61 1499
     52 1500
     59 1501
     39 1502
     39 1503
     59 1504
     54 1505
     45 1506
     44 1507
     54 1508
     44 1509
     55 1510
     52 1511
     64 1512
     50 1513
     45 1514
     59 1515
     61 1516
     47 1517
     38 1518
     49 1519
     49 1520
     38 1521
     44 1522
     57 1523
     52 1524
     38 1525
     43 1526
     43 1527
     55 1528
     48 1529
     41 1530
     45 1531
     51 1532
     40 1533
     42 1534
     45 1535
     55 1536
     49 1537
     44 1538
     39 1539
     35 1540
     40 1541
     38 1542
     33 1543
     43 1544
     43 1545
     38 1546
     34 1547
     41 1548
     46 1549
     35 1550
     60 1551
     45 1552
     29 1553
     50 1554
     31 1555
     28 1556
     39 1557
     43 1558
     43 1559
     49 1560
     44 1561
     51 1562
     29 1563
     40 1564
     41 1565
     56 1566
     52 1567
     52 1568
     39 1569
     35 1570
     37 1571
     34 1572
     36 1573
     44 1574
     42 1575
     32 1576
     46 1577
     26 1578
     39 1579
     31 1580
     49 1581
     36 1582
     47 1583
     32 1584
     28 1585
     37 1586
     42 1587
     47 1588
     32 1589
     31 1590
     39 1591
     35 1592
     40 1593
     30 1594
     43 1595
     45 1596
     43 1597
     35 1598
     39 1599
     37 1600
     45 1601
     31 1602
     43 1603
     36 1604
     40 1605
     25 1606
     34 1607
     51 1608
     31 1609
     32 1610
     43 1611
     31 1612
     36 1613
     33 1614
     26 1615
     32 1616
     34 1617
     34 1618
     38 1619
     23 1620
     40 1621
     31 1622
     46 1623
     42 1624
     41 1625
     32 1626
     40 1627
     56 1628
     37 1629
     28 1630
     39 1631
     43 1632
     33 1633
     29 1634
     32 1635
     34 1636
     47 1637
     38 1638
     32 1639
     44 1640
     41 1641
     32 1642
     31 1643
     36 1644
     30 1645
     42 1646
     28 1647
     45 1648
     44 1649
     29 1650
     29 1651
     36 1652
     40 1653
     39 1654
     27 1655
     35 1656
     26 1657
     30 1658
     36 1659
     36 1660
     33 1661
     27 1662
     42 1663
     33 1664
     26 1665
     39 1666
     41 1667
     34 1668
     30 1669
     34 1670
     40 1671
     34 1672
     40 1673
     33 1674
     21 1675
     39 1676
     34 1677
     45 1678
     35 1679
     33 1680
     28 1681
     32 1682
     31 1683
     25 1684
     21 1685
     27 1686
     29 1687
     25 1688
     33 1689
     31 1690
     33 1691
     30 1692
     28 1693
     22 1694
     34 1695
     28 1696
     22 1697
     24 1698
     35 1699
     38 1700
     46 1701
     27 1702
     27 1703
     26 1704
     21 1705
     23 1706
     31 1707
     31 1708
     32 1709
     30 1710
     27 1711
     32 1712
     21 1713
     33 1714
     37 1715
     30 1716
     33 1717
     29 1718
     23 1719
     38 1720
     25 1721
     32 1722
     27 1723
     24 1724
     26 1725
     38 1726
     31 1727
     29 1728
     38 1729
     34 1730
     25 1731
     24 1732
     23 1733
     24 1734
     27 1735
     32 1736
     36 1737
     30 1738
     32 1739
     23 1740
     32 1741
     31 1742
     24 1743
     30 1744
     25 1745
     21 1746
     29 1747
     24 1748
     23 1749
     26 1750
     27 1751
     23 1752
     17 1753
     24 1754
     23 1755
     24 1756
     27 1757
     22 1758
     28 1759
     25 1760
     27 1761
     23 1762
     32 1763
     37 1764
     22 1765
     36 1766
     29 1767
     25 1768
     23 1769
     26 1770
     25 1771
     24 1772
     28 1773
     21 1774
     26 1775
     27 1776
     33 1777
     26 1778
     30 1779
     30 1780
     29 1781
     25 1782
     24 1783
     33 1784
     24 1785
     30 1786
     24 1787
     26 1788
     18 1789
     28 1790
     17 1791
     30 1792
     28 1793
     24 1794
     32 1795
     23 1796
     23 1797
     29 1798
     25 1799
     27 1800
     16 1801
     21 1802
     21 1803
     16 1804
     23 1805
     23 1806
     25 1807
     17 1808
     23 1809
     29 1810
     20 1811
     23 1812
     19 1813
     24 1814
     20 1815
     31 1816
     20 1817
     18 1818
     18 1819
     34 1820
     22 1821
     20 1822
     19 1823
     17 1824
     17 1825
     22 1826
     27 1827
     25 1828
     22 1829
     18 1830
     20 1831
     11 1832
     16 1833
     18 1834
     17 1835
     23 1836
     22 1837
     20 1838
     23 1839
     33 1840
     22 1841
     22 1842
     16 1843
     19 1844
     17 1845
     22 1846
     17 1847
     19 1848
     27 1849
     18 1850
     19 1851
     22 1852
     24 1853
     21 1854
     22 1855
     22 1856
     19 1857
     18 1858
     18 1859
     18 1860
     22 1861
     22 1862
     19 1863
     20 1864
     17 1865
     17 1866
     18 1867
     27 1868
     27 1869
     18 1870
     25 1871
     28 1872
     20 1873
     28 1874
     21 1875
     24 1876
     18 1877
     25 1878
     14 1879
     23 1880
     24 1881
     19 1882
     23 1883
     15 1884
     17 1885
     28 1886
     14 1887
     26 1888
     31 1889
     25 1890
     19 1891
     29 1892
     13 1893
     24 1894
     20 1895
     29 1896
     30 1897
     24 1898
     31 1899
     32 1900
     22 1901
     23 1902
     28 1903
     41 1904
     34 1905
     17 1906
     26 1907
     22 1908
     32 1909
     26 1910
     21 1911
     17 1912
     22 1913
     26 1914
     24 1915
     22 1916
     29 1917
     18 1918
     24 1919
     27 1920
     18 1921
     24 1922
     31 1923
     26 1924
     23 1925
     22 1926
     17 1927
     14 1928
     21 1929
     23 1930
     22 1931
     25 1932
     23 1933
     27 1934
     30 1935
     27 1936
     30 1937
     24 1938
     25 1939
     24 1940
     30 1941
     17 1942
     18 1943
     18 1944
     32 1945
     25 1946
     22 1947
     23 1948
     17 1949
     23 1950
     31 1951
     30 1952
     20 1953
     25 1954
     27 1955
     17 1956
     27 1957
     19 1958
     19 1959
     24 1960
     22 1961
     25 1962
     23 1963
     22 1964
     16 1965
     15 1966
     21 1967
     21 1968
     23 1969
     21 1970
     14 1971
     24 1972
     26 1973
     28 1974
     22 1975
     15 1976
     23 1977
     25 1978
     22 1979
     26 1980
     19 1981
     13 1982
     22 1983
     14 1984
     27 1985
     21 1986
     17 1987
     18 1988
     15 1989
     19 1990
     16 1991
     20 1992
     20 1993
     24 1994
     25 1995
     16 1996
     18 1997
     18 1998
     19 1999
     19 2000
     19 2001
     22 2002
     15 2003
     20 2004
     22 2005
     23 2006
     18 2007
     14 2008
     22 2009
     24 2010
     18 2011
     17 2012
     20 2013
     22 2014
     17 2015
     21 2016
     18 2017
     15 2018
     17 2019
     12 2020
     28 2021
     18 2022
      9 2023
     24 2024
     15 2025
     18 2026
     19 2027
     15 2028
      9 2029
     21 2030
     19 2031
     19 2032
     13 2033
     15 2034
     19 2035
     16 2036
     22 2037
     12 2038
     14 2039
     14 2040
     17 2041
     22 2042
     18 2043
     30 2044
     19 2045
     21 2046
     18 2047
     14 2048
     18 2049
     19 2050
     11 2051
     11 2052
      8 2053
     19 2054
     19 2055
     13 2056
     26 2057
     11 2058
     15 2059
     16 2060
     14 2061
     16 2062
     24 2063
     18 2064
     18 2065
     23 2066
     10 2067
     18 2068
     15 2069
     13 2070
     21 2071
     19 2072
     25 2073
     17 2074
     11 2075
     18 2076
     11 2077
     12 2078
     11 2079
     18 2080
     11 2081
     20 2082
     16 2083
     16 2084
     16 2085
     15 2086
     12 2087
     16 2088
     11 2089
     19 2090
     16 2091
      5 2092
      9 2093
     14 2094
     17 2095
     24 2096
     17 2097
     15 2098
     23 2099
     21 2100
     13 2101
     13 2102
     11 2103
     10 2104
     15 2105
     16 2106
     17 2107
     15 2108
     16 2109
     13 2110
     14 2111
      9 2112
      8 2113
     12 2114
     19 2115
     17 2116
     16 2117
     18 2118
     15 2119
     13 2120
     17 2121
     16 2122
     17 2123
     15 2124
     19 2125
     15 2126
     12 2127
     18 2128
     14 2129
     13 2130
     19 2131
     12 2132
     15 2133
     19 2134
     15 2135
     14 2136
     17 2137
     13 2138
     13 2139
     12 2140
     18 2141
      8 2142
     10 2143
     15 2144
     19 2145
     17 2146
     19 2147
     12 2148
     11 2149
     20 2150
     15 2151
     17 2152
     12 2153
     13 2154
     13 2155
     14 2156
     11 2157
     12 2158
     20 2159
     12 2160
     12 2161
     12 2162
     15 2163
     20 2164
     15 2165
     15 2166
     11 2167
     11 2168
     13 2169
     22 2170
     22 2171
     19 2172
     18 2173
     13 2174
     16 2175
     24 2176
     24 2177
     13 2178
     25 2179
     14 2180
     26 2181
      8 2182
     15 2183
     23 2184
     22 2185
     20 2186
     15 2187
     18 2188
     16 2189
     16 2190
     20 2191
     21 2192
     26 2193
     18 2194
     16 2195
     16 2196
     15 2197
     15 2198
     23 2199
     14 2200
     12 2201
     17 2202
     18 2203
     11 2204
     11 2205
     21 2206
     22 2207
     19 2208
     13 2209
     15 2210
     19 2211
     13 2212
     10 2213
     21 2214
     19 2215
     19 2216
      9 2217
      7 2218
     13 2219
     11 2220
     10 2221
      7 2222
     15 2223
     12 2224
     13 2225
     12 2226
     12 2227
     19 2228
     19 2229
     18 2230
     13 2231
     11 2232
      9 2233
     13 2234
     11 2235
     13 2236
      8 2237
     14 2238
     11 2239
     10 2240
      4 2241
     17 2242
      8 2243
      6 2244
     10 2245
      4 2246
     16 2247
     11 2248
     18 2249
     11 2250
     13 2251
     13 2252
     10 2253
     17 2254
     14 2255
     11 2256
     15 2257
     17 2258
     18 2259
     13 2260
     19 2261
     12 2262
     16 2263
     12 2264
     14 2265
      9 2266
     21 2267
      8 2268
     16 2269
     12 2270
     11 2271
     11 2272
     11 2273
      8 2274
     14 2275
     21 2276
     10 2277
     14 2278
     20 2279
     17 2280
     17 2281
     18 2282
     25 2283
     19 2284
     19 2285
     14 2286
     20 2287
     10 2288
     17 2289
     17 2290
     14 2291
     14 2292
     19 2293
     14 2294
     12 2295
     15 2296
     19 2297
     23 2298
     10 2299
     13 2300
     10 2301
      6 2302
     17 2303
     10 2304
     13 2305
     12 2306
     17 2307
     15 2308
     16 2309
     12 2310
     12 2311
     14 2312
     10 2313
     17 2314
      8 2315
     18 2316
     13 2317
     12 2318
     13 2319
     11 2320
     19 2321
      9 2322
      6 2323
     17 2324
     13 2325
     19 2326
     14 2327
      9 2328
     15 2329
     11 2330
      5 2331
     16 2332
     12 2333
     15 2334
     12 2335
     16 2336
     12 2337
     15 2338
     11 2339
     12 2340
     12 2341
      6 2342
     12 2343
     16 2344
     16 2345
      8 2346
     12 2347
     13 2348
     17 2349
     12 2350
     12 2351
     15 2352
     10 2353
     11 2354
     10 2355
     10 2356
      3 2357
      7 2358
     11 2359
      6 2360
      9 2361
      8 2362
     10 2363
     14 2364
     14 2365
     12 2366
     11 2367
      7 2368
     13 2369
      7 2370
      1 2371
      6 2372
      8 2373
     13 2374
     12 2375
      4 2376
     10 2377
      9 2378
      6 2379
     10 2380
     10 2381
      9 2382
     13 2383
      8 2384
     14 2385
     13 2386
      9 2387
      5 2388
      7 2389
     11 2390
     15 2391
      8 2392
      7 2393
      8 2394
     10 2395
     18 2396
     11 2397
      8 2398
     11 2399
     11 2400
     13 2401
     17 2402
      9 2403
     11 2404
     12 2405
     11 2406
      7 2407
     15 2408
      8 2409
      6 2410
      9 2411
      7 2412
      8 2413
      5 2414
     13 2415
      7 2416
     12 2417
     14 2418
     12 2419
      5 2420
     23 2421
      8 2422
      7 2423
      6 2424
      6 2425
      9 2426
      2 2427
     13 2428
      6 2429
     11 2430
      9 2431
      9 2432
     11 2433
      6 2434
      5 2435
      4 2436
     10 2437
      4 2438
      7 2439
     12 2440
     14 2441
      8 2442
      9 2443
      6 2444
     11 2445
     10 2446
      8 2447
     10 2448
     11 2449
     10 2450
     16 2451
      9 2452
     12 2453
     13 2454
      8 2455
      4 2456
     16 2457
      7 2458
      6 2459
      7 2460
      7 2461
      6 2462
     10 2463
      9 2464
      9 2465
      6 2466
     12 2467
     10 2468
     10 2469
     10 2470
      6 2471
     13 2472
     12 2473
     12 2474
      4 2475
     10 2476
      5 2477
      8 2478
      9 2479
      8 2480
     16 2481
      7 2482
      5 2483
      9 2484
     11 2485
      3 2486
      4 2487
     11 2488
     10 2489
      6 2490
      9 2491
      6 2492
      2 2493
      8 2494
      6 2495
      8 2496
     13 2497
      4 2498
      8 2499
      8 2500
      8 2501
     10 2502
      7 2503
      8 2504
      4 2505
      4 2506
     12 2507
      7 2508
      6 2509
      8 2510
      8 2511
     14 2512
     10 2513
      6 2514
      7 2515
      9 2516
      7 2517
      3 2518
     12 2519
      3 2520
     11 2521
      6 2522
      7 2523
      5 2524
      9 2525
      5 2526
      6 2527
      6 2528
     10 2529
      7 2530
      4 2531
     10 2532
     10 2533
      4 2534
      8 2535
      5 2536
      7 2537
      8 2538
      5 2539
     10 2540
     12 2541
      8 2542
      5 2543
     10 2544
      6 2545
      9 2546
      7 2547
      7 2548
      2 2549
      9 2550
      3 2551
      8 2552
      6 2553
      6 2554
      6 2555
     10 2556
      3 2557
      7 2558
      6 2559
      6 2560
      5 2561
      8 2562
      9 2563
     10 2564
     10 2565
      9 2566
      6 2567
      9 2568
      7 2569
      6 2570
      6 2571
     10 2572
     14 2573
      5 2574
      5 2575
      6 2576
      9 2577
      5 2578
      8 2579
      7 2580
      5 2581
      5 2582
      8 2583
      4 2584
      7 2585
      7 2586
      5 2587
      5 2588
      5 2589
      8 2590
      5 2591
      5 2592
      6 2594
      2 2595
     12 2596
      5 2597
      7 2598
      4 2599
      4 2600
      2 2601
      8 2602
      7 2603
      8 2604
     10 2605
      5 2606
      5 2607
      5 2608
      9 2609
      2 2610
      5 2611
     11 2612
      7 2613
      4 2614
      9 2615
     10 2616
      9 2617
      4 2618
     11 2619
      4 2620
      3 2621
      6 2622
      6 2623
      8 2624
      4 2625
     10 2626
     12 2627
      5 2628
      8 2629
      9 2630
      3 2631
      2 2632
      4 2633
      6 2634
      1 2635
      7 2636
      3 2637
      6 2638
      8 2639
      2 2640
      4 2641
      5 2642
      6 2643
      7 2644
     12 2645
      2 2646
      5 2647
      1 2648
      4 2649
      4 2650
      4 2651
      3 2652
      6 2653
      6 2654
      6 2655
      4 2656
      4 2657
      5 2658
      5 2659
      3 2660
      8 2661
      5 2662
      7 2663
      9 2664
      1 2665
      4 2666
      8 2667
      9 2668
      5 2669
      8 2670
      7 2671
      8 2672
      2 2673
      1 2674
      5 2675
      4 2676
      6 2677
      7 2678
      2 2679
     10 2680
     11 2681
      8 2682
      6 2683
      4 2684
     10 2685
      8 2686
      2 2687
      3 2688
      6 2689
     12 2690
      9 2691
      6 2692
      4 2693
      7 2694
     12 2695
      7 2696
      9 2697
      2 2698
      8 2699
      6 2700
      5 2701
      4 2702
      5 2703
      7 2704
      8 2705
      7 2706
      7 2707
     12 2708
      8 2709
      5 2710
      3 2711
      2 2712
      4 2713
      6 2714
      5 2715
      3 2716
      5 2717
      9 2718
      3 2719
      5 2720
      6 2721
      9 2722
      4 2723
     12 2724
      3 2725
      2 2726
      7 2727
      6 2728
      7 2729
      9 2730
      7 2731
      6 2732
      7 2733
      5 2734
      5 2735
      3 2736
     10 2737
      2 2738
      9 2739
      7 2740
      7 2741
      4 2742
      4 2743
      6 2744
      3 2745
      5 2746
      7 2747
      5 2748
      7 2749
      6 2750
      4 2751
      4 2752
      7 2753
      5 2754
      4 2755
      6 2756
      3 2757
      3 2758
      4 2759
      3 2760
      7 2761
      5 2762
      5 2763
      6 2764
      6 2765
      4 2766
      5 2767
      1 2768
      8 2769
      2 2770
      4 2771
      5 2772
      2 2773
      3 2774
      2 2775
      3 2776
      2 2777
      5 2778
      7 2779
      2 2780
      7 2781
      5 2782
      2 2783
      4 2784
      9 2785
      4 2786
      5 2787
      5 2788
      4 2789
      2 2790
      5 2791
      3 2792
      6 2793
      4 2794
      4 2795
      1 2796
      3 2797
      4 2798
      2 2799
      3 2800
      5 2801
      4 2802
      5 2803
      3 2805
      7 2806
      3 2807
      5 2808
      4 2809
      3 2810
      2 2811
      2 2812
      8 2813
      4 2814
      5 2815
      5 2816
      7 2817
      8 2818
      4 2819
     10 2820
      6 2821
      8 2822
      3 2823
      4 2824
      4 2825
      6 2826
     11 2827
      4 2828
      5 2829
      4 2830
      3 2831
      3 2832
      3 2833
      6 2834
      6 2835
      5 2836
      4 2837
      5 2838
      6 2839
      7 2840
      3 2841
      3 2842
      6 2843
      4 2844
      5 2845
      9 2846
      3 2847
      2 2848
      4 2849
      4 2850
      4 2851
      6 2852
      4 2853
      6 2854
      6 2855
      4 2856
      5 2857
      6 2858
      4 2859
      6 2860
      5 2861
      3 2862
      3 2863
     11 2864
      4 2865
      6 2866
      6 2867
      9 2868
      5 2869
      7 2870
      6 2871
     10 2872
      4 2873
     10 2874
      6 2875
      4 2876
      4 2877
      3 2878
      6 2879
      4 2880
      5 2881
      7 2882
      5 2884
      3 2885
      5 2886
      3 2887
      3 2888
      4 2889
      3 2890
      6 2891
      4 2892
      2 2893
      7 2894
      4 2895
      5 2896
      4 2897
      7 2898
      4 2899
      9 2900
      6 2901
      2 2902
      4 2903
      7 2904
      8 2905
      3 2906
      8 2907
      3 2908
      4 2909
      7 2910
      7 2911
      1 2912
      9 2913
      6 2914
      6 2915
      5 2916
     11 2917
      3 2918
      6 2919
      3 2920
      4 2921
      7 2922
      5 2923
      5 2924
      5 2925
      3 2926
      6 2927
      8 2928
      7 2929
      1 2930
      8 2931
      6 2932
      8 2933
      2 2934
      4 2935
      5 2936
      4 2937
      6 2938
      3 2939
     10 2940
      5 2941
      7 2942
      5 2943
      3 2944
      3 2945
      4 2946
      6 2947
      7 2948
      6 2949
      8 2950
      7 2951
      4 2952
      7 2953
      5 2954
      7 2955
      4 2956
      4 2957
      5 2958
      5 2959
      4 2960
      5 2961
      5 2962
      9 2963
      7 2964
      5 2965
      3 2966
      5 2967
      4 2968
      6 2969
      4 2970
      5 2971
      3 2972
      7 2973
      1 2974
      2 2975
     10 2976
      2 2977
      4 2978
      8 2979
      9 2980
      6 2981
      4 2982
      5 2983
      3 2984
      9 2985
      7 2986
      3 2987
      6 2988
      5 2989
      5 2990
      5 2991
      3 2992
      2 2993
      4 2994
      4 2995
      4 2996
      4 2997
      5 2998
      5 2999
      7 3000
      8 3001
      7 3002
      4 3003
      5 3004
      5 3005
      4 3006
      7 3007
      2 3008
      1 3009
      7 3010
      6 3011
      7 3012
      4 3013
      7 3014
      6 3015
      1 3016
      4 3017
      6 3018
      3 3019
      2 3020
      5 3021
      3 3022
      7 3023
      4 3024
      4 3025
      4 3026
      3 3027
      3 3028
      5 3029
      2 3030
      6 3031
      4 3032
      1 3033
      3 3034
      4 3035
      3 3036
      3 3037
      6 3038
      6 3039
      7 3040
      8 3041
      2 3042
      3 3043
      4 3045
      3 3046
      3 3047
      1 3048
      3 3049
      2 3050
      3 3051
      4 3052
      7 3053
      6 3054
      5 3055
      2 3056
      4 3057
      3 3058
      6 3059
      4 3060
      7 3061
      6 3062
      4 3063
      5 3064
      5 3065
      3 3066
      6 3067
      4 3068
      6 3069
      4 3070
      3 3071
      2 3072
      6 3073
      5 3074
      4 3075
      4 3076
      4 3077
      2 3078
      9 3079
      2 3080
      7 3081
      4 3082
      1 3083
      4 3084
      3 3085
      5 3086
      5 3087
      7 3088
      7 3089
      3 3090
      2 3091
      5 3092
      4 3093
      7 3094
      2 3095
      5 3096
     10 3097
      2 3098
      7 3099
      2 3100
      9 3101
      4 3102
      5 3103
      9 3104
      1 3105
      3 3106
      6 3107
      5 3108
      7 3109
      3 3110
      6 3111
      4 3112
     10 3113
      6 3114
      4 3115
      4 3116
      4 3117
      2 3118
      5 3119
      2 3120
      9 3121
      5 3122
      7 3123
      6 3124
      4 3125
      8 3126
      5 3127
      7 3128
      6 3129
      9 3130
      6 3131
      6 3132
      2 3133
      8 3134
      5 3135
      3 3136
      4 3137
      8 3138
      7 3139
      5 3140
      7 3141
      7 3142
      8 3143
      5 3145
      5 3146
      2 3147
      4 3148
      6 3149
      2 3150
      8 3151
      3 3152
      4 3153
      5 3154
      6 3155
      5 3156
      3 3157
      4 3158
      4 3159
      4 3160
      6 3161
      4 3162
     10 3163
      7 3164
      4 3165
      8 3166
      8 3167
      5 3168
      5 3169
      5 3170
      3 3171
      4 3172
      4 3173
      5 3174
      6 3175
      6 3176
      5 3177
      4 3178
      5 3179
      9 3180
      5 3181
      7 3182
      6 3183
      3 3184
      8 3185
      6 3186
      3 3187
      1 3188
      3 3189
      6 3190
      4 3191
      1 3192
      3 3193
      2 3194
      5 3195
      2 3196
      7 3197
      1 3198
      6 3199
      4 3200
      4 3201
      7 3202
      3 3203
      1 3204
      8 3205
      5 3206
      3 3207
      3 3208
      2 3209
      3 3210
      6 3211
      1 3212
      6 3213
      5 3214
      8 3215
      3 3216
      2 3217
      4 3218
      2 3219
      3 3220
      6 3221
      5 3222
      2 3223
      5 3224
      6 3225
      4 3226
      5 3227
      5 3228
      4 3229
      2 3230
      6 3231
      3 3232
      3 3233
      4 3234
      2 3235
      5 3236
      2 3237
      3 3238
      2 3239
      2 3240
      4 3241
      6 3242
      4 3243
      6 3244
      6 3245
      3 3246
      2 3247
      7 3248
     10 3249
      3 3250
      4 3251
      1 3252
      6 3253
      2 3254
      6 3255
      4 3256
      5 3257
      6 3258
      8 3259
      6 3260
      3 3261
      3 3262
      5 3263
      2 3264
      5 3265
      4 3266
      6 3267
      5 3268
      7 3269
      1 3270
      2 3271
      1 3272
      6 3273
      1 3274
      3 3275
      2 3276
      4 3277
      6 3278
      4 3279
      5 3280
      4 3281
      2 3282
      4 3283
      3 3284
      4 3285
      4 3286
      2 3287
      6 3288
      1 3289
      6 3290
      2 3291
      3 3292
      7 3293
      5 3294
      3 3295
      5 3296
      2 3297
      2 3298
      3 3299
      7 3300
      5 3301
      2 3302
      6 3303
      3 3304
      3 3305
      3 3306
      3 3307
      6 3308
      8 3309
      9 3310
      7 3311
     10 3312
      3 3313
      4 3314
      7 3315
      1 3316
      3 3317
      6 3318
      6 3319
      2 3320
      5 3321
      8 3322
      4 3323
      2 3324
      6 3325
      7 3326
      4 3327
      3 3328
      4 3329
      3 3330
      6 3331
      3 3332
      4 3333
      3 3334
      2 3335
      7 3336
      7 3337
      3 3338
      2 3339
      7 3340
      1 3341
      3 3342
      6 3343
      5 3344
      6 3345
      3 3346
      8 3347
      7 3348
      7 3349
     10 3350
      5 3351
      2 3352
      5 3353
     10 3354
      5 3355
      5 3356
      8 3357
     12 3358
     13 3359
      6 3360
      5 3361
      9 3362
      5 3363
      4 3364
      5 3365
      3 3366
      6 3367
      9 3368
      8 3369
      5 3370
      5 3371
      4 3372
      6 3373
      7 3374
      6 3375
      5 3376
      4 3377
      9 3378
      5 3379
      3 3380
      4 3381
      5 3382
      5 3383
      7 3384
     10 3385
      4 3386
      5 3387
      3 3388
      5 3389
      6 3390
      7 3391
      4 3392
      8 3393
      1 3394
      3 3395
      3 3396
      5 3397
      2 3398
      6 3399
      8 3400
      5 3401
      3 3402
      2 3403
      4 3404
      2 3405
      6 3406
      4 3407
      6 3408
      7 3409
      6 3410
      3 3411
      5 3412
      4 3414
      7 3415
      6 3416
      2 3417
      4 3418
      6 3419
      4 3420
      3 3421
      6 3422
      6 3423
      2 3424
      3 3425
      3 3426
      5 3427
      4 3428
      1 3429
      1 3430
      9 3431
      5 3432
      9 3433
      6 3434
      5 3435
      5 3436
      4 3437
      2 3438
      4 3439
      5 3440
      3 3441
      2 3442
      4 3443
      4 3444
      2 3445
      3 3446
      6 3447
      4 3448
      2 3449
      1 3450
      3 3451
      4 3452
      5 3453
      6 3454
      1 3455
      3 3456
      2 3457
      2 3458
      4 3460
      6 3461
      4 3462
      2 3463
      4 3464
      2 3465
      2 3466
      3 3467
      2 3468
      3 3469
      2 3470
      5 3471
      1 3472
      3 3474
      1 3475
      3 3476
      1 3477
      3 3478
      5 3479
      3 3480
      1 3481
      1 3482
      2 3483
      6 3484
      3 3485
      1 3486
      1 3487
      2 3488
      2 3489
      3 3490
      1 3491
      3 3492
      4 3493
      2 3494
      1 3495
      2 3496
      1 3497
      3 3498
      4 3499
      2 3500
      2 3501
      1 3502
      3 3503
      3 3504
      1 3505
      2 3506
      2 3507
      5 3508
      3 3509
      2 3510
      5 3511
      2 3512
      3 3513
      2 3514
      3 3515
      4 3516
      2 3517
      4 3518
      3 3519
      3 3520
      3 3521
      3 3522
      2 3523
      2 3524
      3 3525
      4 3526
      3 3527
      5 3528
      4 3529
      4 3530
      5 3531
      4 3532
      3 3533
      7 3534
      1 3535
      6 3536
      2 3537
      3 3538
      2 3539
      3 3540
      2 3541
      3 3542
      2 3543
      3 3544
      3 3545
      3 3546
      4 3547
      3 3548
      2 3549
      4 3550
      2 3551
      2 3552
      5 3553
      1 3554
      6 3555
      4 3556
      1 3557
      2 3558
      4 3559
      3 3560
      3 3561
      2 3562
      2 3563
      5 3564
      2 3565
      1 3567
      5 3568
      4 3569
      3 3570
      2 3573
      2 3575
      2 3577
      1 3578
      2 3579
      1 3580
      5 3581
      1 3582
      2 3583
      1 3584
      2 3585
      2 3587
      1 3589
      4 3590
      2 3592
      2 3593
      3 3594
      5 3595
      2 3596
      3 3597
      1 3598
      1 3600
      4 3601
      2 3602
      2 3605
      2 3606
      3 3607
      4 3608
      1 3609
      1 3610
      2 3611
      2 3612
      2 3613
      1 3614
      3 3615
      1 3616
      3 3617
      2 3618
      3 3620
      2 3621
      4 3624
      1 3626
      4 3627
      3 3628
      3 3629
      1 3630
      1 3631
      1 3632
      4 3633
      3 3634
      1 3635
      2 3636
      2 3637
      2 3639
      5 3640
      2 3641
      2 3642
      1 3645
      4 3646
      2 3647
      4 3648
      3 3649
      2 3650
      5 3651
      2 3652
      5 3653
      3 3654
      3 3655
      2 3656
      1 3657
      7 3658
      3 3660
      2 3661
      2 3662
      2 3663
      1 3664
      4 3665
      5 3666
      2 3667
      4 3668
      1 3669
      4 3670
      2 3671
      1 3672
      4 3673
      1 3674
      2 3675
      1 3676
      9 3677
      1 3678
      2 3679
      1 3680
      1 3681
      1 3682
      1 3683
      5 3684
      4 3685
      4 3686
      3 3687
      2 3688
      2 3690
      2 3691
      6 3692
      3 3693
      1 3694
      2 3695
      1 3696
      4 3697
      2 3698
      2 3699
      1 3700
      4 3701
      2 3702
      3 3703
      4 3704
      5 3705
      1 3706
      3 3707
      2 3708
      2 3709
      3 3710
      4 3711
      4 3712
      1 3713
      1 3715
      4 3716
      2 3717
      1 3718
      1 3719
      4 3720
      2 3721
      1 3722
      1 3723
      2 3724
      3 3725
      2 3727
      3 3728
      1 3729
      3 3730
      1 3731
      2 3732
      2 3733
      1 3734
      1 3736
      2 3737
      2 3738
      3 3739
      2 3740
      1 3741
      2 3742
      3 3743
      3 3744
      2 3746
      2 3747
      4 3748
      2 3749
      1 3750
      2 3751
      3 3752
      1 3753
      3 3754
      1 3755
      2 3756
      1 3757
      4 3758
      2 3760
      1 3761
      2 3762
      3 3763
      2 3764
      1 3767
      3 3768
      2 3769
      5 3770
      3 3771
      1 3773
      4 3774
      3 3775
      1 3776
      2 3777
      2 3779
      3 3780
      1 3782
      3 3783
      2 3784
      2 3785
      4 3786
      3 3787
      4 3788
      3 3789
      2 3790
      2 3791
      1 3792
      2 3793
      3 3794
      2 3795
      2 3796
      2 3797
      1 3798
      1 3800
      2 3803
      2 3804
      3 3805
      3 3806
      2 3807
      2 3808
      4 3809
      2 3810
      2 3811
      3 3812
      3 3813
      2 3814
      2 3815
      3 3816
      2 3817
      1 3818
      3 3819
      4 3820
      1 3821
      1 3822
      1 3823
      2 3824
      3 3826
      4 3827
      2 3828
      4 3829
      1 3832
      2 3833
      4 3835
      2 3838
      4 3839
      4 3840
      4 3841
      3 3843
      3 3844
      1 3845
      3 3846
      1 3847
      2 3848
      9 3849
      5 3850
      1 3854
      2 3855
      2 3856
      1 3857
      2 3858
      3 3859
      1 3860
      3 3861
      4 3863
      3 3864
      3 3865
      2 3866
      1 3867
      2 3868
      3 3869
      2 3870
      1 3871
      1 3872
      1 3873
      1 3874
      2 3876
      2 3877
      2 3878
      1 3879
      2 3881
      1 3882
      1 3883
      2 3884
      5 3888
      2 3889
      2 3891
      1 3893
      1 3894
      4 3895
      1 3896
      4 3897
      3 3898
      2 3899
      1 3900
      1 3901
      2 3902
      3 3904
      1 3906
      1 3907
      1 3908
      1 3910
      1 3911
      1 3914
      1 3915
      1 3916
      1 3917
      1 3919
      3 3920
      2 3921
      1 3922
      2 3923
      2 3924
      2 3925
      2 3926
      2 3927
      1 3929
      3 3930
      3 3931
      1 3932
      3 3933
      2 3934
      1 3938
      1 3939
      1 3942
      1 3943
      1 3944
      4 3945
      3 3946
      1 3947
      3 3948
      1 3949
      2 3950
      2 3952
      1 3953
      2 3954
      1 3955
      2 3956
      2 3957
      1 3958
      1 3959
      2 3960
      4 3961
      2 3963
      1 3964
      1 3966
      1 3969
      2 3970
      2 3971
      1 3973
      3 3975
      1 3978
      3 3981
      1 3982
      1 3983
      1 3984
      1 3985
      2 3986
      1 3987
      1 3988
      3 3989
      1 3991
      1 3992
      1 3993
      1 3994
      1 3995
      2 3996
      1 3997
      2 3998
      1 3999
      2 4000
      1 4001
      1 4002
      3 4004
      1 4005
      1 4006
      1 4009
      4 4010
      2 4011
      2 4012
      1 4013
      2 4014
      2 4015
      2 4016
      1 4017
      1 4019
      1 4020
      4 4021
      1 4022
      2 4023
      1 4024
      1 4027
      1 4028
      1 4029
      1 4030
      1 4031
      2 4034
      1 4035
      2 4036
      2 4037
      3 4038
      3 4040
      1 4041
      1 4042
      4 4044
      3 4045
      1 4046
      1 4047
      1 4048
      1 4050
      1 4051
      2 4052
      1 4053
      3 4055
      3 4057
      2 4058
      4 4060
      4 4061
      4 4062
      3 4063
      2 4064
      3 4065
      2 4066
      3 4067
      4 4068
      3 4069
      1 4070
      3 4071
      2 4072
      3 4073
      4 4074
      1 4075
      5 4076
      3 4077
      7 4078
      4 4079
      7 4080
      1 4081
      1 4082
      1 4083
      4 4084
      2 4085
      4 4086
      3 4087
      2 4088
      1 4089
      1 4090
      4 4091
      1 4092
      4 4093
      4 4094
      4 4095
      6 4096
      2 4097
      2 4098
      3 4099
      2 4100
      3 4101
      1 4102
      1 4103
      2 4104
      1 4105
      2 4107
      5 4108
      2 4109
      4 4111
      3 4112
      1 4115
      4 4116
      1 4118
      4 4119
      2 4120
      3 4121
      1 4122
      3 4123
      4 4124
      1 4125
      1 4126
      4 4127
      2 4128
      2 4129
      3 4130
      1 4131
      1 4132
      1 4133
      3 4134
      3 4135
      2 4136
      1 4137
      1 4138
      2 4139
      5 4140
      1 4141
      1 4142
      1 4143
      1 4144
      1 4145
      2 4147
      2 4148
      4 4149
      6 4150
      2 4151
      3 4152
      5 4153
      2 4154
      2 4155
      2 4156
      2 4159
      1 4160
      1 4161
      3 4162
      2 4163
      1 4164
      1 4165
      2 4166
      5 4167
      2 4169
      1 4170
      2 4171
      3 4172
      2 4174
      2 4175
      4 4176
      3 4177
      2 4178
      1 4179
      4 4180
      4 4181
      3 4182
      2 4183
      2 4186
      2 4187
      2 4188
      5 4189
      1 4190
      4 4191
      2 4192
      3 4193
      2 4194
      1 4195
      1 4196
      1 4197
      3 4199
      3 4200
      2 4201
      1 4202
      2 4203
      2 4206
      6 4207
      1 4208
      2 4209
      4 4210
      1 4211
      3 4212
      1 4213
      1 4214
      1 4215
      2 4217
      2 4218
      2 4219
      2 4220
      3 4221
      3 4222
      1 4223
      4 4224
      2 4225
      2 4226
      1 4227
      4 4228
      1 4229
      2 4232
      2 4233
      2 4234
      1 4235
      3 4236
      2 4238
      3 4239
      3 4240
      4 4241
      2 4242
      2 4243
      3 4244
      3 4245
      2 4246
      1 4247
      1 4248
      3 4249
      1 4250
      5 4251
      1 4252
      5 4253
      2 4254
      2 4255
      7 4256
      1 4257
      3 4258
      1 4259
      1 4260
      1 4261
      2 4262
      1 4263
      3 4264
      8 4265
      2 4266
      3 4267
      2 4268
      4 4269
      1 4270
      3 4271
      5 4272
      1 4274
      1 4275
      3 4276
      3 4277
      2 4278
      2 4279
      2 4281
      1 4282
      4 4283
      2 4284
      5 4285
      3 4286
      2 4287
      4 4288
      2 4289
      3 4291
      2 4292
      2 4293
      1 4294
      1 4295
      1 4296
      2 4297
      1 4298
      1 4300
      5 4301
      2 4302
      4 4303
      1 4304
      3 4305
      3 4306
      4 4307
      3 4308
      3 4309
      5 4310
      3 4311
      3 4312
      3 4313
      1 4314
      5 4315
      1 4316
      5 4317
      2 4318
      1 4319
      1 4320
      1 4321
      1 4322
      2 4323
      2 4324
      1 4325
      2 4326
      4 4328
      2 4329
      1 4330
      3 4331
      1 4332
      2 4333
      1 4334
      1 4335
      2 4336
      2 4337
      2 4338
      2 4339
      4 4340
      4 4341
      2 4342
      2 4343
      1 4345
      1 4347
      2 4349
      1 4350
      2 4352
      2 4353
      1 4354
      1 4355
      2 4356
      1 4357
      3 4359
      2 4360
      1 4361
      1 4363
      1 4364
      1 4366
      1 4367
      2 4368
      1 4371
      1 4372
      1 4373
      1 4375
      1 4376
      1 4379
      1 4381
      1 4382
      4 4383
      1 4384
      1 4385
      4 4388
      1 4389
      1 4390
      2 4391
      3 4394
      2 4395
      2 4398
      1 4399
      1 4401
      3 4402
      1 4403
      1 4404
      1 4405
      2 4406
      2 4407
      1 4408
      1 4409
      1 4411
      1 4418
      2 4421
      1 4430
      1 4431
      1 4432
      1 4433
      1 4434
      1 4436
      1 4437
      1 4440
      1 4441
      1 4442
      1 4444
      1 4448
      2 4449
      1 4450
      1 4455
      1 4456
      1 4458
      1 4460
      1 4461
      2 4466
      1 4468
      1 4469
      1 4475
      1 4482
      1 4484
      1 4488
      1 4489
      1 4491
      1 4493
      1 4495
      3 4497
      2 4498
      1 4499
      1 4501
      1 4502
      1 4504
      1 4506
      1 4508
      1 4509
      1 4512
      1 4519
      1 4523
      2 4524
      1 4526
      1 4528
      1 4529
      1 4530
      1 4531
      1 4533
      1 4537
      1 4540
      4 4541
      1 4542
      1 4545
      1 4546
      1 4548
      1 4549
      1 4554
      3 4559
      1 4561
      1 4563
      2 4565
      1 4566
      2 4567
      1 4568
      4 4574
      1 4575
      1 4576
      1 4577
      1 4580
      1 4581
      1 4583
      2 4584
      1 4589
      1 4590
      1 4592
      1 4593
      1 4599
      1 4600
      1 4601
      1 4605
      1 4606
      1 4608
      1 4610
      2 4611
      1 4614
      2 4615
      1 4618
      1 4619
      1 4623
      2 4625
      1 4630
      1 4632
      1 4634
      1 4635
      1 4643
      2 4645
      1 4646
      2 4654
      1 4655
      1 4660
      1 4662
      1 4663
      1 4664
      1 4667
      1 4679
      1 4681
      1 4683
      1 4685
      1 4687
      2 4689
      1 4690
      1 4692
      1 4702
      1 4705
      1 4708
      1 4714
      1 4716
      1 4717
      1 4720
      2 4724
      2 4731
      1 4732
      1 4735
      1 4736
      1 4741
      1 4742
      1 4744
      1 4745
      1 4746
      1 4753
      1 4755
      2 4758
      1 4762
      1 4763
      1 4765
      1 4767
      1 4773
      2 4774
      2 4776
      1 4778
      1 4779
      1 4781
      1 4785
      1 4795
      2 4799
      2 4800
      1 4807
      1 4809
      1 4810
      1 4812
      1 4815
      1 4818
      1 4822
      1 4824
      1 4826
      1 4830
      1 4832
      1 4833
      1 4842
      1 4843
      1 4846
      1 4848
      1 4849
      1 4854
      1 4858
      1 4860
      1 4862
      2 4867
      1 4869
      1 4870
      1 4872
      1 4873
      1 4876
      1 4879
      1 4881
      1 4882
      1 4885
      1 4889
      1 4890
      1 4891
      1 4894
      1 4896
      1 4897
      1 4900
      1 4903
      1 4904
      1 4909
      1 4910
      1 4914
      1 4915
      1 4916
      1 4918
      1 4919
      1 4927
      2 4932
      1 4935
      1 4936
      1 4938
      2 4940
      1 4944
      1 4945
      1 4948
      1 4949
      1 4951
      1 4953
      2 4954
      1 4957
      2 4959
      1 4968
      1 4970
      1 4972
      1 4977
      1 4984
      2 4986
      1 4987
      1 4988
      1 4991
      1 4993
      1 4998
      1 4999
      1 5002
      1 5004
      2 5006
      1 5007
      1 5008
      1 5009
      1 5013
      2 5014
      1 5016
      2 5017
      1 5019
      1 5020
      1 5026
      1 5028
      2 5031
      3 5033
      1 5037
      1 5041
      1 5043
      1 5044
      1 5045
      1 5052
      1 5055
      2 5056
      1 5058
      3 5059
      1 5062
      1 5068
      1 5069
      1 5073
      1 5079
      1 5083
      1 5091
      1 5097
      1 5099
      1 5103
      1 5106
      1 5110
      1 5118
      1 5131
      1 5132
      1 5133
      1 5135
      2 5137
      1 5140
      1 5141
      2 5146
      1 5147
      1 5148
      1 5159
      1 5173
      1 5178
      1 5180
      1 5184
      1 5189
      1 5193
      1 5200
      1 5214
      1 5229
      1 5231
      2 5238
      1 5253
      1 5257
      1 5259
      1 5267
      1 5270
      1 5297
      1 5300
      1 5304
      1 5315
      1 5316
      1 5326
      1 5329
      1 5339
      1 5353
      2 5370
      1 5375
      1 5378
      1 5390
      1 5412
      1 5414
      1 5429
      1 5434
      1 5436
      1 5440
      1 5448
      2 5459
      1 5460
      1 5474
      1 5475
      1 5483
      1 5495
      1 5501
      1 5506
      1 5512
      1 5520
      1 5545
      1 5560
      1 5561
      1 5565
      1 5580
      1 5582
      1 5584
      1 5585
      1 5594
      1 5602
      1 5616
      1 5617
      1 5622
      1 5624
      1 5639
      1 5640
      1 5656
      1 5669
      1 5670
      1 5680
      1 5694
      1 5700
      1 5702
      1 5721
      1 5723
      1 5729
      1 5736
      1 5742
      1 5747
      1 5765
      1 5768
      1 5771
      1 5782
      1 5786
      2 5793
      1 5797
      2 5798
      1 5801
      1 5807
      1 5810
      1 5822
      1 5824
      1 5831
      1 5832
      1 5836
      2 5837
      1 5842
      1 5845
      1 5846
      1 5847
      1 5851
      1 5852
      2 5854
      1 5856
      2 5857
      1 5858
      1 5863
      1 5866
      2 5867
      1 5872
      1 5873
      1 5874
      2 5920
      1 5949
      1 5961
      1 5977
      1 5994
      1 6011
      1 6038
      1 6058
      1 6059
      1 6061
      1 6100
      1 6106
      1 6127
      1 6150
      1 6154
      1 6169
      1 6179
      1 6180
      1 6183
      1 6185
      1 6190
      1 6191
      1 6192
      1 6201
      1 6226
      1 6255
      1 6257
      1 6269
      1 6286
      1 6290
      2 6292
      1 6308
      1 6309
      1 6327
      1 6359
      1 6364
      1 6366
      1 6375
      1 6376
      1 6378
      1 6392
      1 6402
      1 6406
      2 6408
      1 6409
      1 6413
      1 6415
      1 6416
      1 6419
      1 6424
      1 6426
      2 6435
      1 6439
      1 6441
      1 6442
      1 6443
      1 6444
      1 6448
      1 6452
      1 6455
      1 6457
      1 6463
      1 6468
      1 6470
