 270422 0
159679746 1
273765295 2
375314392 3
428155983 4
419799021 5
362052725 6
280153473 7
197215239 8
127834715 9
77106680 10
43770122 11
23620149 12
12298373 13
6307768 14
3289898 15
1818653 16
1094964 17
 737437 18
 545558 19
 435944 20
 363253 21
 312166 22
 271668 23
 239937 24
 212793 25
 190242 26
 169671 27
 152967 28
 137511 29
 124861 30
 115095 31
 104353 32
  95787 33
  87902 34
  80084 35
  73813 36
  68811 37
  63154 38
  58884 39
  55522 40
  52699 41
  49083 42
  46242 43
  43080 44
  39443 45
  36530 46
  34882 47
  33251 48
  31958 49
  30201 50
  28983 51
  27433 52
  26343 53
  25385 54
  24268 55
  23354 56
  22677 57
  21730 58
  21284 59
  20919 60
  19772 61
  19175 62
  18758 63
  18671 64
  18356 65
  17795 66
  17241 67
  16786 68
  16414 69
  16130 70
  15927 71
  15375 72
  14839 73
  14645 74
  14177 75
  13899 76
  13578 77
  13263 78
  12894 79
  12757 80
  12221 81
  12064 82
  11587 83
  11589 84
  11297 85
  10780 86
  10638 87
  10179 88
  10248 89
   9861 90
   9693 91
   9785 92
   9690 93
   9641 94
   9334 95
   8995 96
   8948 97
   9019 98
   8695 99
   8497 100
   8539 101
   8244 102
   8144 103
   7990 104
   7752 105
   7698 106
   7647 107
   7559 108
   7639 109
   7334 110
   7361 111
   7285 112
   7047 113
   6922 114
   6724 115
   6644 116
   6722 117
   6582 118
   6293 119
   6143 120
   6170 121
   6057 122
   5885 123
   6163 124
   6170 125
   5851 126
   5896 127
   5936 128
   5767 129
   5776 130
   5747 131
   5603 132
   5603 133
   5486 134
   5419 135
   5441 136
   5332 137
   5361 138
   5202 139
   5233 140
   5293 141
   5109 142
   4896 143
   4901 144
   4766 145
   4711 146
   4725 147
   4739 148
   4546 149
   4642 150
   4538 151
   4445 152
   4562 153
   4521 154
   4459 155
   4366 156
   4408 157
   4195 158
   4183 159
   4094 160
   4060 161
   4102 162
   4092 163
   4018 164
   3934 165
   3870 166
   3844 167
   3887 168
   3810 169
   3731 170
   3691 171
   3708 172
   3662 173
   3703 174
   3736 175
   3448 176
   3630 177
   3507 178
   3547 179
   3386 180
   3539 181
   3248 182
   3404 183
   3313 184
   3117 185
   3091 186
   3106 187
   3011 188
   2990 189
   3014 190
   2939 191
   2939 192
   2855 193
   2822 194
   2875 195
   2787 196
   2810 197
   2764 198
   2756 199
   2763 200
   2633 201
   2635 202
   2727 203
   2662 204
   2655 205
   2635 206
   2613 207
   2558 208
   2542 209
   2559 210
   2588 211
   2421 212
   2403 213
   2353 214
   2442 215
   2427 216
   2400 217
   2384 218
   2269 219
   2387 220
   2365 221
   2372 222
   2389 223
   2267 224
   2254 225
   2269 226
   2281 227
   2256 228
   2275 229
   2270 230
   2206 231
   2152 232
   2207 233
   2297 234
   2230 235
   2202 236
   2227 237
   2190 238
   2207 239
   2191 240
   2111 241
   2095 242
   2082 243
   1973 244
   2112 245
   2056 246
   1968 247
   1969 248
   1935 249
   1922 250
   1866 251
   1891 252
   1837 253
   1830 254
   1889 255
   1717 256
   1784 257
   1799 258
   1751 259
   1723 260
   1805 261
   1689 262
   1805 263
   1678 264
   1687 265
   1758 266
   1675 267
   1657 268
   1620 269
   1684 270
   1605 271
   1553 272
   1581 273
   1608 274
   1592 275
   1664 276
   1590 277
   1656 278
   1554 279
   1628 280
   1532 281
   1551 282
   1576 283
   1529 284
   1435 285
   1525 286
   1532 287
   1498 288
   1516 289
   1445 290
   1523 291
   1548 292
   1433 293
   1468 294
   1438 295
   1389 296
   1387 297
   1404 298
   1324 299
   1365 300
   1337 301
   1362 302
   1319 303
   1315 304
   1300 305
   1320 306
   1304 307
   1284 308
   1335 309
   1253 310
   1317 311
   1327 312
   1325 313
   1298 314
   1239 315
   1307 316
   1252 317
   1254 318
   1156 319
   1249 320
   1239 321
   1219 322
   1212 323
   1222 324
   1257 325
   1198 326
   1242 327
   1209 328
   1210 329
   1220 330
   1190 331
   1171 332
   1165 333
   1154 334
   1131 335
   1163 336
   1114 337
   1175 338
   1078 339
   1091 340
   1096 341
   1083 342
   1099 343
   1118 344
   1196 345
   1125 346
   1136 347
   1040 348
   1096 349
   1117 350
   1073 351
   1058 352
   1022 353
   1055 354
   1116 355
   1123 356
   1035 357
    994 358
   1041 359
   1014 360
   1018 361
   1057 362
   1094 363
   1044 364
   1017 365
   1014 366
   1044 367
   1011 368
    959 369
   1007 370
    937 371
    996 372
   1023 373
    989 374
    951 375
    906 376
    915 377
    949 378
    915 379
    941 380
    911 381
    874 382
    817 383
    908 384
    919 385
    898 386
    937 387
    915 388
    876 389
    842 390
    922 391
    893 392
    922 393
    906 394
    896 395
    847 396
    899 397
    909 398
    924 399
    876 400
    844 401
    919 402
    845 403
    913 404
    844 405
    799 406
    812 407
    789 408
    782 409
    825 410
    794 411
    781 412
    785 413
    770 414
    789 415
    746 416
    752 417
    764 418
    777 419
    806 420
    739 421
    746 422
    752 423
    769 424
    727 425
    733 426
    736 427
    756 428
    787 429
    751 430
    741 431
    775 432
    803 433
    768 434
    769 435
    778 436
    827 437
    752 438
    750 439
    690 440
    735 441
    676 442
    737 443
    710 444
    737 445
    740 446
    727 447
    675 448
    702 449
    682 450
    663 451
    711 452
    700 453
    673 454
    657 455
    657 456
    647 457
    658 458
    616 459
    618 460
    635 461
    633 462
    591 463
    585 464
    622 465
    617 466
    637 467
    629 468
    592 469
    599 470
    650 471
    633 472
    606 473
    623 474
    635 475
    624 476
    621 477
    576 478
    629 479
    624 480
    635 481
    554 482
    669 483
    646 484
    601 485
    560 486
    589 487
    590 488
    582 489
    616 490
    536 491
    581 492
    587 493
    519 494
    597 495
    556 496
    596 497
    572 498
    585 499
    600 500
    569 501
    559 502
    590 503
    612 504
    619 505
    519 506
    547 507
    537 508
    540 509
    557 510
    525 511
    562 512
    533 513
    515 514
    571 515
    535 516
    556 517
    528 518
    521 519
    507 520
    475 521
    545 522
    512 523
    529 524
    519 525
    541 526
    514 527
    517 528
    439 529
    505 530
    477 531
    505 532
    482 533
    469 534
    457 535
    499 536
    530 537
    461 538
    445 539
    466 540
    433 541
    464 542
    461 543
    426 544
    473 545
    420 546
    440 547
    466 548
    430 549
    441 550
    474 551
    479 552
    417 553
    471 554
    474 555
    468 556
    469 557
    449 558
    468 559
    508 560
    497 561
    461 562
    469 563
    481 564
    459 565
    475 566
    521 567
    458 568
    439 569
    496 570
    442 571
    484 572
    494 573
    455 574
    436 575
    445 576
    461 577
    427 578
    442 579
    433 580
    403 581
    426 582
    419 583
    399 584
    435 585
    439 586
    418 587
    410 588
    413 589
    399 590
    424 591
    408 592
    410 593
    441 594
    457 595
    428 596
    482 597
    471 598
    411 599
    372 600
    408 601
    367 602
    412 603
    469 604
    448 605
    430 606
    418 607
    450 608
    422 609
    396 610
    429 611
    391 612
    443 613
    397 614
    409 615
    407 616
    445 617
    395 618
    404 619
    428 620
    412 621
    423 622
    405 623
    362 624
    399 625
    397 626
    396 627
    361 628
    417 629
    388 630
    417 631
    403 632
    386 633
    353 634
    378 635
    396 636
    361 637
    349 638
    378 639
    369 640
    358 641
    344 642
    324 643
    365 644
    369 645
    366 646
    329 647
    350 648
    346 649
    344 650
    317 651
    336 652
    332 653
    357 654
    326 655
    337 656
    335 657
    368 658
    295 659
    310 660
    346 661
    338 662
    361 663
    305 664
    353 665
    333 666
    346 667
    317 668
    333 669
    361 670
    353 671
    318 672
    333 673
    352 674
    342 675
    335 676
    320 677
    318 678
    307 679
    345 680
    295 681
    333 682
    309 683
    313 684
    293 685
    301 686
    276 687
    303 688
    286 689
    304 690
    307 691
    313 692
    339 693
    319 694
    350 695
    303 696
    306 697
    291 698
    308 699
    257 700
    282 701
    268 702
    288 703
    302 704
    290 705
    285 706
    308 707
    304 708
    327 709
    300 710
    317 711
    274 712
    305 713
    322 714
    297 715
    321 716
    289 717
    292 718
    282 719
    274 720
    313 721
    265 722
    297 723
    295 724
    300 725
    273 726
    283 727
    261 728
    272 729
    289 730
    278 731
    294 732
    252 733
    289 734
    255 735
    280 736
    272 737
    274 738
    289 739
    290 740
    288 741
    289 742
    272 743
    255 744
    281 745
    256 746
    254 747
    294 748
    276 749
    273 750
    268 751
    232 752
    281 753
    242 754
    256 755
    251 756
    260 757
    257 758
    253 759
    244 760
    261 761
    283 762
    246 763
    248 764
    258 765
    246 766
    268 767
    250 768
    273 769
    261 770
    251 771
    258 772
    248 773
    248 774
    278 775
    246 776
    267 777
    242 778
    265 779
    251 780
    237 781
    224 782
    215 783
    246 784
    239 785
    231 786
    246 787
    225 788
    243 789
    213 790
    197 791
    235 792
    243 793
    216 794
    202 795
    197 796
    215 797
    180 798
    236 799
    201 800
    233 801
    208 802
    229 803
    222 804
    206 805
    222 806
    212 807
    194 808
    208 809
    223 810
    223 811
    220 812
    202 813
    231 814
    201 815
    215 816
    225 817
    199 818
    211 819
    238 820
    200 821
    218 822
    226 823
    220 824
    234 825
    215 826
    258 827
    198 828
    224 829
    216 830
    214 831
    220 832
    233 833
    208 834
    225 835
    210 836
    196 837
    229 838
    209 839
    203 840
    231 841
    197 842
    223 843
    194 844
    200 845
    212 846
    187 847
    223 848
    188 849
    189 850
    199 851
    188 852
    192 853
    208 854
    169 855
    198 856
    210 857
    202 858
    183 859
    196 860
    175 861
    189 862
    176 863
    165 864
    195 865
    185 866
    193 867
    211 868
    199 869
    198 870
    199 871
    186 872
    200 873
    187 874
    214 875
    217 876
    227 877
    205 878
    198 879
    181 880
    186 881
    201 882
    241 883
    213 884
    207 885
    199 886
    197 887
    196 888
    183 889
    170 890
    217 891
    204 892
    192 893
    218 894
    171 895
    182 896
    184 897
    182 898
    159 899
    199 900
    172 901
    168 902
    169 903
    153 904
    182 905
    188 906
    147 907
    162 908
    157 909
    151 910
    175 911
    153 912
    171 913
    188 914
    171 915
    170 916
    175 917
    162 918
    156 919
    171 920
    175 921
    145 922
    171 923
    187 924
    162 925
    168 926
    152 927
    136 928
    129 929
    151 930
    162 931
    159 932
    133 933
    141 934
    130 935
    175 936
    163 937
    144 938
    139 939
    165 940
    157 941
    170 942
    164 943
    154 944
    148 945
    167 946
    134 947
    174 948
    157 949
    151 950
    158 951
    163 952
    172 953
    155 954
    153 955
    135 956
    157 957
    177 958
    135 959
    155 960
    157 961
    139 962
    152 963
    145 964
    140 965
    179 966
    148 967
    145 968
    171 969
    163 970
    157 971
    138 972
    160 973
    148 974
    154 975
    146 976
    138 977
    171 978
    151 979
    149 980
    134 981
    145 982
    173 983
    153 984
    148 985
    178 986
    166 987
    171 988
    153 989
    145 990
    144 991
    148 992
    140 993
    150 994
    149 995
    130 996
    140 997
    160 998
    169 999
    156 1000
    147 1001
    165 1002
    143 1003
    159 1004
    149 1005
    143 1006
    169 1007
    167 1008
    143 1009
    165 1010
    142 1011
    153 1012
    164 1013
    169 1014
    151 1015
    138 1016
    153 1017
    151 1018
    165 1019
    129 1020
    145 1021
    145 1022
    151 1023
    119 1024
    137 1025
    134 1026
    144 1027
    151 1028
    146 1029
    142 1030
    126 1031
    146 1032
    144 1033
    159 1034
    134 1035
    141 1036
    149 1037
    137 1038
    160 1039
    151 1040
    143 1041
    154 1042
    145 1043
    181 1044
    120 1045
    137 1046
    139 1047
    148 1048
    148 1049
    155 1050
    142 1051
    136 1052
    128 1053
    147 1054
    145 1055
    158 1056
    151 1057
    143 1058
    164 1059
    155 1060
    159 1061
    172 1062
    157 1063
    154 1064
    152 1065
    164 1066
    144 1067
    160 1068
    185 1069
    153 1070
    143 1071
    151 1072
    123 1073
    145 1074
    138 1075
    131 1076
    163 1077
    115 1078
    146 1079
    133 1080
    149 1081
    155 1082
    132 1083
    126 1084
    154 1085
    139 1086
    151 1087
    149 1088
    113 1089
    139 1090
    144 1091
    149 1092
    120 1093
    126 1094
    137 1095
    130 1096
    131 1097
    170 1098
    120 1099
    135 1100
    135 1101
    149 1102
    148 1103
    143 1104
    165 1105
    137 1106
    142 1107
    135 1108
    144 1109
    115 1110
    132 1111
    126 1112
    128 1113
    140 1114
    118 1115
    130 1116
    137 1117
    129 1118
    120 1119
    131 1120
    131 1121
    119 1122
    140 1123
     99 1124
    128 1125
    134 1126
    127 1127
    155 1128
    137 1129
    135 1130
    109 1131
    144 1132
    128 1133
    106 1134
    118 1135
    107 1136
    125 1137
    119 1138
    136 1139
    123 1140
    124 1141
    127 1142
    123 1143
    127 1144
    109 1145
    140 1146
    127 1147
    139 1148
    132 1149
    125 1150
    125 1151
    125 1152
    126 1153
    115 1154
    114 1155
    122 1156
    114 1157
    133 1158
    122 1159
    109 1160
    107 1161
    115 1162
    115 1163
    114 1164
    131 1165
    138 1166
    142 1167
    151 1168
    144 1169
    137 1170
    107 1171
    126 1172
    127 1173
    130 1174
    112 1175
    125 1176
    143 1177
    136 1178
    137 1179
    143 1180
    136 1181
    130 1182
    134 1183
    138 1184
    142 1185
    134 1186
    117 1187
    112 1188
    113 1189
    110 1190
    117 1191
    132 1192
    113 1193
    114 1194
    155 1195
    121 1196
    117 1197
    119 1198
    115 1199
    121 1200
     98 1201
     98 1202
    132 1203
    112 1204
    123 1205
     99 1206
    104 1207
    133 1208
    104 1209
    113 1210
     88 1211
     93 1212
    111 1213
    107 1214
    108 1215
     96 1216
     93 1217
    107 1218
    106 1219
    120 1220
    109 1221
    116 1222
    111 1223
    141 1224
    103 1225
    110 1226
    118 1227
    111 1228
    109 1229
    118 1230
    114 1231
    108 1232
    110 1233
    127 1234
     97 1235
    122 1236
    104 1237
    100 1238
    107 1239
    124 1240
    114 1241
    118 1242
    104 1243
     94 1244
    104 1245
    112 1246
    114 1247
     94 1248
     98 1249
     92 1250
    101 1251
    101 1252
    108 1253
    107 1254
    103 1255
     97 1256
    109 1257
    112 1258
     93 1259
    112 1260
    108 1261
    106 1262
    128 1263
    132 1264
    110 1265
    120 1266
    119 1267
    107 1268
    103 1269
    100 1270
    138 1271
    100 1272
    122 1273
    108 1274
    110 1275
    111 1276
    114 1277
    104 1278
    115 1279
    116 1280
    108 1281
    134 1282
    116 1283
    121 1284
    120 1285
    101 1286
     98 1287
     92 1288
     96 1289
    123 1290
    101 1291
    112 1292
    100 1293
    138 1294
    114 1295
    100 1296
    114 1297
     99 1298
     91 1299
     98 1300
    104 1301
    107 1302
    124 1303
    106 1304
     95 1305
     98 1306
    117 1307
    102 1308
    109 1309
    120 1310
    101 1311
    110 1312
    117 1313
    103 1314
    103 1315
    119 1316
    124 1317
     91 1318
    106 1319
    110 1320
    114 1321
    107 1322
    105 1323
     87 1324
     90 1325
    100 1326
     89 1327
    101 1328
     90 1329
    109 1330
     81 1331
    119 1332
     92 1333
     97 1334
    105 1335
     99 1336
     99 1337
    100 1338
    105 1339
    116 1340
    120 1341
    115 1342
    102 1343
    115 1344
    113 1345
    104 1346
    119 1347
    104 1348
     97 1349
     87 1350
     97 1351
     96 1352
    101 1353
    109 1354
     86 1355
    110 1356
     93 1357
     84 1358
    106 1359
    108 1360
     89 1361
     82 1362
    116 1363
    102 1364
    121 1365
    100 1366
    118 1367
     92 1368
    110 1369
     93 1370
     87 1371
    112 1372
    107 1373
    113 1374
     96 1375
     95 1376
     98 1377
     88 1378
     83 1379
     92 1380
    104 1381
     91 1382
    101 1383
     94 1384
     92 1385
     85 1386
    106 1387
    103 1388
     96 1389
     85 1390
     95 1391
     95 1392
     97 1393
     93 1394
     82 1395
     88 1396
     84 1397
     93 1398
     94 1399
    101 1400
     93 1401
     86 1402
     85 1403
     85 1404
     85 1405
     95 1406
    106 1407
     82 1408
    100 1409
     84 1410
    104 1411
     75 1412
     78 1413
     99 1414
     99 1415
     91 1416
     94 1417
    111 1418
     92 1419
     74 1420
     89 1421
    125 1422
     88 1423
     91 1424
     94 1425
     82 1426
     96 1427
     97 1428
     83 1429
     85 1430
     94 1431
     81 1432
     82 1433
    105 1434
     84 1435
     91 1436
     77 1437
     84 1438
     92 1439
     96 1440
     97 1441
     74 1442
     90 1443
     78 1444
     66 1445
     75 1446
     79 1447
     93 1448
     77 1449
     92 1450
     84 1451
     89 1452
     72 1453
     86 1454
     72 1455
     75 1456
     79 1457
     78 1458
     94 1459
     85 1460
     90 1461
     97 1462
     78 1463
     93 1464
     97 1465
    100 1466
     77 1467
     78 1468
     73 1469
     82 1470
     84 1471
     88 1472
     83 1473
     79 1474
     64 1475
     87 1476
     77 1477
     69 1478
     96 1479
     90 1480
     66 1481
     84 1482
     74 1483
    110 1484
     83 1485
     73 1486
     73 1487
     67 1488
     81 1489
     78 1490
     68 1491
     76 1492
     82 1493
     85 1494
     83 1495
     70 1496
     95 1497
     93 1498
     90 1499
     80 1500
     84 1501
     76 1502
     85 1503
     75 1504
     66 1505
     68 1506
     99 1507
     75 1508
     78 1509
     70 1510
    101 1511
     79 1512
     68 1513
     84 1514
    104 1515
     87 1516
     96 1517
     86 1518
     84 1519
    105 1520
     99 1521
     95 1522
     85 1523
     89 1524
     72 1525
     76 1526
     94 1527
     88 1528
     81 1529
     85 1530
     99 1531
     84 1532
     93 1533
     80 1534
     88 1535
     96 1536
     87 1537
     74 1538
     81 1539
     85 1540
     88 1541
    103 1542
     90 1543
    106 1544
     77 1545
     95 1546
     91 1547
     82 1548
     78 1549
     84 1550
     92 1551
     79 1552
     92 1553
     83 1554
     97 1555
     86 1556
     83 1557
     99 1558
     81 1559
     98 1560
     89 1561
    105 1562
     87 1563
     72 1564
     90 1565
    100 1566
    113 1567
     86 1568
     87 1569
    101 1570
     82 1571
     91 1572
     98 1573
    105 1574
     84 1575
     84 1576
    100 1577
     89 1578
     93 1579
     86 1580
    109 1581
    103 1582
     90 1583
     95 1584
     93 1585
     97 1586
     88 1587
     89 1588
     79 1589
     77 1590
     91 1591
     95 1592
     99 1593
     77 1594
     98 1595
     96 1596
     91 1597
     99 1598
     99 1599
     96 1600
     74 1601
    101 1602
     82 1603
    101 1604
     79 1605
    102 1606
     76 1607
     89 1608
     85 1609
     99 1610
     97 1611
     98 1612
     84 1613
     84 1614
     99 1615
     84 1616
     76 1617
    104 1618
     90 1619
     91 1620
     98 1621
     83 1622
     74 1623
     86 1624
     90 1625
     85 1626
     78 1627
     97 1628
     97 1629
     91 1630
     93 1631
     91 1632
     94 1633
     75 1634
     97 1635
     83 1636
     90 1637
     78 1638
     84 1639
     88 1640
     99 1641
     97 1642
    107 1643
    101 1644
    100 1645
     94 1646
    106 1647
     97 1648
     85 1649
     83 1650
     70 1651
     97 1652
    106 1653
     86 1654
     83 1655
     87 1656
     86 1657
     84 1658
     86 1659
     87 1660
     78 1661
     82 1662
     98 1663
     64 1664
     90 1665
     79 1666
     74 1667
     93 1668
     68 1669
     66 1670
     68 1671
     64 1672
     78 1673
     68 1674
     70 1675
     81 1676
     70 1677
     79 1678
     66 1679
     64 1680
     79 1681
     50 1682
     68 1683
     98 1684
     81 1685
     81 1686
     60 1687
     73 1688
     96 1689
     77 1690
     68 1691
     71 1692
     74 1693
     70 1694
     86 1695
     75 1696
     74 1697
     77 1698
     88 1699
     81 1700
     88 1701
     76 1702
     83 1703
     86 1704
     71 1705
     81 1706
     65 1707
     72 1708
     73 1709
     74 1710
     82 1711
     89 1712
     77 1713
     67 1714
     78 1715
     80 1716
     92 1717
     88 1718
     68 1719
     82 1720
     99 1721
     72 1722
     89 1723
     76 1724
    100 1725
     88 1726
     74 1727
     87 1728
     91 1729
    104 1730
     79 1731
     78 1732
     80 1733
     85 1734
     76 1735
     83 1736
    101 1737
     93 1738
    100 1739
    111 1740
     79 1741
     85 1742
     81 1743
     85 1744
     79 1745
     77 1746
     87 1747
     83 1748
     87 1749
     92 1750
    100 1751
     93 1752
     92 1753
     70 1754
     91 1755
     87 1756
     86 1757
     84 1758
     70 1759
     95 1760
     87 1761
     89 1762
    106 1763
     69 1764
     81 1765
     72 1766
     88 1767
     92 1768
     77 1769
     93 1770
     96 1771
     97 1772
     72 1773
     90 1774
     84 1775
     76 1776
     94 1777
     81 1778
     85 1779
     99 1780
     92 1781
     90 1782
     79 1783
     72 1784
     87 1785
     88 1786
    106 1787
     80 1788
     88 1789
     74 1790
     84 1791
     81 1792
     71 1793
     75 1794
     96 1795
     81 1796
     86 1797
     79 1798
     75 1799
     70 1800
    106 1801
     79 1802
     84 1803
     84 1804
     66 1805
     71 1806
     81 1807
     70 1808
     89 1809
     68 1810
     68 1811
     89 1812
     73 1813
     77 1814
     81 1815
     74 1816
     78 1817
     81 1818
     96 1819
     75 1820
     87 1821
     83 1822
     81 1823
     88 1824
     71 1825
     88 1826
     79 1827
     66 1828
     92 1829
     77 1830
     75 1831
     54 1832
     80 1833
     75 1834
     65 1835
     59 1836
     46 1837
     66 1838
     71 1839
     79 1840
     58 1841
     72 1842
     79 1843
     72 1844
     67 1845
     76 1846
     63 1847
     62 1848
     81 1849
     62 1850
     67 1851
     60 1852
     66 1853
     75 1854
     71 1855
     74 1856
     76 1857
     88 1858
     71 1859
     71 1860
     72 1861
     63 1862
     58 1863
     75 1864
     58 1865
     79 1866
     68 1867
     78 1868
     60 1869
     68 1870
     58 1871
     76 1872
     57 1873
     69 1874
     74 1875
     72 1876
     70 1877
     63 1878
     59 1879
     65 1880
     75 1881
     64 1882
     74 1883
     66 1884
     67 1885
     66 1886
     70 1887
     63 1888
     55 1889
     65 1890
     80 1891
     82 1892
     79 1893
     67 1894
     72 1895
     79 1896
     64 1897
     76 1898
     66 1899
     69 1900
     75 1901
     55 1902
     81 1903
     62 1904
     56 1905
     68 1906
     74 1907
     70 1908
     68 1909
     65 1910
     63 1911
     61 1912
     72 1913
     65 1914
     64 1915
     68 1916
     93 1917
     53 1918
     67 1919
     69 1920
     66 1921
     57 1922
     57 1923
     59 1924
     64 1925
     56 1926
     52 1927
     70 1928
     67 1929
     71 1930
     61 1931
     61 1932
     60 1933
     60 1934
     55 1935
     61 1936
     73 1937
     53 1938
     82 1939
     64 1940
     74 1941
     65 1942
     55 1943
     59 1944
     60 1945
     79 1946
     54 1947
     66 1948
     64 1949
     62 1950
     65 1951
     56 1952
     82 1953
     61 1954
     56 1955
     63 1956
     73 1957
     72 1958
     70 1959
     61 1960
     59 1961
     71 1962
     74 1963
     64 1964
     69 1965
     53 1966
     51 1967
     63 1968
     67 1969
     75 1970
     67 1971
     71 1972
     55 1973
     66 1974
     72 1975
     54 1976
     74 1977
     52 1978
     70 1979
     49 1980
     54 1981
     70 1982
     74 1983
     48 1984
     73 1985
     75 1986
     64 1987
     57 1988
     57 1989
     54 1990
     85 1991
     66 1992
     65 1993
     64 1994
     51 1995
     47 1996
     50 1997
     78 1998
     56 1999
     65 2000
     69 2001
     75 2002
     67 2003
     61 2004
     59 2005
     65 2006
     61 2007
     45 2008
     69 2009
     59 2010
     66 2011
     80 2012
     61 2013
     66 2014
     65 2015
     77 2016
     58 2017
     61 2018
     80 2019
     64 2020
     64 2021
     69 2022
     64 2023
     75 2024
     58 2025
     58 2026
     65 2027
     57 2028
     49 2029
     56 2030
     42 2031
     69 2032
     61 2033
     50 2034
     58 2035
     55 2036
     63 2037
     77 2038
     43 2039
     44 2040
     58 2041
     53 2042
     60 2043
     46 2044
     50 2045
     53 2046
     49 2047
     56 2048
     56 2049
     66 2050
     61 2051
     61 2052
     50 2053
     58 2054
     61 2055
     58 2056
     56 2057
     42 2058
     62 2059
     58 2060
     63 2061
     58 2062
     61 2063
     42 2064
     65 2065
     51 2066
     53 2067
     55 2068
     54 2069
     47 2070
     58 2071
     48 2072
     56 2073
     49 2074
     46 2075
     55 2076
     55 2077
     45 2078
     43 2079
     54 2080
     60 2081
     59 2082
     41 2083
     56 2084
     61 2085
     65 2086
     64 2087
     61 2088
     63 2089
     60 2090
     64 2091
     58 2092
     44 2093
     49 2094
     61 2095
     49 2096
     56 2097
     68 2098
     60 2099
     62 2100
     59 2101
     54 2102
     64 2103
     53 2104
     57 2105
     64 2106
     50 2107
     61 2108
     45 2109
     53 2110
     71 2111
     56 2112
     54 2113
     45 2114
     63 2115
     67 2116
     73 2117
     44 2118
     61 2119
     51 2120
     57 2121
     54 2122
     46 2123
     74 2124
     52 2125
     58 2126
     56 2127
     50 2128
     72 2129
     50 2130
     57 2131
     59 2132
     44 2133
     53 2134
     55 2135
     64 2136
     60 2137
     44 2138
     68 2139
     56 2140
     56 2141
     52 2142
     54 2143
     53 2144
     55 2145
     52 2146
     48 2147
     52 2148
     46 2149
     54 2150
     61 2151
     54 2152
     53 2153
     54 2154
     36 2155
     54 2156
     57 2157
     42 2158
     43 2159
     46 2160
     47 2161
     50 2162
     51 2163
     56 2164
     41 2165
     48 2166
     42 2167
     63 2168
     69 2169
     54 2170
     48 2171
     46 2172
     48 2173
     56 2174
     40 2175
     52 2176
     41 2177
     48 2178
     57 2179
     47 2180
     48 2181
     42 2182
     47 2183
     37 2184
     37 2185
     47 2186
     49 2187
     48 2188
     48 2189
     50 2190
     58 2191
     62 2192
     46 2193
     57 2194
     48 2195
     59 2196
     50 2197
     52 2198
     49 2199
     46 2200
     50 2201
     43 2202
     53 2203
     47 2204
     54 2205
     44 2206
     45 2207
     53 2208
     48 2209
     43 2210
     43 2211
     50 2212
     55 2213
     48 2214
     43 2215
     60 2216
     62 2217
     56 2218
     48 2219
     48 2220
     60 2221
     57 2222
     53 2223
     48 2224
     55 2225
     58 2226
     51 2227
     54 2228
     47 2229
     50 2230
     53 2231
     47 2232
     55 2233
     42 2234
     52 2235
     50 2236
     50 2237
     55 2238
     50 2239
     37 2240
     33 2241
     57 2242
     50 2243
     56 2244
     46 2245
     44 2246
     43 2247
     44 2248
     45 2249
     40 2250
     42 2251
     53 2252
     45 2253
     58 2254
     47 2255
     48 2256
     41 2257
     44 2258
     51 2259
     38 2260
     58 2261
     43 2262
     38 2263
     44 2264
     44 2265
     48 2266
     32 2267
     48 2268
     45 2269
     41 2270
     43 2271
     46 2272
     47 2273
     53 2274
     48 2275
     38 2276
     29 2277
     46 2278
     39 2279
     51 2280
     44 2281
     39 2282
     49 2283
     37 2284
     54 2285
     41 2286
     49 2287
     45 2288
     37 2289
     42 2290
     32 2291
     21 2292
     34 2293
     51 2294
     36 2295
     43 2296
     37 2297
     45 2298
     38 2299
     50 2300
     31 2301
     44 2302
     37 2303
     37 2304
     37 2305
     46 2306
     46 2307
     33 2308
     39 2309
     49 2310
     46 2311
     33 2312
     30 2313
     45 2314
     37 2315
     38 2316
     28 2317
     38 2318
     41 2319
     36 2320
     45 2321
     43 2322
     26 2323
     51 2324
     41 2325
     33 2326
     46 2327
     40 2328
     45 2329
     41 2330
     37 2331
     33 2332
     44 2333
     44 2334
     36 2335
     41 2336
     38 2337
     33 2338
     43 2339
     47 2340
     35 2341
     51 2342
     47 2343
     33 2344
     23 2345
     33 2346
     31 2347
     37 2348
     31 2349
     34 2350
     39 2351
     28 2352
     33 2353
     46 2354
     40 2355
     31 2356
     38 2357
     40 2358
     34 2359
     34 2360
     31 2361
     46 2362
     47 2363
     45 2364
     36 2365
     35 2366
     49 2367
     39 2368
     38 2369
     42 2370
     29 2371
     35 2372
     28 2373
     38 2374
     41 2375
     39 2376
     38 2377
     37 2378
     39 2379
     40 2380
     30 2381
     46 2382
     38 2383
     37 2384
     40 2385
     46 2386
     28 2387
     33 2388
     45 2389
     45 2390
     36 2391
     33 2392
     32 2393
     30 2394
     44 2395
     30 2396
     35 2397
     37 2398
     36 2399
     28 2400
     24 2401
     38 2402
     33 2403
     40 2404
     47 2405
     36 2406
     38 2407
     23 2408
     34 2409
     40 2410
     35 2411
     25 2412
     30 2413
     33 2414
     30 2415
     40 2416
     30 2417
     28 2418
     45 2419
     25 2420
     37 2421
     20 2422
     34 2423
     31 2424
     29 2425
     34 2426
     32 2427
     32 2428
     18 2429
     28 2430
     24 2431
     30 2432
     21 2433
     28 2434
     39 2435
     29 2436
     23 2437
     26 2438
     32 2439
     30 2440
     31 2441
     28 2442
     27 2443
     24 2444
     29 2445
     29 2446
     29 2447
     29 2448
     24 2449
     31 2450
     32 2451
     37 2452
     29 2453
     28 2454
     40 2455
     25 2456
     21 2457
     25 2458
     31 2459
     30 2460
     32 2461
     28 2462
     39 2463
     31 2464
     22 2465
     33 2466
     33 2467
     17 2468
     21 2469
     36 2470
     35 2471
     28 2472
     24 2473
     31 2474
     44 2475
     29 2476
     26 2477
     21 2478
     26 2479
     25 2480
     22 2481
     24 2482
     22 2483
     26 2484
     26 2485
     30 2486
     27 2487
     23 2488
     33 2489
     22 2490
     30 2491
     31 2492
     26 2493
     23 2494
     20 2495
     29 2496
     24 2497
     31 2498
     38 2499
     25 2500
     29 2501
     26 2502
     36 2503
     17 2504
     23 2505
     19 2506
     26 2507
     52 2508
     25 2509
     22 2510
     24 2511
     18 2512
     34 2513
     28 2514
     30 2515
     26 2516
     22 2517
     23 2518
     31 2519
     23 2520
     29 2521
     27 2522
     27 2523
     31 2524
     31 2525
     24 2526
     30 2527
     28 2528
     31 2529
     30 2530
     29 2531
     24 2532
     28 2533
     23 2534
     24 2535
     20 2536
     24 2537
     19 2538
     21 2539
     25 2540
     17 2541
     32 2542
     25 2543
     22 2544
     25 2545
     18 2546
     20 2547
     16 2548
     19 2549
     18 2550
     25 2551
     23 2552
     27 2553
     33 2554
     20 2555
     29 2556
     28 2557
     28 2558
     17 2559
     31 2560
     20 2561
     28 2562
     15 2563
     23 2564
     18 2565
     37 2566
     15 2567
     21 2568
     26 2569
     19 2570
     20 2571
     19 2572
     27 2573
     20 2574
     23 2575
     28 2576
     32 2577
     30 2578
     28 2579
     33 2580
     24 2581
     26 2582
     20 2583
     20 2584
     19 2585
     24 2586
     26 2587
     27 2588
     24 2589
     27 2590
     13 2591
     23 2592
     25 2593
     24 2594
     24 2595
     31 2596
     25 2597
     26 2598
     18 2599
     25 2600
     32 2601
     26 2602
     21 2603
     25 2604
     18 2605
     18 2606
     23 2607
     17 2608
     21 2609
     19 2610
     20 2611
     18 2612
     25 2613
     27 2614
     22 2615
     26 2616
     24 2617
     20 2618
     26 2619
     26 2620
     28 2621
     19 2622
     20 2623
     21 2624
     18 2625
     26 2626
     17 2627
     15 2628
     21 2629
     28 2630
     18 2631
     23 2632
     14 2633
     25 2634
     20 2635
     22 2636
     19 2637
     27 2638
     22 2639
     13 2640
     23 2641
     18 2642
     24 2643
     29 2644
     21 2645
     29 2646
     28 2647
     22 2648
     22 2649
     22 2650
     17 2651
     18 2652
     25 2653
     25 2654
     22 2655
     26 2656
     26 2657
     16 2658
     22 2659
     16 2660
     22 2661
     28 2662
     23 2663
     29 2664
     28 2665
     24 2666
     21 2667
     22 2668
     18 2669
     24 2670
     20 2671
     23 2672
     13 2673
     28 2674
     25 2675
     18 2676
     17 2677
     22 2678
     20 2679
     21 2680
     21 2681
     18 2682
     27 2683
     26 2684
     21 2685
     17 2686
     12 2687
     19 2688
     20 2689
     24 2690
     20 2691
     18 2692
     20 2693
     22 2694
     22 2695
     13 2696
     10 2697
     22 2698
     13 2699
     19 2700
     13 2701
     19 2702
     13 2703
     21 2704
     20 2705
     12 2706
     18 2707
     18 2708
     16 2709
     23 2710
     14 2711
     20 2712
     22 2713
     22 2714
     14 2715
     18 2716
     20 2717
     19 2718
     11 2719
     19 2720
     24 2721
     16 2722
     28 2723
     14 2724
     13 2725
     18 2726
     13 2727
     19 2728
     19 2729
     26 2730
     15 2731
     22 2732
     19 2733
     13 2734
     23 2735
     17 2736
      5 2737
     27 2738
     10 2739
     18 2740
     16 2741
     24 2742
     19 2743
     29 2744
     20 2745
     12 2746
     16 2747
     25 2748
     20 2749
     15 2750
     21 2751
     17 2752
     22 2753
     15 2754
     14 2755
     26 2756
     21 2757
     20 2758
     17 2759
     19 2760
     30 2761
     14 2762
     12 2763
     25 2764
     26 2765
     18 2766
     14 2767
     12 2768
     18 2769
     20 2770
     19 2771
     17 2772
     22 2773
     18 2774
     18 2775
     22 2776
     13 2777
     14 2778
     25 2779
     19 2780
     12 2781
     17 2782
     21 2783
      9 2784
     13 2785
     15 2786
     18 2787
     17 2788
     24 2789
     13 2790
     22 2791
     13 2792
     19 2793
     20 2794
     13 2795
     17 2796
     14 2797
     16 2798
     16 2799
     13 2800
     23 2801
     21 2802
     14 2803
     19 2804
     16 2805
     18 2806
     15 2807
     14 2808
     20 2809
     14 2810
     21 2811
     14 2812
     15 2813
     22 2814
     17 2815
     31 2816
     23 2817
     15 2818
     11 2819
     13 2820
     14 2821
     23 2822
     17 2823
     10 2824
     20 2825
      7 2826
     18 2827
      9 2828
     19 2829
     17 2830
     19 2831
     23 2832
     20 2833
     19 2834
     20 2835
     15 2836
     15 2837
     25 2838
      9 2839
     16 2840
     18 2841
     14 2842
     19 2843
     21 2844
     15 2845
     19 2846
     21 2847
     15 2848
     13 2849
     12 2850
     17 2851
     14 2852
     16 2853
     11 2854
     20 2855
     15 2856
      9 2857
     14 2858
     17 2859
     14 2860
     17 2861
     14 2862
     15 2863
     12 2864
     15 2865
     11 2866
     10 2867
     13 2868
     11 2869
     11 2870
     12 2871
     17 2872
     16 2873
     21 2874
     13 2875
      9 2876
     18 2877
     14 2878
     20 2879
     12 2880
     13 2881
     17 2882
     12 2883
      8 2884
     27 2885
     16 2886
     13 2887
     17 2888
     23 2889
     14 2890
     12 2891
     13 2892
     13 2893
     10 2894
     17 2895
     16 2896
     11 2897
     13 2898
     13 2899
     20 2900
     18 2901
     16 2902
     15 2903
     10 2904
     13 2905
     17 2906
     12 2907
     14 2908
     18 2909
     13 2910
     16 2911
     13 2912
     17 2913
     11 2914
     10 2915
     17 2916
     14 2917
     13 2918
     19 2919
     17 2920
     17 2921
     22 2922
     12 2923
     18 2924
     16 2925
     13 2926
     14 2927
      9 2928
     13 2929
     11 2930
     16 2931
     15 2932
     16 2933
     10 2934
     11 2935
     15 2936
     15 2937
     17 2938
     10 2939
     17 2940
     11 2941
     19 2942
     18 2943
     20 2944
     11 2945
     17 2946
     17 2947
     17 2948
     15 2949
     15 2950
      8 2951
     11 2952
     10 2953
     13 2954
     16 2955
     13 2956
      7 2957
     12 2958
     20 2959
     15 2960
     13 2961
     14 2962
     12 2963
     12 2964
     11 2965
     17 2966
     12 2967
     15 2968
      9 2969
     14 2970
      7 2971
     14 2972
     12 2973
      8 2974
     11 2975
     12 2976
      9 2977
      9 2978
     13 2979
     12 2980
     14 2981
     10 2982
     13 2983
     21 2984
      7 2985
     11 2986
     15 2987
     19 2988
     16 2989
     15 2990
      7 2991
      8 2992
     10 2993
      9 2994
     17 2995
     17 2996
      9 2997
     15 2998
     14 2999
     13 3000
     13 3001
     11 3002
     15 3003
     14 3004
      8 3005
     11 3006
     15 3007
     11 3008
     19 3009
     10 3010
      7 3011
     10 3012
     12 3013
      8 3014
     12 3015
     10 3016
     12 3017
     14 3018
      9 3019
     22 3020
      9 3021
     18 3022
     16 3023
     14 3024
     10 3025
     12 3026
      6 3027
     14 3028
     15 3029
     13 3030
     13 3031
     16 3032
     17 3033
     17 3034
     12 3035
     12 3036
     12 3037
     15 3038
     17 3039
     17 3040
     13 3041
     10 3042
     11 3043
     19 3044
     10 3045
     12 3046
     15 3047
     10 3048
     11 3049
     22 3050
      6 3051
     22 3052
     11 3053
     17 3054
      8 3055
     13 3056
     18 3057
      9 3058
     14 3059
      8 3060
      9 3061
      9 3062
     13 3063
     12 3064
      8 3065
      8 3066
     12 3067
      9 3068
     16 3069
     14 3070
     16 3071
     13 3072
     16 3073
     11 3074
     18 3075
     16 3076
      8 3077
     23 3078
     12 3079
     14 3080
     13 3081
     14 3082
     14 3083
     10 3084
     14 3085
      9 3086
     14 3087
     10 3088
     15 3089
     16 3090
     14 3091
     22 3092
      9 3093
     11 3094
     14 3095
     15 3096
     12 3097
     18 3098
      7 3099
     17 3100
     14 3101
     16 3102
     12 3103
      8 3104
      8 3105
     11 3106
     13 3107
      8 3108
      7 3109
     10 3110
     10 3111
      6 3112
     12 3113
      6 3114
     15 3115
     13 3116
     17 3117
     16 3118
     11 3119
     12 3120
      7 3121
      9 3122
     15 3123
      9 3124
      6 3125
     12 3126
     13 3127
      7 3128
      7 3129
      5 3130
     17 3131
     10 3132
     10 3133
     10 3134
      8 3135
      9 3136
      9 3137
      9 3138
     11 3139
     13 3140
     11 3141
     17 3142
     11 3143
     16 3144
     12 3145
      6 3146
     19 3147
      4 3148
     13 3149
     12 3150
     12 3151
      6 3152
     11 3153
     14 3154
     10 3155
     10 3156
     15 3157
     10 3158
      9 3159
      8 3160
     11 3161
     12 3162
      8 3163
      8 3164
     12 3165
      9 3166
     10 3167
     10 3168
      3 3169
     11 3170
     13 3171
     11 3172
     12 3173
     13 3174
     13 3175
     17 3176
     14 3177
     15 3178
     10 3179
      7 3180
     12 3181
     12 3182
     20 3183
      9 3184
      9 3185
      8 3186
     12 3187
      4 3188
      9 3189
     11 3190
      8 3191
      8 3192
     13 3193
      5 3194
      8 3195
     10 3196
     11 3197
      6 3198
     16 3199
     15 3200
      5 3201
      8 3202
      9 3203
     14 3204
     10 3205
     11 3206
     12 3207
      8 3208
      7 3209
      6 3210
     11 3211
     10 3212
      9 3213
      9 3214
      7 3215
     12 3216
     12 3217
     13 3218
     14 3219
     13 3220
     14 3221
      9 3222
      5 3223
      9 3224
     12 3225
      7 3226
     12 3227
     10 3228
     11 3229
     20 3230
     19 3231
     11 3232
     10 3233
     16 3234
     17 3235
     14 3236
     14 3237
      5 3238
     10 3239
      9 3240
     11 3241
     12 3242
     10 3243
     16 3244
     11 3245
     12 3246
     14 3247
     13 3248
     12 3249
      9 3250
     16 3251
     10 3252
     17 3253
     10 3254
     14 3255
     11 3256
     10 3257
     11 3258
     18 3259
      9 3260
     15 3261
     15 3262
     10 3263
     11 3264
     11 3265
     13 3266
     12 3267
     10 3268
     17 3269
     14 3270
     19 3271
     11 3272
      9 3273
     11 3274
     10 3275
     11 3276
      9 3277
      8 3278
     12 3279
      7 3280
     15 3281
      7 3282
      8 3283
     14 3284
     17 3285
      5 3286
     11 3287
     14 3288
     11 3289
      3 3290
     15 3291
      7 3292
     14 3293
     18 3294
      7 3295
     13 3296
     16 3297
      9 3298
     13 3299
     16 3300
     13 3301
      9 3302
     11 3303
      6 3304
      9 3305
     10 3306
     15 3307
     13 3308
     16 3309
     13 3310
     16 3311
      5 3312
      9 3313
     16 3314
      8 3315
     12 3316
     18 3317
      8 3318
     14 3319
     10 3320
      9 3321
     11 3322
     12 3323
      6 3324
      9 3325
      4 3326
     10 3327
     10 3328
     10 3329
     13 3330
     11 3331
      9 3332
      9 3333
      7 3334
      4 3335
      6 3336
      9 3337
      7 3338
      8 3339
     11 3340
     12 3341
      6 3342
     10 3343
      6 3344
      9 3345
      9 3346
      9 3347
     10 3348
      6 3349
     10 3350
      9 3351
     10 3352
      8 3353
     16 3354
     12 3355
      5 3356
      9 3357
      6 3358
      7 3359
      9 3360
      6 3361
      5 3362
      9 3363
      8 3364
      9 3365
      3 3366
      8 3367
     15 3368
      4 3369
     11 3370
      5 3371
      6 3372
     11 3373
     11 3374
     11 3375
      8 3376
      7 3377
     15 3378
      7 3379
     12 3380
      3 3381
      9 3382
     11 3383
     12 3384
      8 3385
      9 3386
      9 3387
      6 3388
     10 3389
      7 3390
      7 3391
     21 3392
     15 3393
     13 3394
      8 3395
      7 3396
      5 3397
      7 3398
     11 3399
     10 3400
     14 3401
      9 3402
      9 3403
      8 3404
     14 3405
      7 3406
      6 3407
      8 3408
      8 3409
      4 3410
      5 3411
      7 3412
      5 3413
      7 3414
      8 3415
      5 3416
      7 3417
      8 3418
     10 3419
     12 3420
     10 3421
      5 3422
     13 3423
      6 3424
     13 3425
      8 3426
      9 3427
      6 3428
      7 3429
      7 3430
      4 3431
      9 3432
      8 3433
     10 3434
      7 3435
      5 3436
     13 3437
      5 3438
     10 3439
     10 3440
     10 3441
      7 3442
      8 3443
     13 3444
      8 3445
     14 3446
     11 3447
     12 3448
     10 3449
     11 3450
      6 3451
      8 3452
     10 3453
      8 3454
     12 3455
      6 3456
      9 3457
      9 3458
     12 3459
      9 3460
      5 3461
      5 3462
      7 3463
     13 3464
     11 3465
      9 3466
     14 3467
      9 3468
     12 3469
      8 3470
     11 3471
      8 3472
      7 3473
      6 3474
      8 3475
      7 3476
      4 3477
     15 3478
     14 3479
     12 3480
      5 3481
     10 3482
     11 3483
      5 3484
      7 3485
     12 3486
     13 3487
     11 3488
      8 3489
     10 3490
      6 3491
      8 3492
     10 3493
      6 3494
      8 3495
     10 3496
      7 3497
     14 3498
     11 3499
      5 3500
     10 3501
      8 3502
     11 3503
     10 3504
      8 3505
      7 3506
      9 3507
      5 3508
      6 3509
      5 3510
      9 3511
      4 3512
      9 3513
     12 3514
      8 3515
      8 3516
      8 3517
      8 3518
     11 3519
      8 3520
      8 3521
      6 3522
      9 3523
     10 3524
     10 3525
      7 3526
      6 3527
     11 3528
     12 3529
     13 3530
      6 3531
      9 3532
     10 3533
      7 3534
      8 3535
      8 3536
      5 3537
      9 3538
      8 3539
      5 3540
      8 3541
      6 3542
      5 3543
      9 3544
      7 3545
      8 3546
     11 3547
      7 3548
      5 3549
      8 3550
     11 3551
     12 3552
     12 3553
     11 3554
      7 3555
      6 3556
      7 3557
      3 3558
     13 3559
      5 3560
      5 3561
      4 3562
     10 3563
      8 3564
      8 3565
     10 3566
      8 3567
     11 3568
     19 3569
      7 3570
      7 3571
     10 3572
      9 3573
     12 3574
     12 3575
      5 3576
      8 3577
      8 3578
      7 3579
      9 3580
      9 3581
      6 3582
      4 3583
      9 3584
      4 3585
     13 3586
      9 3587
     17 3588
     11 3589
      7 3590
      7 3591
      4 3592
     14 3593
     11 3594
     10 3595
      4 3596
     11 3597
     11 3598
      9 3599
      4 3600
      8 3601
      5 3602
     13 3603
      6 3604
      7 3605
      8 3606
     10 3607
      9 3608
      7 3609
     11 3610
      7 3611
      7 3612
     10 3613
      8 3614
     16 3615
     14 3616
      5 3617
      6 3618
     13 3619
      6 3620
      5 3621
      3 3622
      8 3623
     12 3624
      8 3625
     13 3626
     11 3627
      4 3628
     15 3629
      4 3630
     15 3631
      6 3632
      9 3633
     12 3634
      8 3635
      9 3636
     11 3637
      7 3638
     14 3639
     12 3640
      8 3641
      9 3642
      5 3643
      9 3644
      6 3645
      8 3646
     10 3647
      7 3648
     12 3649
      7 3650
      8 3651
     10 3652
      3 3653
     10 3654
      6 3655
      9 3656
      6 3657
      6 3658
      4 3659
      6 3660
      8 3661
      7 3662
      6 3663
      9 3664
      9 3665
     10 3666
      4 3667
      4 3668
      6 3669
     10 3670
     11 3671
      8 3672
      6 3673
     10 3674
     11 3675
      9 3676
      9 3677
      6 3678
     12 3679
      8 3680
      6 3681
      5 3682
      5 3683
      4 3684
      8 3685
      8 3686
      4 3687
      5 3688
      5 3689
      5 3690
      7 3691
      8 3692
      5 3693
      8 3694
      6 3695
      8 3696
      7 3697
      5 3698
      8 3699
      9 3700
      8 3701
      7 3702
      7 3703
      5 3704
      9 3705
      6 3706
      4 3707
      5 3708
     12 3709
     13 3710
      6 3711
      6 3712
      8 3713
     13 3714
      7 3715
     10 3716
      7 3717
      4 3718
      6 3719
     10 3720
      5 3721
      8 3722
      6 3723
     11 3724
      7 3725
      9 3726
      5 3727
     10 3728
      5 3729
      5 3730
      4 3731
      7 3732
      6 3733
      3 3734
      2 3735
      4 3736
      6 3737
      7 3738
      3 3739
      6 3740
      8 3741
      8 3742
      4 3743
     10 3744
      9 3745
      3 3746
      7 3747
     13 3748
      6 3749
      8 3750
      4 3751
      6 3752
      9 3753
      5 3754
      6 3755
      8 3756
      3 3757
      5 3758
      5 3759
      9 3760
      6 3761
      5 3762
      5 3763
     10 3764
      5 3765
      5 3766
      6 3767
      4 3768
      7 3769
      9 3770
      8 3771
      8 3772
      4 3773
      5 3774
      6 3775
      6 3776
      4 3777
      2 3778
      6 3779
      6 3780
      9 3781
      4 3782
      4 3783
      8 3784
      9 3785
      7 3786
      9 3787
      8 3788
      6 3789
      7 3790
      4 3791
      9 3792
      4 3793
      3 3794
      6 3795
      6 3796
      6 3797
      7 3798
     10 3799
      6 3800
     10 3801
      8 3802
      5 3803
      9 3804
     12 3805
      8 3806
      4 3807
      7 3808
      8 3809
      6 3810
      8 3811
      9 3812
      5 3813
      6 3814
      3 3815
     10 3816
      5 3817
      2 3818
      9 3819
      8 3820
      5 3821
      8 3822
     10 3823
      3 3824
      3 3825
      9 3826
      3 3827
      9 3828
      4 3829
     10 3830
      7 3831
      5 3832
      3 3833
      5 3834
      3 3835
      6 3836
     12 3837
     10 3838
      6 3839
      8 3840
      7 3841
      2 3842
      5 3843
      6 3844
      4 3845
      1 3846
      4 3847
      9 3848
      2 3849
     12 3850
      6 3851
      6 3852
      3 3853
      6 3854
      5 3855
      5 3856
      7 3857
      6 3858
      7 3859
      4 3860
      7 3861
     12 3862
      8 3863
      4 3864
      8 3865
      5 3866
      5 3867
     10 3868
      4 3869
      6 3870
      6 3871
      5 3872
      6 3873
      5 3874
      6 3875
      6 3876
      5 3877
      4 3878
      5 3879
      5 3880
      1 3881
      7 3882
      7 3883
     13 3884
      4 3885
      7 3886
      5 3887
      8 3888
      7 3889
      6 3890
      5 3891
      9 3892
      5 3893
      1 3894
     11 3895
      3 3896
      6 3897
      4 3898
      7 3899
      7 3900
      6 3901
      6 3902
      2 3903
      5 3904
      7 3905
      9 3906
      3 3907
      8 3908
      5 3909
      6 3910
      2 3911
      2 3912
      3 3913
      4 3914
      3 3915
      6 3916
      6 3917
      4 3918
      4 3919
      6 3920
      4 3921
      7 3922
      6 3923
      4 3924
      4 3925
      4 3926
      6 3927
      7 3928
      8 3929
      7 3930
     10 3931
      2 3932
      7 3933
      4 3934
      5 3935
      9 3936
      1 3937
      5 3938
      2 3939
      7 3940
      6 3941
      5 3942
      8 3943
      6 3944
      4 3945
      6 3946
     11 3947
      7 3948
      7 3949
      5 3950
      5 3951
      7 3952
      8 3953
      5 3954
      5 3955
      4 3956
      5 3957
      7 3958
      5 3959
      2 3960
      6 3961
      5 3962
      9 3963
      5 3964
      5 3965
      3 3966
      6 3967
      4 3968
      6 3969
      7 3970
      6 3971
     11 3972
      7 3973
      5 3974
      8 3975
      3 3976
      7 3977
      4 3978
     11 3979
      3 3980
      7 3981
      7 3982
     10 3983
      1 3984
      4 3985
      7 3986
      5 3987
      4 3988
      4 3989
      7 3990
      9 3991
      6 3992
      4 3993
      3 3994
      5 3995
      7 3996
      6 3997
      1 3998
      6 3999
      7 4000
      4 4001
      4 4002
      3 4003
      5 4004
      7 4005
      7 4006
      5 4007
      2 4008
      4 4009
      5 4010
      5 4011
      3 4012
      7 4013
      7 4014
      7 4015
      6 4016
      2 4017
      4 4018
      4 4020
      2 4021
      3 4022
      7 4023
      3 4024
      6 4025
      6 4026
      4 4027
      7 4028
      6 4029
      6 4030
      5 4031
      4 4032
      6 4033
      5 4034
      6 4035
      4 4036
      2 4037
      3 4038
      2 4039
      3 4040
      6 4041
      5 4042
      6 4043
      5 4044
      4 4045
      7 4046
      6 4047
     10 4048
      8 4049
      3 4050
      4 4051
      4 4052
      7 4053
      4 4054
      6 4055
      4 4056
      4 4057
      3 4058
      3 4059
      3 4060
      2 4061
      7 4062
      5 4063
      2 4064
      6 4065
      5 4066
      2 4067
      3 4068
      7 4069
      5 4070
      3 4071
      2 4072
      1 4073
      4 4074
      5 4075
      7 4076
      1 4077
      3 4078
      5 4079
      4 4080
      1 4081
      5 4082
      5 4083
      5 4084
      4 4085
      2 4086
      2 4087
      3 4088
      2 4089
      6 4090
      9 4091
      3 4092
      3 4093
      5 4094
      5 4095
      3 4096
      6 4097
      3 4098
      3 4099
     11 4100
      7 4101
      7 4102
      5 4103
      3 4104
      5 4105
      9 4106
      6 4107
      6 4108
      8 4109
      8 4110
      5 4111
      7 4112
      8 4113
      2 4114
      6 4115
     10 4116
      2 4117
      2 4118
      1 4119
      8 4120
      3 4121
      1 4122
      3 4123
      6 4124
      4 4125
      3 4126
      5 4127
      5 4128
      4 4129
      4 4130
      2 4131
      5 4132
      7 4133
      7 4134
      7 4135
      5 4136
      2 4137
      2 4138
      2 4139
      5 4140
      3 4141
      6 4142
      4 4143
      6 4144
      3 4145
      8 4146
      6 4147
      7 4148
      3 4149
      5 4150
      3 4151
      4 4152
      4 4153
      3 4154
      4 4155
      6 4156
      4 4157
      7 4158
      1 4159
      5 4160
      5 4161
      3 4162
      3 4163
      2 4164
      3 4165
      4 4166
      4 4167
      5 4168
      3 4169
      3 4170
      4 4171
      5 4172
      3 4173
      5 4174
      4 4175
      3 4176
      7 4177
      2 4178
      6 4179
      3 4180
      6 4181
      3 4182
      6 4183
      2 4184
      3 4185
      7 4186
      6 4187
      6 4188
      4 4189
      1 4190
      3 4191
      9 4192
      5 4193
      9 4194
      8 4195
      8 4196
      5 4197
      4 4198
      2 4200
      3 4201
      3 4202
      6 4203
      4 4204
      2 4205
      5 4206
      2 4207
      4 4208
      8 4209
      4 4210
      3 4211
      7 4212
      4 4213
      5 4214
      5 4215
      5 4216
      2 4217
      4 4218
      3 4219
      3 4220
      2 4221
      2 4222
      3 4223
      6 4224
      3 4225
      3 4226
      6 4227
      1 4228
      5 4229
      6 4230
      3 4231
      6 4232
      4 4233
      4 4234
      3 4235
      6 4236
      7 4237
      6 4238
      5 4239
      4 4240
      6 4241
      2 4242
      4 4243
      4 4244
      5 4245
     14 4246
     11 4247
      5 4248
      6 4249
      6 4250
      3 4251
      6 4252
     10 4254
      2 4255
      8 4256
      6 4257
      7 4258
      7 4259
      4 4260
      4 4261
      6 4262
     10 4263
      3 4264
      7 4265
      9 4266
      1 4267
      7 4268
      4 4269
      4 4270
      7 4271
      5 4272
      7 4273
      4 4274
      6 4275
      6 4276
      8 4277
      3 4278
      4 4279
      3 4280
      8 4281
      7 4282
      7 4283
      7 4284
      5 4285
      1 4286
      2 4287
      6 4288
      3 4289
      6 4290
      6 4291
      7 4292
      4 4293
      4 4294
      5 4295
      5 4296
      6 4297
      3 4298
      3 4299
      4 4300
      6 4301
      9 4302
      4 4303
      3 4304
      4 4305
      8 4306
      1 4307
      6 4308
      6 4309
      5 4310
      3 4311
      6 4312
      6 4313
      5 4314
      8 4315
      2 4316
      3 4317
      7 4318
      7 4319
      5 4320
      7 4321
      4 4322
      1 4323
      3 4324
      9 4325
      6 4326
      2 4327
      6 4328
      3 4329
      4 4330
      3 4331
      7 4332
      8 4333
      7 4334
      7 4335
      7 4336
      7 4337
      5 4338
      6 4339
      4 4340
      3 4341
      5 4342
      1 4343
      1 4344
      3 4345
      9 4346
      4 4347
      8 4348
      5 4349
      6 4350
      5 4351
      5 4352
      8 4353
      3 4354
      6 4355
      6 4356
      9 4357
      6 4358
      6 4359
      8 4360
      8 4361
      4 4362
      5 4363
      5 4364
      4 4365
      5 4366
      6 4367
      2 4368
      5 4369
      2 4370
      6 4371
      3 4372
      5 4373
      3 4374
      6 4375
      7 4376
      3 4377
      5 4378
      3 4379
      6 4380
      7 4381
      7 4382
      4 4383
      4 4384
      7 4385
      6 4386
      3 4387
      5 4388
      8 4389
      5 4390
      4 4391
      3 4392
      5 4393
      3 4394
      2 4395
      9 4396
      5 4397
      6 4398
      6 4399
      7 4401
      5 4402
      7 4403
      6 4404
      8 4405
      9 4406
      4 4407
      5 4408
      3 4409
      1 4410
      2 4411
      6 4412
      2 4413
      7 4414
      8 4415
      6 4416
      6 4417
      5 4418
      4 4419
      3 4420
      7 4421
      1 4422
      3 4423
      2 4424
      4 4425
      9 4426
      5 4427
      7 4428
     11 4429
      4 4430
      3 4431
      4 4432
      5 4433
      4 4434
      3 4435
      2 4436
      8 4437
      4 4438
      2 4439
      3 4440
      4 4441
      4 4443
      2 4444
      2 4445
      1 4446
      4 4447
      5 4448
      6 4449
      4 4450
     10 4451
      5 4452
      2 4453
      3 4454
      3 4456
      1 4457
      2 4458
      6 4459
      4 4460
      5 4461
      4 4462
      8 4463
      4 4464
      6 4465
      2 4466
      3 4467
      5 4468
      7 4469
      5 4470
      4 4471
      8 4472
      8 4473
      7 4474
      1 4475
      4 4476
      2 4477
      5 4478
      5 4479
     10 4480
      7 4481
      4 4482
      4 4483
      3 4484
      5 4485
      5 4486
      4 4487
      5 4488
      4 4489
      5 4490
      2 4491
      4 4492
      5 4493
      5 4494
      3 4495
      9 4496
      4 4498
      2 4499
      7 4500
      4 4501
      3 4502
      6 4503
      4 4504
      8 4505
      2 4506
      3 4507
      3 4508
      6 4509
      4 4510
      2 4511
      9 4512
      2 4513
      6 4514
      1 4515
      4 4516
      3 4517
      6 4518
      8 4519
      3 4520
      3 4521
      5 4522
      5 4523
     10 4524
      3 4525
      4 4526
      4 4527
      7 4528
      4 4529
      2 4530
      5 4531
      6 4532
      3 4533
      5 4534
      2 4535
      3 4536
      4 4537
      4 4538
      4 4539
      5 4540
      2 4541
      6 4542
      4 4543
      2 4544
      6 4546
      4 4547
      2 4548
      2 4549
      5 4550
      6 4551
      5 4552
      1 4553
      5 4554
      4 4555
      3 4556
      5 4557
      5 4558
      7 4559
      1 4560
      4 4561
      1 4562
      6 4563
      4 4564
      5 4566
      5 4567
      4 4568
      2 4569
      2 4570
      4 4571
      3 4572
      7 4573
      6 4574
      1 4575
      3 4576
      4 4577
      3 4578
      2 4579
      2 4580
      3 4581
      5 4582
      2 4583
      3 4584
      2 4585
      4 4586
      3 4587
      2 4588
      5 4589
      2 4590
      3 4591
      6 4592
      3 4593
      3 4594
      1 4595
      4 4596
      4 4597
      4 4598
      3 4599
      5 4600
      3 4601
      1 4602
      7 4603
      3 4604
      3 4605
      3 4606
      7 4607
      4 4608
      6 4609
      5 4610
      3 4611
      6 4612
      4 4613
      7 4614
      1 4615
      5 4616
      2 4617
      5 4618
      2 4619
      6 4620
      2 4621
      5 4622
      2 4623
      3 4624
      6 4625
      1 4626
      2 4627
      7 4628
      2 4629
      5 4630
     11 4631
      2 4632
      2 4633
      3 4634
      4 4635
      7 4636
      3 4637
      6 4638
      3 4639
      6 4640
      7 4641
      1 4642
      4 4643
      7 4644
      2 4645
      6 4646
      6 4647
      3 4648
      9 4649
      4 4650
      6 4652
      5 4653
      5 4654
      5 4655
      5 4656
      3 4657
      3 4658
      3 4659
      1 4660
     10 4661
      7 4662
      7 4663
      6 4664
      7 4665
      5 4666
      8 4667
      5 4668
      7 4669
      6 4670
      5 4671
      6 4672
      7 4673
      3 4674
      3 4675
      4 4676
      3 4677
      4 4678
      6 4679
      5 4680
      2 4681
      4 4682
      7 4683
      6 4684
      7 4685
      2 4686
      6 4687
      8 4688
      6 4689
      4 4690
      6 4691
      5 4692
      3 4693
      7 4694
      2 4695
      3 4696
      2 4697
      6 4698
      5 4699
      2 4700
      2 4701
      5 4702
      4 4703
      6 4704
      2 4705
      7 4706
      3 4707
      3 4708
      8 4709
      2 4710
      6 4711
      2 4712
      2 4713
      5 4714
      5 4715
      2 4716
      5 4717
      7 4718
      6 4719
      5 4720
      5 4721
      3 4722
      5 4723
      4 4724
      2 4725
      5 4726
      3 4727
      2 4728
      2 4729
      3 4730
      5 4731
      1 4732
      4 4733
      3 4734
      3 4735
      4 4736
      4 4739
      2 4740
      6 4741
      5 4742
      4 4743
      3 4744
      5 4745
      3 4746
      1 4747
      3 4748
      5 4749
      4 4750
      2 4751
      2 4752
      4 4753
      4 4754
      2 4755
      3 4756
      4 4757
      6 4758
      6 4759
      7 4760
      5 4761
      1 4762
      5 4763
      4 4764
      2 4765
      6 4766
      4 4767
      4 4768
      3 4769
      3 4770
      2 4771
      4 4772
      6 4773
      4 4774
      3 4775
      4 4776
      2 4777
      1 4778
      6 4779
      1 4780
      6 4781
      3 4782
      2 4783
      4 4784
      1 4785
      4 4786
      1 4787
      3 4788
      8 4789
      8 4790
      2 4791
      4 4792
      7 4793
      5 4794
      4 4795
      3 4796
      4 4797
      3 4798
      4 4799
      2 4801
      3 4802
      3 4803
      2 4804
      9 4805
      1 4806
      1 4807
      4 4808
      4 4809
      3 4810
      3 4811
      2 4812
      5 4813
      3 4814
      5 4815
      3 4816
      2 4817
      3 4818
      3 4819
      4 4820
      1 4821
      4 4822
      8 4823
      5 4824
      5 4825
      3 4826
      3 4827
      4 4828
      4 4829
     10 4830
      6 4831
      4 4832
      4 4833
      6 4834
      5 4835
      1 4836
      5 4837
      7 4838
      3 4839
      5 4840
      2 4841
      6 4842
      6 4843
      3 4844
      6 4845
      2 4846
      8 4847
      4 4848
      2 4849
      5 4850
      7 4851
      3 4852
      5 4853
      3 4854
      2 4855
      3 4856
      6 4857
      3 4858
      3 4859
      3 4860
      8 4861
      7 4862
      4 4863
      5 4864
      2 4865
      4 4866
      4 4867
      4 4868
      6 4869
      4 4870
      3 4872
      3 4873
      5 4874
      4 4875
      4 4876
      4 4877
      8 4878
      2 4879
      5 4880
      2 4881
      3 4882
      3 4883
      1 4884
      5 4885
      1 4886
      6 4888
      3 4889
      4 4890
      6 4891
      6 4892
      2 4893
      4 4894
      5 4895
      2 4896
      1 4897
      5 4898
      2 4899
      2 4901
      4 4902
     10 4903
      2 4904
      2 4905
      2 4906
      6 4907
      5 4908
      2 4909
      6 4910
      3 4911
      3 4912
      5 4913
      3 4914
      3 4915
      5 4916
      3 4918
      2 4919
      3 4920
      2 4922
      2 4923
      4 4924
      1 4925
      2 4926
      4 4927
      2 4928
      2 4929
      2 4930
      4 4931
      5 4932
      2 4933
      5 4934
      1 4935
      4 4936
      3 4937
      4 4938
      2 4939
      2 4940
      5 4941
      4 4942
      1 4944
      1 4945
      2 4948
      1 4949
      2 4950
      4 4951
      1 4953
      5 4954
      2 4955
      2 4956
      3 4957
      3 4958
      2 4959
      3 4960
      5 4961
      2 4962
      1 4963
      2 4964
      1 4966
      2 4967
      3 4968
      4 4969
      4 4970
      3 4971
      1 4972
      3 4973
      2 4974
      2 4975
      2 4976
      2 4977
      2 4978
      2 4979
      5 4980
      2 4981
      3 4982
      2 4983
      2 4984
      5 4985
      2 4986
      5 4988
      2 4990
      3 4991
      4 4992
      2 4993
      2 4994
      2 4995
      1 4997
      3 4998
      2 4999
      4 5000
      2 5001
      2 5002
      2 5003
      2 5004
      3 5006
      2 5007
      4 5008
      2 5009
      1 5010
      1 5011
      5 5012
      1 5013
      2 5014
      2 5015
      3 5016
      1 5017
      3 5018
      2 5019
      3 5020
      1 5021
      1 5022
      1 5023
      1 5024
      4 5025
      1 5026
      3 5027
      4 5028
      1 5029
      3 5030
      3 5031
      2 5032
      3 5033
      2 5034
      2 5035
      3 5036
      4 5037
      1 5038
      3 5039
      3 5040
      6 5041
      3 5042
      1 5043
      5 5044
      5 5045
      1 5046
      4 5047
      2 5048
      6 5049
      5 5050
      4 5051
      2 5052
      2 5053
      2 5054
      2 5055
      3 5058
      3 5059
      3 5060
      6 5062
      1 5063
      3 5065
      3 5066
      2 5067
      6 5068
      2 5069
      4 5070
      3 5071
      5 5072
      3 5073
      2 5074
      5 5075
      2 5076
      3 5077
      1 5078
      2 5079
      2 5080
      1 5081
      2 5082
      3 5083
      2 5084
      1 5085
      2 5086
      3 5087
      3 5088
      2 5089
      3 5090
      4 5092
      5 5093
      1 5094
      6 5095
      6 5096
      1 5097
      2 5098
      2 5099
      4 5100
      3 5101
      2 5102
      2 5103
      2 5104
      2 5105
      3 5107
      2 5108
      1 5109
      4 5110
      3 5111
      1 5114
      2 5115
      1 5116
      4 5117
      1 5118
      3 5119
      2 5120
      3 5121
      1 5122
      1 5123
      1 5124
      1 5126
      2 5127
      2 5128
      1 5129
      5 5130
      1 5131
      2 5132
      3 5133
      5 5135
      3 5136
      1 5138
      3 5139
      4 5140
      4 5141
      6 5142
      1 5143
      1 5144
      3 5145
      1 5146
      5 5147
      4 5148
      2 5149
      1 5150
      3 5151
      2 5152
      1 5153
      1 5154
      3 5155
      1 5156
      5 5157
      4 5158
      2 5159
      1 5160
      2 5161
      3 5162
      3 5163
      2 5164
      5 5165
      5 5166
      3 5167
      2 5169
      2 5170
      4 5171
      2 5172
      4 5173
      3 5174
      2 5175
      4 5176
      2 5177
      4 5178
      1 5179
      3 5180
      2 5181
      2 5182
      2 5183
      3 5184
      5 5185
      3 5186
      3 5187
      2 5188
      5 5189
      4 5190
      4 5191
      3 5192
      3 5193
      2 5194
      4 5195
      2 5196
      2 5197
      4 5198
      1 5199
      4 5200
      3 5201
      4 5202
      3 5203
      2 5204
      1 5205
      6 5206
      1 5207
      3 5208
      4 5209
      3 5210
      1 5211
      3 5212
      2 5213
      6 5214
      1 5215
      3 5216
      3 5217
      2 5218
      3 5219
      4 5220
      5 5221
      8 5222
      3 5223
      2 5224
      2 5226
      3 5227
      3 5228
      3 5229
      5 5231
      1 5232
      7 5233
      2 5234
      5 5235
      4 5236
      4 5237
      4 5238
      6 5239
      2 5240
      5 5241
      2 5242
      5 5243
      3 5244
      2 5245
      1 5246
      1 5247
      6 5248
      3 5249
      4 5250
      3 5251
      2 5252
      3 5253
      2 5254
      2 5255
      2 5256
      1 5257
      3 5258
      2 5259
      3 5260
      7 5261
      2 5262
      3 5263
      2 5264
      1 5265
      1 5266
      1 5268
      4 5269
      4 5270
      1 5271
      2 5272
      1 5273
      3 5274
      2 5275
      3 5276
      2 5277
      6 5278
      1 5279
      1 5280
      3 5282
      4 5284
      1 5285
      1 5286
      1 5287
      1 5288
      1 5289
      1 5290
      2 5291
      3 5292
      3 5293
      3 5294
      2 5295
      1 5296
      2 5297
      2 5298
      1 5299
      2 5300
      3 5301
      1 5302
      2 5303
      2 5305
      1 5306
      4 5308
      1 5310
      2 5311
      1 5312
      2 5313
      2 5316
      2 5317
      3 5318
      1 5320
      1 5321
      3 5322
      1 5324
      2 5325
      3 5326
      1 5327
      3 5328
      3 5329
      6 5331
      3 5332
      1 5333
      3 5334
      2 5335
      1 5336
      2 5337
      2 5339
      3 5340
      3 5341
      5 5342
      1 5343
      1 5344
      1 5345
      2 5346
      2 5349
      3 5350
      4 5351
      2 5352
      3 5353
      3 5354
      2 5356
      3 5357
      1 5358
      1 5359
      4 5360
      1 5362
      2 5363
      1 5364
      3 5365
      5 5367
      3 5369
      1 5371
      4 5374
      3 5375
      3 5376
      2 5377
      2 5379
      3 5380
      3 5381
      1 5382
      1 5386
      1 5387
      2 5388
      3 5389
      2 5390
      1 5391
      1 5392
      2 5393
      1 5394
      1 5395
      3 5396
      6 5397
      3 5399
      4 5402
      1 5404
      1 5405
      2 5406
      1 5408
      3 5409
      1 5410
      3 5413
      1 5417
      3 5419
      2 5423
      2 5424
      1 5426
      2 5427
      1 5429
      1 5432
      1 5433
      5 5435
      3 5437
      1 5439
      1 5440
      2 5441
      2 5443
      1 5444
      2 5445
      1 5446
      1 5448
      2 5449
      1 5450
      1 5452
      1 5453
      1 5455
      4 5458
      1 5460
      2 5462
      1 5463
      2 5465
      1 5466
      1 5468
      4 5470
      1 5472
      1 5473
      1 5474
      1 5475
      1 5476
      1 5478
      1 5480
      1 5481
      1 5483
      1 5486
      1 5487
      1 5488
      1 5491
      1 5493
      2 5494
      1 5495
      1 5496
      2 5498
      1 5499
      2 5500
      1 5502
      1 5505
      2 5508
      1 5509
      1 5510
      2 5511
      1 5518
      3 5519
      1 5520
      2 5521
      1 5522
      1 5524
      1 5525
      1 5526
      2 5528
      1 5529
      1 5530
      2 5531
      1 5534
      2 5535
      1 5536
      4 5537
      2 5538
      3 5539
      2 5540
      2 5541
      4 5542
      1 5543
      1 5544
      3 5545
      1 5547
      4 5548
      4 5549
      1 5550
      1 5551
      2 5553
      1 5554
      2 5555
      1 5557
      2 5558
      1 5560
      2 5561
      1 5563
      1 5564
      2 5565
      1 5566
      2 5567
      3 5569
      2 5570
      3 5572
      1 5574
      1 5575
      1 5576
      1 5577
      2 5579
      1 5580
      3 5581
      2 5582
      1 5583
      4 5584
      1 5585
      1 5586
      2 5587
      2 5588
      2 5590
      1 5594
      1 5596
      1 5598
      2 5599
      1 5600
      1 5602
      1 5603
      1 5604
      2 5605
      2 5606
      2 5607
      2 5608
      1 5609
      2 5610
      2 5611
      2 5612
      2 5613
      1 5614
      2 5615
      2 5616
      2 5617
      2 5620
      1 5621
      1 5622
      1 5623
      1 5625
      1 5626
      1 5627
      2 5629
      2 5632
      1 5633
      3 5635
      3 5636
      4 5637
      2 5638
      2 5641
      1 5643
      1 5646
      2 5647
      2 5648
      1 5649
      2 5653
      2 5654
      1 5655
      1 5657
      1 5658
      1 5659
      1 5660
      1 5661
      2 5665
      2 5666
      1 5668
      1 5670
      2 5671
      2 5672
      2 5673
      2 5674
      1 5675
      2 5677
      3 5679
      1 5680
      1 5682
      2 5683
      1 5685
      2 5688
      1 5689
      1 5690
      4 5691
      1 5692
      2 5693
      2 5695
      2 5696
      1 5698
      1 5700
      1 5703
      1 5704
      1 5707
      1 5712
      1 5716
      1 5717
      2 5718
      2 5720
      6 5721
      2 5724
      3 5725
      1 5726
      4 5729
      1 5730
      1 5731
      2 5732
      1 5733
      1 5734
      1 5735
      1 5737
      3 5738
      2 5740
      2 5741
      1 5742
      1 5744
      1 5745
      2 5747
      1 5748
      1 5749
      1 5750
      2 5754
      1 5755
      1 5757
      2 5758
      1 5759
      1 5760
      3 5761
      2 5762
      2 5764
      1 5766
      1 5767
      1 5768
      2 5770
      2 5771
      3 5772
      3 5773
      2 5774
      2 5778
      1 5779
      2 5781
      3 5782
      1 5783
      2 5785
      1 5788
      3 5789
      1 5791
      1 5793
      2 5794
      1 5795
      1 5797
      2 5799
      2 5800
      1 5801
      1 5802
      2 5805
      3 5806
      2 5809
      2 5812
      1 5813
      1 5814
      1 5817
      1 5818
      1 5819
      2 5821
      1 5823
      1 5827
      1 5829
      2 5830
      1 5831
      2 5833
      1 5835
      2 5836
      1 5837
      3 5838
      2 5839
      1 5840
      1 5841
      2 5843
      1 5844
      2 5845
      2 5847
      1 5849
      1 5850
      2 5851
      1 5852
      2 5853
      1 5854
      1 5855
      1 5856
      2 5857
      6 5858
      3 5859
      2 5860
      2 5861
      2 5862
      2 5864
      2 5865
      3 5867
      2 5868
      1 5869
      1 5870
      1 5871
      2 5873
      2 5874
      1 5875
      1 5876
      2 5880
      2 5881
      1 5884
      2 5885
      1 5887
      1 5888
      1 5889
      2 5890
      1 5892
      2 5894
      3 5895
      2 5896
      3 5897
      2 5898
      3 5901
      2 5902
      2 5903
      2 5905
      1 5906
      2 5908
      2 5909
      3 5910
      3 5911
      2 5912
      1 5914
      1 5915
      1 5916
      3 5917
      5 5919
      1 5920
      2 5921
      1 5922
      1 5924
      1 5925
      2 5927
      3 5928
      2 5929
      1 5930
      1 5932
      1 5933
      1 5934
      1 5936
      1 5937
      3 5938
      1 5940
      2 5942
      1 5943
      1 5944
      1 5947
      1 5948
      2 5949
      2 5950
      3 5951
      1 5952
      1 5953
      1 5954
      3 5955
      1 5956
      1 5958
      1 5959
      1 5960
      1 5961
      1 5962
      1 5963
      1 5967
      1 5969
      2 5970
      1 5972
      1 5973
      2 5974
      1 5975
      1 5976
      1 5977
      1 5978
      1 5979
      1 5980
      1 5983
      2 5984
      1 5986
      1 5988
      4 5989
      1 5990
      1 5991
      1 5993
      2 5994
      2 5998
      2 5999
      1 6000
      1 6003
      1 6007
      4 6008
      3 6010
      1 6011
      1 6012
      2 6013
      1 6014
      3 6016
      1 6020
      3 6021
      3 6023
      1 6025
      4 6026
      1 6028
      1 6029
      3 6031
      1 6032
      2 6033
      3 6034
      1 6035
      1 6036
      5 6037
      2 6039
      2 6040
      1 6041
      1 6042
      1 6043
      1 6046
      1 6047
      1 6051
      2 6052
      1 6053
      3 6054
      5 6055
      1 6056
      3 6057
      1 6058
      1 6060
      1 6061
      1 6062
      1 6063
      2 6064
      1 6067
      2 6068
      1 6069
      1 6070
      2 6072
      4 6074
      1 6075
      2 6077
      1 6078
      1 6079
      2 6080
      2 6082
      1 6083
      2 6085
      1 6086
      2 6087
      1 6089
      2 6090
      2 6091
      2 6092
      1 6093
      1 6094
      2 6095
      2 6097
      2 6099
      3 6101
      2 6102
      2 6104
      3 6106
      1 6107
      2 6108
      2 6109
      3 6110
      2 6113
      1 6114
      1 6116
      1 6118
      2 6119
      1 6123
      3 6125
      1 6126
      2 6127
      1 6129
      1 6130
      2 6132
      3 6139
      1 6141
      3 6142
      2 6144
      2 6145
      1 6146
      1 6147
      1 6151
      1 6152
      1 6154
      3 6159
      1 6160
      1 6161
      1 6162
      1 6164
      3 6166
      1 6167
      2 6172
      1 6173
      1 6174
      1 6176
      1 6178
      2 6181
      3 6184
      1 6187
      1 6192
      1 6194
      1 6195
      2 6197
      1 6201
      1 6204
      1 6205
      3 6206
      1 6209
      1 6211
      1 6213
      1 6214
      1 6215
      1 6217
      1 6218
      1 6219
      1 6220
      2 6221
      1 6222
      1 6224
      1 6225
      2 6226
      1 6227
      1 6230
      1 6232
      1 6236
      1 6238
      1 6239
      1 6241
      1 6243
      2 6245
      1 6250
      1 6252
      1 6253
      1 6254
      1 6259
      1 6261
      2 6269
      1 6285
      1 6286
      1 6288
      1 6291
      2 6295
      1 6296
      1 6298
      1 6300
      1 6302
      1 6307
      1 6318
      1 6324
      2 6334
      1 6335
      1 6339
      2 6342
      1 6352
      1 6353
      1 6358
      1 6359
      1 6363
      1 6366
      1 6371
      1 6372
      1 6378
      1 6381
      1 6388
      1 6390
      1 6398
      1 6399
      1 6400
      1 6403
      1 6407
      1 6412
      1 6418
      1 6419
      1 6421
      1 6422
      1 6423
      1 6424
      1 6427
      1 6441
      1 6449
      1 6450
      1 6453
      1 6456
      1 6461
      1 6465
      1 6471
      1 6472
      1 6478
      2 6486
      1 6493
      1 6502
      1 6503
      1 6504
      1 6515
      1 6520
      1 6526
      1 6532
      1 6535
      2 6536
      1 6538
      2 6541
      1 6555
      1 6565
      1 6567
      1 6568
      1 6573
      1 6583
      1 6585
      1 6586
      1 6592
      2 6595
      1 6601
      1 6613
      1 6614
      1 6616
      1 6620
      1 6635
      1 6640
      1 6642
      2 6645
      1 6649
      1 6650
      1 6660
      1 6662
      1 6666
      1 6668
      1 6670
      1 6672
      1 6675
      2 6682
      1 6689
      1 6694
      1 6697
      1 6704
      2 6706
      2 6712
      1 6714
      1 6718
      3 6719
      1 6723
      1 6730
      1 6732
      1 6738
      2 6740
      1 6742
      1 6744
      1 6748
      2 6749
      1 6753
      1 6756
      2 6759
      1 6760
      2 6761
      1 6762
      1 6770
      1 6773
      1 6777
      1 6781
      1 6784
      1 6786
      1 6790
      1 6792
      2 6795
      1 6797
      1 6802
      1 6805
      1 6809
      1 6815
      1 6817
      1 6820
      1 6822
      2 6826
      3 6829
      1 6830
      1 6831
      1 6832
      1 6838
      1 6841
      2 6844
      2 6847
      1 6855
      1 6860
      2 6864
      1 6866
      1 6867
      2 6873
      2 6875
      2 6886
      1 6894
      1 6898
      1 6900
      1 6901
      1 6906
      2 6907
      1 6908
      1 6909
      1 6915
      2 6917
      1 6923
      1 6928
      1 6930
      1 6932
      1 6936
      1 6937
      1 6938
      1 6944
      1 6949
      2 6950
      2 6956
      1 6957
      2 6964
      1 6968
      1 6973
      3 6977
      1 6981
      1 6983
      1 6987
      1 6988
      1 6989
      1 6991
      1 6995
      1 7005
      2 7009
      1 7012
      1 7017
      1 7020
      1 7022
      1 7028
      1 7030
      1 7032
      2 7034
      1 7035
      1 7038
      2 7040
      3 7043
      2 7044
      1 7046
      2 7048
      1 7050
      1 7054
      1 7057
      1 7061
      1 7064
      2 7072
      1 7073
      1 7074
      2 7077
      1 7083
      2 7085
      1 7086
      1 7087
      1 7093
      2 7102
      1 7104
      1 7111
      1 7114
      2 7117
      1 7123
      1 7125
      1 7127
      3 7130
      1 7134
      1 7142
      1 7143
      2 7148
      1 7150
      1 7152
      1 7160
      1 7163
      1 7164
      1 7165
      1 7166
      1 7168
      2 7169
      1 7173
      1 7179
      1 7180
      1 7182
      1 7186
      1 7188
      1 7198
      1 7203
      1 7204
      1 7208
      2 7210
      1 7216
      1 7217
      1 7218
      1 7220
      1 7221
      1 7222
      1 7224
      1 7226
      1 7227
      1 7229
      1 7231
      1 7242
      1 7243
      1 7247
      1 7252
      1 7253
      1 7254
      1 7256
      2 7258
      2 7262
      1 7264
      1 7265
      1 7266
      2 7274
      1 7275
      1 7276
      1 7278
      1 7279
      1 7284
      2 7285
      1 7288
      1 7290
      1 7296
      1 7297
      1 7300
      1 7308
      2 7314
      1 7318
      2 7319
      2 7320
      1 7322
      2 7324
      1 7325
      1 7330
      1 7332
      1 7334
      1 7337
      1 7338
      2 7339
      2 7341
      1 7342
      1 7343
      1 7345
      1 7347
      1 7348
      1 7349
      1 7352
      1 7353
      1 7355
      1 7356
      1 7357
      1 7358
      2 7363
      2 7364
      1 7365
      1 7368
      3 7369
      1 7379
      1 7381
      1 7391
      1 7394
      1 7395
      1 7396
      1 7397
      1 7399
      1 7400
      1 7401
      2 7402
      1 7410
      1 7412
      1 7414
      1 7420
      1 7423
      1 7425
      2 7427
      1 7428
      2 7435
      1 7445
      1 7448
      1 7453
      1 7454
      1 7455
      1 7458
      1 7461
      1 7462
      1 7464
      1 7465
      2 7466
      1 7471
      1 7474
      1 7475
      2 7476
      1 7479
      1 7482
      1 7485
      1 7486
      1 7495
      1 7502
      2 7504
      1 7505
      1 7507
      1 7521
      1 7527
      1 7530
      1 7535
      2 7537
      1 7542
      1 7546
      1 7549
      1 7550
      1 7553
      1 7557
      1 7565
      1 7569
      1 7570
      2 7571
      1 7574
      1 7578
      4 7579
      1 7582
      1 7585
      1 7590
      1 7594
      1 7595
      1 7596
      1 7602
      1 7603
      1 7606
      1 7609
      1 7613
      1 7614
      1 7617
      1 7621
      1 7622
      1 7627
      1 7629
      1 7630
      1 7633
      1 7641
      1 7646
      2 7648
      2 7649
      1 7652
      1 7653
      1 7654
      1 7662
      1 7674
      1 7678
      1 7679
      1 7680
      1 7684
      1 7686
      1 7688
      1 7697
      2 7702
      1 7703
      1 7704
      2 7707
      1 7708
      1 7718
      1 7720
      2 7728
      1 7732
      1 7734
      1 7736
      1 7738
      2 7739
      1 7740
      1 7743
      1 7745
      1 7746
      1 7748
      2 7752
      1 7756
      2 7757
      2 7761
      1 7763
      1 7764
      2 7768
      1 7770
      1 7772
      1 7773
      1 7778
      2 7781
      1 7782
      1 7785
      1 7789
      1 7792
      2 7794
      1 7799
      1 7803
      2 7804
      1 7810
      2 7811
      1 7812
      1 7814
      1 7815
      1 7817
      1 7820
      2 7822
      1 7825
      1 7831
      3 7832
      2 7833
      2 7835
      1 7843
      3 7846
      1 7847
      1 7848
      1 7851
      1 7856
      1 7859
      1 7863
      1 7864
      1 7869
      1 7871
      1 7873
      1 7874
      3 7879
      2 7880
      1 7882
      2 7884
      1 7885
      3 7886
      2 7887
      1 7888
      1 7889
      2 7890
      1 7892
      1 7893
      3 7894
      2 7895
      2 7898
      2 7899
      5 7900
      3 7901
      2 7903
      1 7904
      4 7905
      1 7906
      3 7907
      5 7908
      5 7909
      4 7910
      3 7911
      4 7912
      1 7913
      2 7914
      5 7915
      3 7916
      5 7917
      6 7918
      4 7919
      1 7920
      3 7921
      2 7922
      5 7923
      4 7924
      3 7925
      3 7926
      4 7927
      7 7928
      6 7929
      4 7930
      3 7931
      9 7932
      5 7933
      4 7934
      5 7935
      7 7936
     11 7937
      4 7938
      5 7939
      4 7940
      5 7941
      4 7942
      5 7943
      9 7944
      5 7945
      2 7946
      4 7947
      6 7948
      3 7949
      3 7950
      4 7951
      6 7952
      6 7953
      3 7954
      1 7955
      2 7956
      2 7957
      2 7958
      3 7959
      2 7961
      1 7962
      3 7963
      1 7964
      2 7965
      2 7966
      1 7967
      2 7970
      2 7971
      3 7972
      6 7973
      1 7974
      4 7975
      2 7976
      3 7977
      6 7978
      5 7980
      5 7982
      2 7983
      2 7984
      1 7985
      4 7986
      3 7987
      1 7988
      3 7989
      1 7990
      1 7992
