 200552 0
82019772 1
174357349 2
283663562 3
377651645 4
426157752 5
416397094 6
358636628 7
276094386 8
192273000 9
122417048 10
72051958 11
39708235 12
20712069 13
10464779 14
5256531 15
2764673 16
1584463 17
1022111 18
 732235 19
 572764 20
 476116 21
 403028 22
 350736 23
 309550 24
 274671 25
 244037 26
 222668 27
 200524 28
 182591 29
 167871 30
 154513 31
 142688 32
 130377 33
 120704 34
 109856 35
 101782 36
  93360 37
  85151 38
  78085 39
  72495 40
  66527 41
  60670 42
  56390 43
  52523 44
  48790 45
  46099 46
  42552 47
  40757 48
  38349 49
  36452 50
  34348 51
  33026 52
  31800 53
  30375 54
  29583 55
  28519 56
  28020 57
  26826 58
  25800 59
  24951 60
  24587 61
  23327 62
  23161 63
  22340 64
  22024 65
  21341 66
  20095 67
  20256 68
  19761 69
  18851 70
  18081 71
  17832 72
  16954 73
  16099 74
  15835 75
  15740 76
  15357 77
  14932 78
  14370 79
  14261 80
  13925 81
  13639 82
  13540 83
  13393 84
  13097 85
  12734 86
  12760 87
  12453 88
  12334 89
  12102 90
  11791 91
  11711 92
  11304 93
  11213 94
  10806 95
  10749 96
  10628 97
  10446 98
  10276 99
  10234 100
  10165 101
   9850 102
   9842 103
   9748 104
   9373 105
   9430 106
   9260 107
   9407 108
   9075 109
   8989 110
   8838 111
   8603 112
   8569 113
   8509 114
   8195 115
   8302 116
   8059 117
   8253 118
   7997 119
   8075 120
   7988 121
   7749 122
   7842 123
   7716 124
   7628 125
   7664 126
   7504 127
   7709 128
   7736 129
   7442 130
   7341 131
   7503 132
   7512 133
   7317 134
   7167 135
   7387 136
   7273 137
   7107 138
   7222 139
   7070 140
   7102 141
   6997 142
   7145 143
   7207 144
   7195 145
   7136 146
   7155 147
   7045 148
   7092 149
   7025 150
   7093 151
   7087 152
   7149 153
   7151 154
   7048 155
   6995 156
   6937 157
   6783 158
   7012 159
   6838 160
   6732 161
   7043 162
   6890 163
   6957 164
   6821 165
   6738 166
   6793 167
   6752 168
   6622 169
   6696 170
   6418 171
   6507 172
   6469 173
   6477 174
   6425 175
   6529 176
   6325 177
   6350 178
   6280 179
   6143 180
   6067 181
   6096 182
   5952 183
   5991 184
   5941 185
   5875 186
   5743 187
   5873 188
   5724 189
   5865 190
   5690 191
   5501 192
   5353 193
   5142 194
   5076 195
   5004 196
   4947 197
   4776 198
   4782 199
   4726 200
   4520 201
   4597 202
   4445 203
   4293 204
   4261 205
   4154 206
   4166 207
   4015 208
   3936 209
   3903 210
   3806 211
   3812 212
   3748 213
   3838 214
   3768 215
   3621 216
   3546 217
   3522 218
   3337 219
   3367 220
   3328 221
   3306 222
   3305 223
   3265 224
   3215 225
   3001 226
   3092 227
   3034 228
   3096 229
   3063 230
   2992 231
   2912 232
   2886 233
   2897 234
   2873 235
   2827 236
   2799 237
   2750 238
   2718 239
   2706 240
   2631 241
   2646 242
   2581 243
   2589 244
   2555 245
   2596 246
   2569 247
   2565 248
   2492 249
   2427 250
   2336 251
   2335 252
   2386 253
   2335 254
   2264 255
   2340 256
   2292 257
   2213 258
   2261 259
   2175 260
   2150 261
   2125 262
   2092 263
   2076 264
   2068 265
   2073 266
   1998 267
   1982 268
   2007 269
   2017 270
   2009 271
   1985 272
   1888 273
   1964 274
   1973 275
   1947 276
   1954 277
   1904 278
   1908 279
   1961 280
   1926 281
   1881 282
   1835 283
   1829 284
   1857 285
   1929 286
   1901 287
   1886 288
   1866 289
   1840 290
   1844 291
   1868 292
   1717 293
   1734 294
   1724 295
   1822 296
   1632 297
   1770 298
   1662 299
   1695 300
   1668 301
   1709 302
   1607 303
   1747 304
   1660 305
   1663 306
   1732 307
   1633 308
   1663 309
   1630 310
   1611 311
   1609 312
   1598 313
   1557 314
   1620 315
   1546 316
   1626 317
   1560 318
   1576 319
   1525 320
   1548 321
   1507 322
   1572 323
   1563 324
   1535 325
   1570 326
   1505 327
   1530 328
   1527 329
   1429 330
   1430 331
   1361 332
   1461 333
   1407 334
   1416 335
   1416 336
   1407 337
   1449 338
   1439 339
   1395 340
   1367 341
   1389 342
   1362 343
   1373 344
   1402 345
   1408 346
   1411 347
   1401 348
   1382 349
   1357 350
   1473 351
   1456 352
   1339 353
   1421 354
   1382 355
   1366 356
   1330 357
   1282 358
   1316 359
   1260 360
   1336 361
   1296 362
   1279 363
   1241 364
   1288 365
   1234 366
   1161 367
   1231 368
   1273 369
   1201 370
   1212 371
   1173 372
   1280 373
   1232 374
   1248 375
   1248 376
   1180 377
   1210 378
   1110 379
   1188 380
   1134 381
   1073 382
   1115 383
   1018 384
   1105 385
   1135 386
   1094 387
   1059 388
   1001 389
   1106 390
   1083 391
   1035 392
   1042 393
   1110 394
   1055 395
   1032 396
   1063 397
   1127 398
   1081 399
   1078 400
   1102 401
   1041 402
   1005 403
   1019 404
   1002 405
    997 406
   1070 407
    994 408
   1000 409
   1046 410
   1014 411
   1033 412
   1038 413
   1001 414
   1066 415
   1033 416
    950 417
    927 418
    987 419
   1015 420
    954 421
    927 422
    936 423
    883 424
    945 425
    895 426
    896 427
    935 428
    913 429
    903 430
    876 431
    967 432
    934 433
    899 434
    883 435
    906 436
    888 437
    888 438
    925 439
    869 440
    906 441
    942 442
    837 443
    861 444
    888 445
    852 446
    849 447
    792 448
    786 449
    753 450
    816 451
    825 452
    801 453
    794 454
    800 455
    780 456
    789 457
    826 458
    790 459
    773 460
    720 461
    725 462
    759 463
    726 464
    757 465
    752 466
    754 467
    729 468
    731 469
    732 470
    758 471
    710 472
    720 473
    725 474
    677 475
    712 476
    701 477
    714 478
    746 479
    686 480
    709 481
    726 482
    693 483
    684 484
    678 485
    686 486
    686 487
    657 488
    709 489
    638 490
    705 491
    681 492
    680 493
    643 494
    676 495
    673 496
    675 497
    638 498
    630 499
    662 500
    625 501
    631 502
    613 503
    613 504
    663 505
    599 506
    604 507
    569 508
    615 509
    589 510
    583 511
    624 512
    573 513
    608 514
    566 515
    550 516
    611 517
    543 518
    574 519
    589 520
    521 521
    556 522
    585 523
    610 524
    558 525
    581 526
    594 527
    564 528
    540 529
    566 530
    566 531
    580 532
    543 533
    525 534
    529 535
    554 536
    508 537
    524 538
    492 539
    503 540
    563 541
    550 542
    520 543
    553 544
    565 545
    517 546
    499 547
    510 548
    577 549
    546 550
    549 551
    528 552
    526 553
    498 554
    523 555
    497 556
    489 557
    512 558
    518 559
    479 560
    509 561
    551 562
    512 563
    483 564
    488 565
    494 566
    533 567
    487 568
    469 569
    514 570
    465 571
    547 572
    488 573
    513 574
    473 575
    504 576
    524 577
    519 578
    501 579
    482 580
    456 581
    474 582
    491 583
    494 584
    492 585
    493 586
    492 587
    483 588
    478 589
    440 590
    498 591
    501 592
    506 593
    501 594
    474 595
    539 596
    507 597
    453 598
    467 599
    552 600
    496 601
    429 602
    465 603
    469 604
    486 605
    468 606
    489 607
    463 608
    432 609
    469 610
    491 611
    442 612
    470 613
    457 614
    433 615
    475 616
    459 617
    457 618
    487 619
    450 620
    470 621
    456 622
    453 623
    436 624
    423 625
    427 626
    464 627
    408 628
    406 629
    470 630
    462 631
    454 632
    449 633
    448 634
    426 635
    407 636
    443 637
    428 638
    438 639
    403 640
    414 641
    376 642
    383 643
    397 644
    360 645
    397 646
    375 647
    395 648
    408 649
    358 650
    406 651
    370 652
    356 653
    374 654
    374 655
    368 656
    359 657
    364 658
    354 659
    334 660
    341 661
    373 662
    358 663
    344 664
    347 665
    338 666
    345 667
    335 668
    323 669
    357 670
    349 671
    354 672
    349 673
    373 674
    310 675
    328 676
    345 677
    337 678
    353 679
    341 680
    313 681
    327 682
    324 683
    295 684
    332 685
    321 686
    325 687
    356 688
    349 689
    316 690
    333 691
    338 692
    306 693
    349 694
    337 695
    338 696
    329 697
    325 698
    332 699
    305 700
    336 701
    334 702
    336 703
    282 704
    277 705
    310 706
    297 707
    323 708
    277 709
    312 710
    354 711
    322 712
    298 713
    317 714
    325 715
    265 716
    329 717
    301 718
    335 719
    320 720
    281 721
    302 722
    295 723
    288 724
    279 725
    302 726
    296 727
    273 728
    282 729
    297 730
    281 731
    280 732
    268 733
    272 734
    288 735
    290 736
    307 737
    280 738
    308 739
    290 740
    349 741
    310 742
    281 743
    287 744
    301 745
    305 746
    251 747
    309 748
    300 749
    290 750
    298 751
    284 752
    317 753
    292 754
    278 755
    281 756
    285 757
    296 758
    258 759
    310 760
    307 761
    290 762
    248 763
    313 764
    279 765
    259 766
    273 767
    303 768
    267 769
    293 770
    290 771
    293 772
    276 773
    269 774
    291 775
    264 776
    272 777
    298 778
    275 779
    256 780
    286 781
    262 782
    291 783
    296 784
    286 785
    244 786
    262 787
    292 788
    277 789
    253 790
    227 791
    244 792
    234 793
    234 794
    281 795
    240 796
    267 797
    256 798
    290 799
    253 800
    229 801
    276 802
    290 803
    274 804
    259 805
    277 806
    266 807
    265 808
    261 809
    289 810
    245 811
    240 812
    238 813
    253 814
    287 815
    264 816
    261 817
    248 818
    256 819
    255 820
    262 821
    219 822
    235 823
    234 824
    238 825
    273 826
    228 827
    237 828
    273 829
    220 830
    242 831
    239 832
    227 833
    255 834
    191 835
    246 836
    226 837
    249 838
    226 839
    242 840
    242 841
    259 842
    236 843
    241 844
    248 845
    264 846
    257 847
    240 848
    245 849
    274 850
    227 851
    254 852
    212 853
    256 854
    260 855
    223 856
    273 857
    231 858
    231 859
    243 860
    263 861
    257 862
    232 863
    205 864
    258 865
    253 866
    232 867
    213 868
    236 869
    242 870
    208 871
    259 872
    260 873
    215 874
    210 875
    238 876
    243 877
    229 878
    228 879
    211 880
    232 881
    231 882
    231 883
    248 884
    219 885
    225 886
    208 887
    213 888
    240 889
    229 890
    230 891
    254 892
    231 893
    206 894
    206 895
    205 896
    216 897
    207 898
    238 899
    229 900
    242 901
    215 902
    216 903
    199 904
    238 905
    188 906
    228 907
    209 908
    209 909
    206 910
    229 911
    199 912
    249 913
    200 914
    201 915
    212 916
    188 917
    243 918
    231 919
    203 920
    205 921
    222 922
    222 923
    234 924
    205 925
    208 926
    211 927
    207 928
    196 929
    241 930
    226 931
    230 932
    208 933
    200 934
    235 935
    219 936
    198 937
    224 938
    212 939
    217 940
    225 941
    211 942
    249 943
    235 944
    236 945
    206 946
    200 947
    191 948
    223 949
    201 950
    192 951
    214 952
    247 953
    235 954
    212 955
    217 956
    206 957
    212 958
    210 959
    196 960
    202 961
    202 962
    229 963
    207 964
    218 965
    205 966
    209 967
    207 968
    198 969
    224 970
    220 971
    220 972
    211 973
    200 974
    237 975
    216 976
    238 977
    231 978
    197 979
    200 980
    224 981
    224 982
    199 983
    219 984
    198 985
    215 986
    208 987
    217 988
    173 989
    200 990
    190 991
    205 992
    202 993
    191 994
    189 995
    193 996
    202 997
    193 998
    168 999
    175 1000
    204 1001
    189 1002
    187 1003
    213 1004
    187 1005
    212 1006
    194 1007
    200 1008
    204 1009
    189 1010
    201 1011
    199 1012
    204 1013
    218 1014
    205 1015
    200 1016
    193 1017
    184 1018
    206 1019
    192 1020
    175 1021
    180 1022
    239 1023
    197 1024
    177 1025
    211 1026
    188 1027
    199 1028
    210 1029
    202 1030
    192 1031
    217 1032
    177 1033
    181 1034
    178 1035
    202 1036
    198 1037
    223 1038
    182 1039
    186 1040
    191 1041
    213 1042
    203 1043
    176 1044
    157 1045
    185 1046
    191 1047
    195 1048
    186 1049
    184 1050
    171 1051
    194 1052
    205 1053
    197 1054
    180 1055
    186 1056
    167 1057
    206 1058
    199 1059
    219 1060
    210 1061
    194 1062
    196 1063
    184 1064
    183 1065
    183 1066
    208 1067
    178 1068
    217 1069
    196 1070
    197 1071
    190 1072
    172 1073
    182 1074
    189 1075
    165 1076
    176 1077
    207 1078
    188 1079
    198 1080
    185 1081
    194 1082
    183 1083
    163 1084
    170 1085
    186 1086
    181 1087
    173 1088
    190 1089
    162 1090
    173 1091
    190 1092
    174 1093
    184 1094
    180 1095
    179 1096
    194 1097
    173 1098
    160 1099
    157 1100
    184 1101
    168 1102
    176 1103
    160 1104
    182 1105
    176 1106
    190 1107
    191 1108
    196 1109
    158 1110
    200 1111
    169 1112
    166 1113
    175 1114
    167 1115
    180 1116
    176 1117
    174 1118
    192 1119
    153 1120
    170 1121
    191 1122
    206 1123
    171 1124
    152 1125
    148 1126
    183 1127
    179 1128
    199 1129
    179 1130
    191 1131
    209 1132
    170 1133
    167 1134
    179 1135
    183 1136
    182 1137
    179 1138
    188 1139
    190 1140
    167 1141
    182 1142
    156 1143
    174 1144
    183 1145
    192 1146
    155 1147
    159 1148
    174 1149
    155 1150
    159 1151
    180 1152
    163 1153
    178 1154
    166 1155
    171 1156
    162 1157
    196 1158
    169 1159
    141 1160
    175 1161
    164 1162
    188 1163
    189 1164
    184 1165
    147 1166
    146 1167
    177 1168
    160 1169
    195 1170
    182 1171
    161 1172
    163 1173
    155 1174
    163 1175
    173 1176
    164 1177
    152 1178
    155 1179
    163 1180
    146 1181
    150 1182
    162 1183
    162 1184
    147 1185
    194 1186
    162 1187
    166 1188
    172 1189
    151 1190
    164 1191
    173 1192
    182 1193
    172 1194
    170 1195
    157 1196
    183 1197
    185 1198
    162 1199
    184 1200
    169 1201
    182 1202
    188 1203
    156 1204
    155 1205
    172 1206
    186 1207
    172 1208
    172 1209
    150 1210
    170 1211
    142 1212
    156 1213
    179 1214
    181 1215
    155 1216
    153 1217
    166 1218
    173 1219
    156 1220
    173 1221
    165 1222
    155 1223
    167 1224
    173 1225
    146 1226
    155 1227
    144 1228
    164 1229
    158 1230
    151 1231
    152 1232
    156 1233
    154 1234
    160 1235
    151 1236
    176 1237
    158 1238
    162 1239
    130 1240
    185 1241
    159 1242
    156 1243
    140 1244
    169 1245
    149 1246
    150 1247
    179 1248
    147 1249
    162 1250
    158 1251
    136 1252
    141 1253
    166 1254
    139 1255
    129 1256
    148 1257
    168 1258
    148 1259
    116 1260
    149 1261
    138 1262
    130 1263
    137 1264
    138 1265
    150 1266
    138 1267
    121 1268
    135 1269
    151 1270
    124 1271
    130 1272
    150 1273
    155 1274
    165 1275
    155 1276
    142 1277
    150 1278
    154 1279
    156 1280
    144 1281
    151 1282
    154 1283
    135 1284
    137 1285
    149 1286
    146 1287
    137 1288
    163 1289
    158 1290
    139 1291
    145 1292
    136 1293
    143 1294
    152 1295
    143 1296
    140 1297
    140 1298
    161 1299
    149 1300
    153 1301
    147 1302
    140 1303
    133 1304
    139 1305
    149 1306
    171 1307
    148 1308
    150 1309
    144 1310
    139 1311
    147 1312
    143 1313
    160 1314
    136 1315
    142 1316
    148 1317
    133 1318
    141 1319
    171 1320
    169 1321
    135 1322
    159 1323
    139 1324
    157 1325
    157 1326
    172 1327
    181 1328
    162 1329
    169 1330
    154 1331
    134 1332
    136 1333
    176 1334
    161 1335
    154 1336
    149 1337
    154 1338
    173 1339
    152 1340
    167 1341
    163 1342
    120 1343
    146 1344
    132 1345
    156 1346
    138 1347
    148 1348
    141 1349
    139 1350
    151 1351
    137 1352
    169 1353
    124 1354
    131 1355
    160 1356
    162 1357
    159 1358
    144 1359
    144 1360
    158 1361
    166 1362
    152 1363
    133 1364
    144 1365
    147 1366
    131 1367
    153 1368
    145 1369
    123 1370
    134 1371
    126 1372
    145 1373
    127 1374
    117 1375
    140 1376
    135 1377
    114 1378
    119 1379
    132 1380
    109 1381
    139 1382
    119 1383
    153 1384
    123 1385
    128 1386
    126 1387
    122 1388
    134 1389
    138 1390
    114 1391
    113 1392
    113 1393
    111 1394
    118 1395
    120 1396
    137 1397
    105 1398
    117 1399
    108 1400
    126 1401
    131 1402
    129 1403
    137 1404
    136 1405
    127 1406
    125 1407
    123 1408
    124 1409
    127 1410
    121 1411
    101 1412
    121 1413
    117 1414
    115 1415
    108 1416
    128 1417
    129 1418
    112 1419
    127 1420
    127 1421
    138 1422
    127 1423
    144 1424
    130 1425
    148 1426
    124 1427
    113 1428
    133 1429
    116 1430
    126 1431
    133 1432
    129 1433
    125 1434
    118 1435
    116 1436
    140 1437
    101 1438
    146 1439
    140 1440
    140 1441
    146 1442
    133 1443
    113 1444
    132 1445
    125 1446
    123 1447
    135 1448
    135 1449
    127 1450
    126 1451
    104 1452
    134 1453
    137 1454
    137 1455
    138 1456
    134 1457
    128 1458
    136 1459
    120 1460
    128 1461
    138 1462
    125 1463
    136 1464
    124 1465
    129 1466
    121 1467
    130 1468
    141 1469
    131 1470
    120 1471
    131 1472
    128 1473
    127 1474
    119 1475
    127 1476
    124 1477
    113 1478
    124 1479
     93 1480
    118 1481
    120 1482
    110 1483
    120 1484
    115 1485
    118 1486
    127 1487
    130 1488
    124 1489
    124 1490
    108 1491
    131 1492
    135 1493
    109 1494
    135 1495
    133 1496
    143 1497
     99 1498
    121 1499
    127 1500
    122 1501
    122 1502
    101 1503
    108 1504
    125 1505
    105 1506
    119 1507
    107 1508
    105 1509
    122 1510
    108 1511
    123 1512
     92 1513
    110 1514
    104 1515
    111 1516
    112 1517
    132 1518
     99 1519
    102 1520
    117 1521
    120 1522
    124 1523
    112 1524
    110 1525
    124 1526
    121 1527
    109 1528
    108 1529
    103 1530
    113 1531
    117 1532
    116 1533
    128 1534
    121 1535
    119 1536
    139 1537
    114 1538
    110 1539
    113 1540
     99 1541
    117 1542
    124 1543
    121 1544
    124 1545
    116 1546
    115 1547
    101 1548
    101 1549
    113 1550
    127 1551
    123 1552
    128 1553
     98 1554
    113 1555
    101 1556
    109 1557
    121 1558
    115 1559
    109 1560
    105 1561
    106 1562
     91 1563
    114 1564
     98 1565
     91 1566
    124 1567
    109 1568
    102 1569
    105 1570
    109 1571
    122 1572
    115 1573
    102 1574
     98 1575
    118 1576
    106 1577
    106 1578
    109 1579
     98 1580
    111 1581
    117 1582
     94 1583
    105 1584
     95 1585
    107 1586
    108 1587
    101 1588
    114 1589
     97 1590
    104 1591
     96 1592
    117 1593
     87 1594
    101 1595
     82 1596
     82 1597
     93 1598
     80 1599
     87 1600
    111 1601
    112 1602
     99 1603
     89 1604
     84 1605
     96 1606
    110 1607
     81 1608
     98 1609
    107 1610
     89 1611
    103 1612
     78 1613
     73 1614
    101 1615
     92 1616
     85 1617
    104 1618
    101 1619
     96 1620
     98 1621
     91 1622
     88 1623
     84 1624
     98 1625
     92 1626
    103 1627
     92 1628
     85 1629
     82 1630
     93 1631
     90 1632
     99 1633
    102 1634
     85 1635
     86 1636
     96 1637
    104 1638
     86 1639
    109 1640
     93 1641
     95 1642
    100 1643
     99 1644
    108 1645
     96 1646
    125 1647
     91 1648
     87 1649
    103 1650
     89 1651
     95 1652
    111 1653
     87 1654
     93 1655
    102 1656
     96 1657
     83 1658
     96 1659
     95 1660
     92 1661
    112 1662
     84 1663
     98 1664
     89 1665
    116 1666
     93 1667
     88 1668
     90 1669
     96 1670
     94 1671
     91 1672
     80 1673
     85 1674
     88 1675
    103 1676
    111 1677
     89 1678
     95 1679
     81 1680
     98 1681
    103 1682
     86 1683
     98 1684
     89 1685
     89 1686
    109 1687
     97 1688
     89 1689
    107 1690
     92 1691
     94 1692
     99 1693
    103 1694
    121 1695
    110 1696
    120 1697
     96 1698
     92 1699
     82 1700
     96 1701
    110 1702
     92 1703
     92 1704
    100 1705
     75 1706
     97 1707
     99 1708
     88 1709
     92 1710
     89 1711
     93 1712
    107 1713
    100 1714
    108 1715
     84 1716
     87 1717
     86 1718
     76 1719
     91 1720
    101 1721
     87 1722
     82 1723
     82 1724
     98 1725
    107 1726
     98 1727
     77 1728
     87 1729
    102 1730
     92 1731
     94 1732
     77 1733
     76 1734
     93 1735
     81 1736
     93 1737
     92 1738
    101 1739
     79 1740
     80 1741
     91 1742
     80 1743
     71 1744
     83 1745
     65 1746
     85 1747
     88 1748
     97 1749
    101 1750
     96 1751
     87 1752
     74 1753
     88 1754
     84 1755
     98 1756
    103 1757
     71 1758
     80 1759
     92 1760
     80 1761
    104 1762
     82 1763
     85 1764
     86 1765
    100 1766
     91 1767
     96 1768
     69 1769
     83 1770
     88 1771
     96 1772
     89 1773
     79 1774
     82 1775
     66 1776
     89 1777
     84 1778
     69 1779
    106 1780
     84 1781
     90 1782
     82 1783
     82 1784
     78 1785
     93 1786
     90 1787
     88 1788
     95 1789
     77 1790
     79 1791
     84 1792
    101 1793
     74 1794
     72 1795
     85 1796
     86 1797
     91 1798
     91 1799
     84 1800
     90 1801
     87 1802
     80 1803
     82 1804
     74 1805
     68 1806
     78 1807
     85 1808
     76 1809
     74 1810
     80 1811
     65 1812
     79 1813
     88 1814
     75 1815
     69 1816
     65 1817
     82 1818
     82 1819
     66 1820
     77 1821
     68 1822
     86 1823
     81 1824
     72 1825
     74 1826
     67 1827
     62 1828
     71 1829
     89 1830
     67 1831
     73 1832
     75 1833
     89 1834
     59 1835
     82 1836
     73 1837
     85 1838
     72 1839
     72 1840
     61 1841
     69 1842
    100 1843
     87 1844
     71 1845
     69 1846
     65 1847
     78 1848
     77 1849
     58 1850
     71 1851
     79 1852
     88 1853
     83 1854
     76 1855
     61 1856
     72 1857
     86 1858
     74 1859
     82 1860
     78 1861
     70 1862
     70 1863
     70 1864
     71 1865
     73 1866
     72 1867
     82 1868
     97 1869
     68 1870
     73 1871
     71 1872
     85 1873
     71 1874
     75 1875
     89 1876
     54 1877
     73 1878
     72 1879
     68 1880
     72 1881
     77 1882
     58 1883
     60 1884
     64 1885
     66 1886
     72 1887
     61 1888
     76 1889
     83 1890
     65 1891
     49 1892
     54 1893
     60 1894
     70 1895
     72 1896
     87 1897
     65 1898
     57 1899
     62 1900
     69 1901
     67 1902
     70 1903
     69 1904
     57 1905
     71 1906
     74 1907
     84 1908
     65 1909
     75 1910
     72 1911
     71 1912
     75 1913
     72 1914
     63 1915
     66 1916
     76 1917
     72 1918
     74 1919
     76 1920
     81 1921
     63 1922
     91 1923
     59 1924
     88 1925
     72 1926
     64 1927
     60 1928
     69 1929
     69 1930
     66 1931
     84 1932
     75 1933
     84 1934
     83 1935
     60 1936
     79 1937
     74 1938
     58 1939
     87 1940
     84 1941
     64 1942
     65 1943
     61 1944
     65 1945
     62 1946
     77 1947
     73 1948
     65 1949
     62 1950
     67 1951
     70 1952
     78 1953
     70 1954
     71 1955
     77 1956
     71 1957
     70 1958
     79 1959
     79 1960
     81 1961
     71 1962
     76 1963
     63 1964
     90 1965
     89 1966
     93 1967
     67 1968
     82 1969
     73 1970
     82 1971
     82 1972
     78 1973
     53 1974
     97 1975
     70 1976
     69 1977
     89 1978
     74 1979
     79 1980
     82 1981
     78 1982
     84 1983
     75 1984
     63 1985
     74 1986
     88 1987
     81 1988
     63 1989
     77 1990
     68 1991
     77 1992
     78 1993
     87 1994
     69 1995
     79 1996
     59 1997
     85 1998
     71 1999
     77 2000
     83 2001
     74 2002
     73 2003
     70 2004
     75 2005
     61 2006
     75 2007
     68 2008
     58 2009
    101 2010
     72 2011
     77 2012
     72 2013
     64 2014
     69 2015
     81 2016
     78 2017
     75 2018
     64 2019
     85 2020
     89 2021
     73 2022
     83 2023
     74 2024
     74 2025
     72 2026
     80 2027
     68 2028
     90 2029
     95 2030
     70 2031
     61 2032
     70 2033
     64 2034
     70 2035
     86 2036
     67 2037
     98 2038
     77 2039
     76 2040
     71 2041
     76 2042
     83 2043
     65 2044
     79 2045
     86 2046
     80 2047
     81 2048
     77 2049
     63 2050
     70 2051
     78 2052
     93 2053
     75 2054
     90 2055
     73 2056
     84 2057
     80 2058
     71 2059
     80 2060
     86 2061
    104 2062
     73 2063
     66 2064
     72 2065
     80 2066
     82 2067
     79 2068
     73 2069
     80 2070
     81 2071
     88 2072
     61 2073
     90 2074
     85 2075
     69 2076
     83 2077
     86 2078
     77 2079
     95 2080
     92 2081
    102 2082
     81 2083
     82 2084
    101 2085
     76 2086
     72 2087
     81 2088
     69 2089
     85 2090
     79 2091
     83 2092
     88 2093
     81 2094
     85 2095
     81 2096
     72 2097
     79 2098
     82 2099
     71 2100
     74 2101
     88 2102
     78 2103
     63 2104
     70 2105
     70 2106
     76 2107
     59 2108
     88 2109
     77 2110
     73 2111
     77 2112
     87 2113
     69 2114
     70 2115
     72 2116
     83 2117
     74 2118
     82 2119
     78 2120
     91 2121
     79 2122
     82 2123
     92 2124
     80 2125
     94 2126
     81 2127
     77 2128
     87 2129
     82 2130
     72 2131
     76 2132
     89 2133
     82 2134
     81 2135
     81 2136
     74 2137
     75 2138
     79 2139
     82 2140
     74 2141
     67 2142
     83 2143
     71 2144
     88 2145
     66 2146
     75 2147
     95 2148
     85 2149
     57 2150
     73 2151
     78 2152
     69 2153
     95 2154
     72 2155
     79 2156
     71 2157
     73 2158
     77 2159
     78 2160
     89 2161
     84 2162
     70 2163
     81 2164
     83 2165
     73 2166
     79 2167
     71 2168
     74 2169
     91 2170
     71 2171
     68 2172
     65 2173
     89 2174
     62 2175
     65 2176
     62 2177
     74 2178
     71 2179
     78 2180
     71 2181
     80 2182
     79 2183
     88 2184
     65 2185
     69 2186
     75 2187
     65 2188
     76 2189
     72 2190
     63 2191
     74 2192
     67 2193
     66 2194
     59 2195
     63 2196
     56 2197
     65 2198
     74 2199
     68 2200
     59 2201
     77 2202
     65 2203
     76 2204
     63 2205
     66 2206
     73 2207
     59 2208
     67 2209
     60 2210
     50 2211
     57 2212
     65 2213
     60 2214
     74 2215
     65 2216
     73 2217
     79 2218
     66 2219
     66 2220
     77 2221
     63 2222
     64 2223
     76 2224
     66 2225
     71 2226
     69 2227
     69 2228
     70 2229
     64 2230
     65 2231
     55 2232
     65 2233
     56 2234
     74 2235
     64 2236
     78 2237
     76 2238
     73 2239
     74 2240
     68 2241
     58 2242
     55 2243
     57 2244
     60 2245
     73 2246
     66 2247
     63 2248
     71 2249
     65 2250
     78 2251
     66 2252
     71 2253
     77 2254
     67 2255
     73 2256
     66 2257
     78 2258
     78 2259
     75 2260
     58 2261
     81 2262
     81 2263
     65 2264
     59 2265
     68 2266
     77 2267
     62 2268
     62 2269
     66 2270
     64 2271
     75 2272
     62 2273
     55 2274
     79 2275
     68 2276
     58 2277
     60 2278
     87 2279
     72 2280
     62 2281
     72 2282
     74 2283
     55 2284
     50 2285
     69 2286
     52 2287
     59 2288
     49 2289
     65 2290
     47 2291
     56 2292
     63 2293
     67 2294
     54 2295
     73 2296
     59 2297
     74 2298
     43 2299
     53 2300
     50 2301
     45 2302
     55 2303
     60 2304
     63 2305
     46 2306
     67 2307
     49 2308
     40 2309
     46 2310
     39 2311
     45 2312
     50 2313
     51 2314
     46 2315
     55 2316
     70 2317
     46 2318
     56 2319
     54 2320
     55 2321
     62 2322
     33 2323
     39 2324
     51 2325
     53 2326
     60 2327
     44 2328
     46 2329
     32 2330
     36 2331
     42 2332
     37 2333
     49 2334
     57 2335
     43 2336
     35 2337
     40 2338
     38 2339
     54 2340
     54 2341
     55 2342
     42 2343
     60 2344
     39 2345
     40 2346
     49 2347
     40 2348
     36 2349
     48 2350
     54 2351
     42 2352
     40 2353
     35 2354
     50 2355
     38 2356
     38 2357
     30 2358
     38 2359
     38 2360
     46 2361
     52 2362
     42 2363
     39 2364
     53 2365
     46 2366
     44 2367
     32 2368
     48 2369
     39 2370
     38 2371
     47 2372
     40 2373
     37 2374
     37 2375
     36 2376
     44 2377
     24 2378
     55 2379
     41 2380
     27 2381
     45 2382
     35 2383
     37 2384
     41 2385
     41 2386
     44 2387
     50 2388
     43 2389
     39 2390
     53 2391
     37 2392
     46 2393
     32 2394
     46 2395
     49 2396
     34 2397
     39 2398
     29 2399
     39 2400
     36 2401
     51 2402
     39 2403
     41 2404
     36 2405
     38 2406
     46 2407
     27 2408
     43 2409
     36 2410
     31 2411
     22 2412
     34 2413
     33 2414
     39 2415
     27 2416
     42 2417
     43 2418
     38 2419
     37 2420
     29 2421
     45 2422
     33 2423
     34 2424
     41 2425
     19 2426
     32 2427
     38 2428
     33 2429
     31 2430
     32 2431
     34 2432
     38 2433
     32 2434
     40 2435
     35 2436
     36 2437
     32 2438
     40 2439
     36 2440
     37 2441
     33 2442
     27 2443
     27 2444
     32 2445
     38 2446
     30 2447
     32 2448
     26 2449
     24 2450
     36 2451
     36 2452
     28 2453
     25 2454
     31 2455
     24 2456
     43 2457
     41 2458
     28 2459
     35 2460
     41 2461
     33 2462
     36 2463
     31 2464
     31 2465
     25 2466
     34 2467
     33 2468
     27 2469
     31 2470
     30 2471
     39 2472
     28 2473
     23 2474
     33 2475
     38 2476
     33 2477
     27 2478
     35 2479
     36 2480
     36 2481
     30 2482
     36 2483
     41 2484
     28 2485
     33 2486
     30 2487
     36 2488
     41 2489
     35 2490
     37 2491
     23 2492
     33 2493
     23 2494
     26 2495
     29 2496
     26 2497
     36 2498
     34 2499
     24 2500
     38 2501
     30 2502
     22 2503
     30 2504
     28 2505
     32 2506
     31 2507
     38 2508
     28 2509
     21 2510
     22 2511
     27 2512
     29 2513
     30 2514
     19 2515
     38 2516
     30 2517
     35 2518
     30 2519
     40 2520
     33 2521
     28 2522
     36 2523
     23 2524
     36 2525
     30 2526
     29 2527
     21 2528
     26 2529
     22 2530
     32 2531
     24 2532
     32 2533
     31 2534
     25 2535
     34 2536
     23 2537
     25 2538
     29 2539
     30 2540
     30 2541
     25 2542
     19 2543
     24 2544
     25 2545
     27 2546
     31 2547
     22 2548
     25 2549
     35 2550
     27 2551
     34 2552
     23 2553
     22 2554
     22 2555
     24 2556
     24 2557
     31 2558
     29 2559
     32 2560
     32 2561
     27 2562
     17 2563
     18 2564
     29 2565
     28 2566
     22 2567
     26 2568
     26 2569
     27 2570
     29 2571
     28 2572
     22 2573
     25 2574
     29 2575
     23 2576
     32 2577
     17 2578
     31 2579
     34 2580
     30 2581
     21 2582
     33 2583
     35 2584
     28 2585
     21 2586
     20 2587
     28 2588
     36 2589
     27 2590
     36 2591
     16 2592
     25 2593
     23 2594
     26 2595
     27 2596
     32 2597
     36 2598
     22 2599
     19 2600
     32 2601
     26 2602
     33 2603
     24 2604
     22 2605
     27 2606
     24 2607
     29 2608
     34 2609
     28 2610
     21 2611
     25 2612
     31 2613
     22 2614
     33 2615
     20 2616
     27 2617
     24 2618
     35 2619
     24 2620
     21 2621
     27 2622
     26 2623
     31 2624
     21 2625
     18 2626
     26 2627
     24 2628
     16 2629
     23 2630
     15 2631
     17 2632
     21 2633
     26 2634
     20 2635
     27 2636
     40 2637
     18 2638
     18 2639
     22 2640
     27 2641
     18 2642
     28 2643
     18 2644
     27 2645
     25 2646
     19 2647
     18 2648
     22 2649
     20 2650
     24 2651
     23 2652
     22 2653
     20 2654
     20 2655
     17 2656
     18 2657
     16 2658
     24 2659
     18 2660
     22 2661
     19 2662
     29 2663
     21 2664
     20 2665
     22 2666
     17 2667
     19 2668
     27 2669
     18 2670
     18 2671
     14 2672
     17 2673
     22 2674
     17 2675
     23 2676
     19 2677
     24 2678
     19 2679
     15 2680
     17 2681
     21 2682
     17 2683
     16 2684
     17 2685
     21 2686
     17 2687
     16 2688
     18 2689
     21 2690
     14 2691
     20 2692
     27 2693
     24 2694
     14 2695
     21 2696
     16 2697
     22 2698
     18 2699
     20 2700
     19 2701
     19 2702
     30 2703
     16 2704
     12 2705
     26 2706
     18 2707
     18 2708
     23 2709
     22 2710
     20 2711
     14 2712
     24 2713
     22 2714
     23 2715
     19 2716
     20 2717
     21 2718
     19 2719
     21 2720
     22 2721
     23 2722
     16 2723
     17 2724
     26 2725
     19 2726
     23 2727
     22 2728
     14 2729
     23 2730
     11 2731
     25 2732
     26 2733
     16 2734
     20 2735
     21 2736
     19 2737
     17 2738
     24 2739
     15 2740
     24 2741
     26 2742
     17 2743
     20 2744
     20 2745
     26 2746
     23 2747
     13 2748
     24 2749
     30 2750
     23 2751
     23 2752
     18 2753
     23 2754
     30 2755
     25 2756
     20 2757
     19 2758
     19 2759
     21 2760
     21 2761
     29 2762
     14 2763
     30 2764
     20 2765
     25 2766
     18 2767
     16 2768
     26 2769
     22 2770
     18 2771
     19 2772
     17 2773
     22 2774
     25 2775
     15 2776
     26 2777
     20 2778
     23 2779
     24 2780
     17 2781
     23 2782
     25 2783
     16 2784
     29 2785
     28 2786
     19 2787
     13 2788
     17 2789
     18 2790
     26 2791
     18 2792
     19 2793
     21 2794
     23 2795
     21 2796
     22 2797
     14 2798
     21 2799
     19 2800
     18 2801
     19 2802
     23 2803
     30 2804
     19 2805
     20 2806
     13 2807
     15 2808
     20 2809
     21 2810
     16 2811
     19 2812
     24 2813
     18 2814
     21 2815
     22 2816
     18 2817
     10 2818
     24 2819
     18 2820
     18 2821
     15 2822
     15 2823
     17 2824
     19 2825
     23 2826
     24 2827
     20 2828
     19 2829
     18 2830
     18 2831
     20 2832
     18 2833
     24 2834
     21 2835
     20 2836
     19 2837
     19 2838
     17 2839
     19 2840
     19 2841
     22 2842
     14 2843
     22 2844
     22 2845
     18 2846
     15 2847
     15 2848
     14 2849
     12 2850
     17 2851
     20 2852
     23 2853
     20 2854
     12 2855
     22 2856
     25 2857
     15 2858
     14 2859
     32 2860
     22 2861
     16 2862
     14 2863
     20 2864
     20 2865
     16 2866
     15 2867
     22 2868
     17 2869
     16 2870
     20 2871
     15 2872
     14 2873
     25 2874
     12 2875
     19 2876
     20 2877
     18 2878
     13 2879
     16 2880
     13 2881
     15 2882
     18 2883
     21 2884
     22 2885
     16 2886
     16 2887
     28 2888
     18 2889
     25 2890
     12 2891
     13 2892
     18 2893
     15 2894
     16 2895
     21 2896
     13 2897
     20 2898
     23 2899
     13 2900
     26 2901
     20 2902
     16 2903
     21 2904
     16 2905
     15 2906
     14 2907
     19 2908
     17 2909
     16 2910
     17 2911
      9 2912
     14 2913
     16 2914
     20 2915
     15 2916
     12 2917
     10 2918
     16 2919
     14 2920
     10 2921
     12 2922
     24 2923
     13 2924
     19 2925
     24 2926
     21 2927
     13 2928
     18 2929
     16 2930
     14 2931
     12 2932
     17 2933
     24 2934
     20 2935
     18 2936
     18 2937
     12 2938
     15 2939
     16 2940
      9 2941
     15 2942
     16 2943
     17 2944
     18 2945
     21 2946
     14 2947
     12 2948
     17 2949
     22 2950
     10 2951
     13 2952
     13 2953
     17 2954
     19 2955
     10 2956
     10 2957
     16 2958
     14 2959
     15 2960
     16 2961
     16 2962
     16 2963
     13 2964
     29 2965
     14 2966
     23 2967
     11 2968
     17 2969
     19 2970
     18 2971
     20 2972
     14 2973
     16 2974
     14 2975
     25 2976
     15 2977
     14 2978
     13 2979
     15 2980
     11 2981
     20 2982
     17 2983
     16 2984
     14 2985
     17 2986
     16 2987
     19 2988
     16 2989
     19 2990
     16 2991
     14 2992
     15 2993
      9 2994
     10 2995
     15 2996
     18 2997
     18 2998
     18 2999
     14 3000
     11 3001
     18 3002
     14 3003
     13 3004
     17 3005
     17 3006
     15 3007
     16 3008
     24 3009
     18 3010
     16 3011
     15 3012
     16 3013
     19 3014
     12 3015
     15 3016
     13 3017
     21 3018
     19 3019
     18 3020
     20 3021
     19 3022
     16 3023
      9 3024
     22 3025
     15 3026
     18 3027
     11 3028
     14 3029
     22 3030
     15 3031
     11 3032
     14 3033
     14 3034
     14 3035
      8 3036
     16 3037
     19 3038
     13 3039
     18 3040
     10 3041
     13 3042
     14 3043
     19 3044
     17 3045
     17 3046
     16 3047
     19 3048
     19 3049
     13 3050
     18 3051
     17 3052
     16 3053
      9 3054
     21 3055
     12 3056
     16 3057
     16 3058
     18 3059
     14 3060
     12 3061
     14 3062
     20 3063
     17 3064
     16 3065
     14 3066
     13 3067
     18 3068
     14 3069
      7 3070
      8 3071
     23 3072
      8 3073
     10 3074
     15 3075
      9 3076
     17 3077
     12 3078
     11 3079
     16 3080
     16 3081
     16 3082
     16 3083
     17 3084
     10 3085
     13 3086
     10 3087
      9 3088
     10 3089
     13 3090
     14 3091
     16 3092
     18 3093
     12 3094
     15 3095
     12 3096
     13 3097
      8 3098
     14 3099
     21 3100
     13 3101
     14 3102
     20 3103
     13 3104
     15 3105
     15 3106
     10 3107
     16 3108
     13 3109
     14 3110
     17 3111
     10 3112
     18 3113
     11 3114
     13 3115
     14 3116
     10 3117
     23 3118
     10 3119
     13 3120
     22 3121
     20 3122
     17 3123
     13 3124
      9 3125
     20 3126
     22 3127
     13 3128
     15 3129
     16 3130
      7 3131
     16 3132
     12 3133
     13 3134
     14 3135
     14 3136
     16 3137
     22 3138
     18 3139
     16 3140
      4 3141
     13 3142
     10 3143
     20 3144
     14 3145
     15 3146
     16 3147
     17 3148
     11 3149
     16 3150
     16 3151
     22 3152
     11 3153
     10 3154
     14 3155
     12 3156
     13 3157
     16 3158
     17 3159
     20 3160
     12 3161
     21 3162
     11 3163
     21 3164
     17 3165
     20 3166
     19 3167
     16 3168
     15 3169
     20 3170
      9 3171
     14 3172
     23 3173
     12 3174
     13 3175
      9 3176
     21 3177
     12 3178
     14 3179
     13 3180
     13 3181
     13 3182
     11 3183
     10 3184
     12 3185
     12 3186
     14 3187
     18 3188
     17 3189
     11 3190
     13 3191
     17 3192
     22 3193
     15 3194
     18 3195
     17 3196
     19 3197
     11 3198
     17 3199
     13 3200
     20 3201
     19 3202
     12 3203
     13 3204
     15 3205
      9 3206
     16 3207
      5 3208
     11 3209
     15 3210
     14 3211
     17 3212
     17 3213
     18 3214
     10 3215
     12 3216
     14 3217
     14 3218
     15 3219
     19 3220
      9 3221
     15 3222
     18 3223
     15 3224
     10 3225
      9 3226
     13 3227
     11 3228
     11 3229
     10 3230
     14 3231
      8 3232
     18 3233
      8 3234
     13 3235
     15 3236
     10 3237
      6 3238
     14 3239
     12 3240
     13 3241
      9 3242
     16 3243
     10 3244
     14 3245
     10 3246
     11 3247
     18 3248
     15 3249
      7 3250
     14 3251
     17 3252
     11 3253
     10 3254
      9 3255
      9 3256
      7 3257
      9 3258
     10 3259
      8 3260
     15 3261
     17 3262
     11 3263
     12 3264
     11 3265
     16 3266
     12 3267
     11 3268
      5 3269
      8 3270
     16 3271
     10 3272
     10 3273
     11 3274
      8 3275
     16 3276
     12 3277
      6 3278
      7 3279
     13 3280
     10 3281
     13 3282
     15 3283
      7 3284
     16 3285
     10 3286
     13 3287
      9 3288
      4 3289
     17 3290
     14 3291
      9 3292
     10 3293
     15 3294
     10 3295
     13 3296
     13 3297
     13 3298
     13 3299
      8 3300
     10 3301
      7 3302
     18 3303
     14 3304
     11 3305
     14 3306
     12 3307
      4 3308
      8 3309
      8 3310
      9 3311
      7 3312
     12 3313
     13 3314
     13 3315
      6 3316
     15 3317
     14 3318
     14 3319
     15 3320
     16 3321
     10 3322
      7 3323
     19 3324
     11 3325
     20 3326
      9 3327
      9 3328
     11 3329
      7 3330
      6 3331
      8 3332
     11 3333
     11 3334
     12 3335
     12 3336
      8 3337
     12 3338
     15 3339
     11 3340
     12 3341
      9 3342
     11 3343
     11 3344
      9 3345
     18 3346
     15 3347
     14 3348
     10 3349
     15 3350
     13 3351
     19 3352
     18 3353
     17 3354
     15 3355
     18 3356
     14 3357
     15 3358
     15 3359
     14 3360
      6 3361
     14 3362
     13 3363
     10 3364
     14 3365
      9 3366
     12 3367
      9 3368
     14 3369
     15 3370
     11 3371
     12 3372
     12 3373
     12 3374
     20 3375
     11 3376
      8 3377
     12 3378
      9 3379
     16 3380
     17 3381
     14 3382
      8 3383
     13 3384
     15 3385
     12 3386
     12 3387
     11 3388
      9 3389
     15 3390
     12 3391
     11 3392
     11 3393
      6 3394
     19 3395
      7 3396
     13 3397
     14 3398
     15 3399
      6 3400
     16 3401
     14 3402
      9 3403
     15 3404
     15 3405
     13 3406
     13 3407
     23 3408
      6 3409
     15 3410
     11 3411
     14 3412
     11 3413
     10 3414
     12 3415
     16 3416
     10 3417
     16 3418
      9 3419
     14 3420
     10 3421
     11 3422
     12 3423
      9 3424
      9 3425
     11 3426
     13 3427
      7 3428
     14 3429
     14 3430
     13 3431
     11 3432
     14 3433
     19 3434
     11 3435
     15 3436
     19 3437
     12 3438
      9 3439
      9 3440
      6 3441
      8 3442
      7 3443
      9 3444
     16 3445
     13 3446
     14 3447
     12 3448
     16 3449
     12 3450
     12 3451
      6 3452
     13 3453
     11 3454
     12 3455
      9 3456
      9 3457
     10 3458
     12 3459
     13 3460
     11 3461
     14 3462
     12 3463
     13 3464
     11 3465
     11 3466
     13 3467
     17 3468
     10 3469
      7 3470
     10 3471
     23 3472
      5 3473
      7 3474
     14 3475
      5 3476
     14 3477
     12 3478
      6 3479
     12 3480
      8 3481
     10 3482
     12 3483
     11 3484
      6 3485
      7 3486
     13 3487
      8 3488
     10 3489
      6 3490
     16 3491
      9 3492
     15 3493
      6 3494
      9 3495
     11 3496
     15 3497
      6 3498
     10 3499
     14 3500
      9 3501
     11 3502
     11 3503
      5 3504
      9 3505
     14 3506
     16 3507
     10 3508
      3 3509
     11 3510
      9 3511
      8 3512
     10 3513
     13 3514
     11 3515
     14 3516
     13 3517
      8 3518
      4 3519
      7 3520
      9 3521
      8 3522
     11 3523
      3 3524
      6 3525
     11 3526
      7 3527
     12 3528
     10 3529
      7 3530
      8 3531
     11 3532
     11 3533
      7 3534
      9 3535
      9 3536
     12 3537
     13 3538
      4 3539
      5 3540
      8 3541
     11 3542
     13 3543
      8 3544
      9 3545
      8 3546
      7 3547
      4 3548
      6 3549
     12 3550
      3 3551
      9 3552
      8 3553
     11 3554
     10 3555
     11 3556
      7 3557
      8 3558
      8 3559
     13 3560
      8 3561
      9 3562
      9 3563
      9 3564
     10 3565
     16 3566
      8 3567
     12 3568
     11 3569
      9 3570
      9 3571
     13 3572
     11 3573
      8 3574
     10 3575
     14 3576
     12 3577
      7 3578
     15 3579
     12 3580
     12 3581
     11 3582
      7 3583
      8 3584
     11 3585
      7 3586
      9 3587
     13 3588
      9 3589
     13 3590
      9 3591
     12 3592
      7 3593
      5 3594
      8 3595
     19 3596
     11 3597
      4 3598
     10 3599
      9 3600
      9 3601
     12 3602
     12 3603
      9 3604
      7 3605
     13 3606
     10 3607
      9 3608
      6 3609
      5 3610
     14 3611
     16 3612
      6 3613
      8 3614
      3 3615
      8 3616
      7 3617
     14 3618
     11 3619
     15 3620
     12 3621
      8 3622
      9 3623
      7 3624
      5 3625
      7 3626
      6 3627
     10 3628
      6 3629
     12 3630
      9 3631
     18 3632
     12 3633
     15 3634
      4 3635
      7 3636
     13 3637
      7 3638
     10 3639
      9 3640
     10 3641
     14 3642
      8 3643
      9 3644
      9 3645
      6 3646
     13 3647
     13 3648
     11 3649
     15 3650
     10 3651
      8 3652
      7 3653
     11 3654
      6 3655
      9 3656
     10 3657
      9 3658
     15 3659
     14 3660
     14 3661
      9 3662
      7 3663
      6 3664
      6 3665
      8 3666
      9 3667
      5 3668
     13 3669
      6 3670
     14 3671
      8 3672
      7 3673
      5 3674
      5 3675
     13 3676
     13 3677
      8 3678
     13 3679
     14 3680
      9 3681
     14 3682
      4 3683
      8 3684
     12 3685
     15 3686
     12 3687
     12 3688
     15 3689
     10 3690
      9 3691
      8 3692
      9 3693
      4 3694
      6 3695
      8 3696
     10 3697
      9 3698
     13 3699
     12 3700
     15 3701
     13 3702
      9 3703
     11 3704
      5 3705
     10 3706
      5 3707
     10 3708
      7 3709
     16 3710
     10 3711
      9 3712
      5 3713
      9 3714
     10 3715
     10 3716
     15 3717
      7 3718
     12 3719
      3 3720
      4 3721
      7 3722
      7 3723
     10 3724
      8 3725
     11 3726
      4 3727
      6 3728
      6 3729
      6 3730
      8 3731
      9 3732
      5 3733
     12 3734
     11 3735
     10 3736
      7 3737
     14 3738
      7 3739
     11 3740
      8 3741
     13 3742
      9 3743
      7 3744
      8 3745
      9 3746
     10 3747
      6 3748
     10 3749
      6 3750
      8 3751
      6 3752
      5 3753
      7 3754
      9 3755
      8 3756
      8 3757
      8 3758
     11 3759
      5 3760
     10 3761
      5 3762
     14 3763
      7 3764
      8 3765
      5 3766
      7 3767
      4 3768
      6 3769
      8 3770
      5 3771
     10 3772
      8 3773
     11 3774
      4 3775
      6 3776
      8 3777
      7 3778
      3 3779
     10 3780
     10 3781
      9 3782
     13 3783
      6 3784
      9 3785
      9 3786
     10 3787
      5 3788
      4 3789
     10 3790
     10 3791
     11 3792
      5 3793
      7 3794
      6 3795
     13 3796
      6 3797
      5 3798
      9 3799
     14 3800
      9 3801
      9 3802
      7 3803
     13 3804
     12 3805
      9 3806
      4 3807
      9 3808
      7 3809
      3 3810
      4 3811
     13 3812
      5 3813
      9 3814
      7 3815
      7 3816
      5 3817
      6 3818
      7 3819
      6 3820
     10 3821
      9 3822
     10 3823
      6 3824
     11 3825
     10 3826
      4 3827
     10 3828
     11 3829
      8 3830
      3 3831
      7 3832
      6 3833
      7 3834
      9 3835
      6 3836
      6 3837
      6 3838
      2 3839
      8 3840
      8 3841
      9 3842
      6 3843
      7 3844
      6 3845
      4 3846
      8 3847
      4 3848
      6 3849
     10 3850
      9 3851
      9 3852
      9 3853
      5 3854
      4 3855
      7 3856
      6 3857
     12 3858
      7 3859
      5 3860
      4 3861
      5 3862
      8 3863
      9 3864
     11 3865
     10 3866
      3 3867
      7 3868
     11 3869
      6 3870
     12 3871
      8 3872
     10 3873
      7 3874
      4 3875
      5 3876
     10 3877
      9 3878
      6 3879
      7 3880
      6 3881
      7 3882
     12 3883
      7 3884
      8 3885
      7 3886
      7 3887
      5 3888
      8 3889
      8 3890
      5 3891
      3 3892
      2 3893
      8 3894
      4 3895
      4 3896
      5 3897
      4 3898
      4 3899
     11 3900
      4 3901
      9 3902
      7 3903
      6 3904
      4 3905
      2 3906
      7 3907
      9 3908
      8 3909
      6 3910
     12 3911
      5 3912
      9 3913
      9 3914
      7 3915
      8 3916
      3 3917
      4 3918
      7 3919
      1 3920
      8 3921
      9 3922
      4 3923
      7 3924
      3 3925
      5 3926
      3 3927
      5 3928
      6 3929
     11 3930
      5 3931
     12 3932
      4 3933
      8 3934
      9 3935
      5 3936
      9 3937
      6 3938
      3 3939
      8 3940
      5 3941
      7 3942
      6 3943
      3 3944
      9 3945
      4 3946
      4 3947
     10 3948
      7 3949
      9 3950
      6 3951
     10 3952
      2 3953
      4 3954
      1 3955
     10 3956
      4 3957
      6 3958
      8 3959
      7 3960
      4 3961
      5 3962
      7 3963
     11 3964
      1 3965
      4 3966
      7 3967
      7 3968
      5 3969
      4 3970
      9 3971
      8 3972
      7 3973
      3 3974
      3 3975
      4 3976
      8 3977
      5 3978
      4 3979
      2 3980
      4 3981
      7 3982
      2 3983
      1 3984
      5 3985
      4 3986
      7 3987
      4 3988
      6 3989
      7 3990
      5 3991
      2 3992
      4 3993
      5 3994
      8 3995
      9 3996
      6 3997
      6 3998
      4 3999
      3 4000
      3 4001
      5 4002
      6 4003
      6 4004
      5 4005
      8 4006
      5 4007
      5 4008
      5 4009
      5 4010
      5 4011
      4 4012
      3 4013
      4 4014
      8 4015
      4 4016
      3 4017
      8 4018
      2 4019
      3 4020
      9 4021
      8 4022
      6 4023
      5 4024
      5 4025
      2 4026
      7 4027
      3 4028
      6 4029
      3 4030
      8 4031
      9 4032
      7 4033
      7 4034
      3 4035
      7 4036
     10 4037
      5 4038
      3 4039
      8 4040
      8 4041
      5 4042
      3 4043
      6 4044
     10 4045
      1 4046
      7 4047
      4 4048
      8 4049
      6 4050
      5 4051
      4 4052
      7 4053
      2 4054
      3 4055
      4 4056
      4 4057
      8 4058
      7 4059
      6 4060
      4 4061
     10 4062
      7 4063
      3 4064
      5 4065
     12 4066
      7 4067
      4 4068
      7 4069
     10 4070
     10 4071
      5 4072
      5 4073
     10 4074
      5 4075
      6 4076
      5 4077
      7 4078
      6 4079
      7 4080
      7 4081
      4 4082
      7 4083
      5 4084
     11 4085
      5 4086
      7 4087
      8 4088
      4 4089
      4 4090
      9 4091
      5 4092
      6 4093
      9 4094
      2 4095
      6 4096
      7 4097
      7 4098
      7 4099
     11 4100
      5 4101
      8 4102
      4 4103
      2 4104
      4 4105
      5 4106
      6 4107
      6 4108
      2 4109
      3 4110
      4 4111
      7 4112
     11 4113
      6 4114
      4 4115
      7 4116
      1 4117
      7 4118
      4 4119
      5 4120
      7 4121
      8 4122
      8 4123
      8 4124
      6 4125
      5 4126
      5 4127
      5 4128
      8 4129
      5 4130
     10 4131
      7 4132
      2 4133
      4 4134
      2 4135
      4 4136
      7 4137
      6 4138
      7 4139
      9 4140
      6 4141
      7 4142
      7 4143
      5 4144
     12 4145
      5 4146
      4 4147
      1 4148
      5 4149
      6 4150
      4 4151
     10 4152
      4 4153
      8 4154
      4 4155
     10 4156
      6 4157
      4 4158
      6 4159
      3 4160
      8 4161
      5 4162
      8 4163
      7 4164
      6 4165
      2 4166
      2 4167
      2 4168
      4 4169
      6 4170
      4 4171
      5 4172
      7 4173
      4 4174
      8 4175
     10 4176
      6 4177
      7 4178
      5 4179
      8 4180
     10 4181
      2 4182
      4 4183
      4 4184
      4 4185
      5 4186
      3 4187
      6 4188
      3 4189
      4 4190
      7 4191
      5 4192
      5 4193
      6 4194
      6 4195
      3 4196
      5 4197
      7 4198
      5 4199
      7 4200
      4 4201
      3 4202
      9 4203
      9 4204
      5 4205
      5 4206
      7 4207
      5 4208
      6 4209
      6 4210
      7 4211
      3 4212
      6 4213
      5 4214
      6 4215
      5 4216
      9 4217
      4 4218
      5 4219
      4 4220
      4 4221
      5 4222
     10 4223
      6 4224
      4 4225
      6 4226
      5 4227
      6 4228
      4 4229
     11 4230
      6 4231
      6 4232
      5 4233
      8 4234
      6 4235
      9 4236
      5 4237
      5 4238
      5 4239
      2 4240
      3 4241
      6 4242
      4 4243
      8 4244
      7 4245
      9 4246
      4 4247
      5 4248
      4 4249
      6 4250
      6 4251
      6 4252
      5 4253
      4 4254
      6 4255
      9 4256
      4 4257
      4 4258
      5 4259
      3 4260
      5 4261
      5 4262
      3 4263
      2 4264
      9 4265
      3 4266
      4 4267
      4 4268
      7 4269
      8 4270
      4 4271
      7 4272
      6 4273
      4 4274
      1 4275
      7 4276
      2 4277
      7 4278
      5 4279
      4 4280
      5 4282
      5 4283
      5 4284
      7 4285
      4 4286
      3 4287
      6 4288
      6 4289
      5 4290
      4 4291
      1 4292
      5 4293
      2 4294
      3 4295
      2 4296
      3 4297
      2 4298
      4 4299
      2 4300
      4 4301
      3 4302
      5 4303
      4 4304
      2 4305
      3 4306
      3 4307
      4 4308
      6 4309
      4 4310
      3 4311
      5 4312
      5 4313
      7 4314
      3 4315
      7 4316
      4 4317
      3 4318
      2 4319
      4 4320
      4 4321
      3 4322
      6 4323
      5 4324
      5 4325
      2 4326
      5 4327
      4 4328
      1 4329
      4 4330
      9 4331
      2 4332
      4 4333
      6 4335
      3 4336
      4 4337
      6 4338
      5 4339
      2 4340
      5 4341
      1 4342
      6 4343
      5 4344
      2 4345
      4 4346
      5 4347
      4 4349
      3 4350
     10 4351
      4 4352
      2 4353
      2 4354
      6 4355
      2 4356
      3 4357
      4 4358
      5 4359
      1 4360
      5 4361
      5 4362
      3 4363
      3 4364
      1 4365
      5 4366
      4 4367
      5 4368
      7 4369
      7 4370
      7 4371
      9 4372
      4 4373
      4 4374
      5 4375
      5 4376
      4 4377
      4 4378
      1 4379
      4 4380
      6 4381
      5 4382
      7 4383
      3 4384
      1 4385
      5 4386
      6 4387
      4 4388
      8 4389
      4 4390
      2 4391
      3 4392
      8 4393
      9 4394
      5 4395
      9 4396
      4 4397
     10 4398
      7 4399
      9 4400
      2 4401
      5 4402
      4 4403
      8 4404
      4 4405
      8 4406
      7 4407
      6 4408
      6 4409
      6 4410
      8 4411
      6 4412
      5 4413
      4 4414
      5 4415
      4 4416
      8 4417
      4 4418
      2 4419
      4 4420
      4 4421
      2 4422
      6 4423
      4 4424
      4 4425
      3 4426
      3 4427
      5 4428
      6 4429
      4 4430
      4 4431
      9 4432
      4 4433
      4 4434
     10 4435
      4 4436
      4 4437
      7 4438
      7 4439
      4 4440
      7 4441
     11 4442
      3 4443
      8 4444
      4 4445
      5 4446
      8 4447
      5 4448
      5 4449
      6 4450
      6 4451
      5 4452
      5 4453
     10 4454
      8 4455
     10 4456
      5 4457
      9 4458
      4 4459
     10 4460
      5 4461
      4 4462
      2 4463
      2 4464
      7 4465
      1 4466
      5 4467
      6 4468
      5 4469
     10 4470
      3 4471
      7 4472
      5 4473
      3 4474
      5 4475
      5 4476
      7 4477
      2 4478
      6 4479
      5 4480
      4 4481
      3 4482
      3 4483
      8 4484
      4 4485
      5 4486
      6 4487
      9 4488
      3 4489
      2 4490
      6 4491
      2 4492
      1 4493
      2 4494
      2 4495
      3 4496
      1 4497
      8 4498
      3 4499
      6 4500
      3 4501
      6 4502
      7 4503
      2 4504
      7 4505
      4 4506
      1 4507
      2 4508
      2 4509
      5 4510
      5 4511
      5 4512
      2 4513
      4 4514
      4 4515
      1 4516
      8 4517
      1 4518
      3 4520
      5 4521
      4 4522
      3 4523
      7 4524
      4 4525
      5 4526
      8 4527
      8 4528
      2 4529
      4 4530
      3 4531
      1 4532
      4 4533
      6 4534
      4 4535
      1 4536
      6 4537
      1 4538
      7 4539
      6 4540
      2 4541
      1 4542
      3 4544
      4 4545
      5 4546
      3 4547
      5 4548
      2 4549
      2 4550
      3 4551
      5 4552
      2 4553
      2 4554
      3 4555
      5 4556
      5 4557
      2 4558
      5 4559
      5 4560
      1 4561
      5 4562
      2 4563
      7 4564
      3 4565
      2 4566
      5 4567
      5 4568
      3 4569
      3 4570
      3 4571
      4 4572
      6 4573
      6 4574
      2 4575
      5 4576
      6 4577
      4 4578
      4 4579
      2 4580
      6 4581
      8 4582
      7 4583
      6 4584
      5 4585
      3 4586
      5 4587
      4 4588
     10 4589
      2 4591
      3 4592
      4 4593
      3 4594
      4 4595
      6 4596
      6 4597
      5 4598
      4 4599
      4 4600
      4 4601
      2 4602
      5 4603
      3 4604
      3 4605
      8 4606
      7 4607
      4 4608
      3 4609
      2 4610
      3 4611
      5 4612
      5 4613
      1 4614
      3 4615
      7 4616
      3 4617
      8 4618
      5 4619
      3 4620
      6 4621
      6 4622
      9 4623
      4 4624
      5 4625
      4 4626
      2 4627
      3 4628
      8 4629
      3 4630
      3 4631
      4 4632
      3 4633
      5 4634
      3 4635
      7 4636
      4 4637
      2 4638
      7 4639
      4 4640
      4 4641
      6 4642
      4 4643
      5 4644
      2 4645
      7 4646
      8 4647
      2 4648
      4 4649
      3 4650
      3 4651
      8 4652
      4 4653
      4 4654
      6 4655
      8 4656
      2 4657
      3 4658
      6 4659
      6 4660
      2 4661
      6 4662
      4 4663
      1 4664
      5 4665
      2 4666
      5 4667
      4 4668
      2 4669
      3 4670
      4 4671
      8 4672
      6 4673
      3 4674
      5 4675
      1 4676
      5 4677
      1 4678
      6 4679
      3 4680
      3 4681
      2 4682
      4 4683
      1 4684
      3 4685
      2 4686
      2 4688
      4 4689
      5 4690
      3 4691
      3 4692
      2 4693
      4 4694
      1 4695
      2 4696
      2 4697
      3 4698
      2 4699
      6 4700
      1 4701
      3 4702
      1 4703
      1 4704
      3 4705
      3 4706
      6 4707
      3 4708
      4 4709
     11 4710
      3 4711
      3 4712
      4 4713
      3 4714
      1 4716
      2 4717
      4 4718
      6 4719
      5 4721
      2 4722
      1 4723
      1 4724
      2 4725
      2 4726
      3 4727
      2 4728
      6 4729
      5 4730
      2 4731
      3 4732
      2 4733
      6 4734
      4 4735
      2 4736
      1 4738
      2 4739
      1 4740
      4 4741
      5 4742
      2 4743
      5 4744
      5 4745
      4 4746
      3 4747
      1 4748
      3 4749
      3 4750
      1 4751
      2 4752
      3 4753
      5 4754
      2 4755
      2 4756
      5 4757
      3 4758
      5 4760
      3 4761
      4 4762
      4 4763
      1 4764
      3 4765
      7 4766
      1 4767
      5 4768
      2 4769
      1 4770
      3 4771
      5 4772
      3 4773
      3 4774
      4 4775
      3 4776
      1 4777
      1 4778
      3 4779
      3 4780
      3 4781
      4 4782
      1 4783
      2 4784
      4 4785
      4 4786
      2 4787
      4 4788
      4 4789
      4 4790
      3 4791
      2 4792
      4 4793
      5 4794
      1 4795
      3 4796
      4 4797
      5 4798
      3 4799
      3 4800
      1 4801
      6 4802
      2 4803
      5 4804
      7 4805
      2 4806
      2 4807
      4 4808
      2 4809
      1 4810
      3 4811
      5 4813
      4 4814
      3 4815
      2 4816
      1 4817
      2 4818
      2 4819
      7 4820
      2 4821
      8 4822
      2 4823
      1 4824
      6 4825
      3 4826
      5 4827
      3 4828
      3 4829
      4 4830
      2 4831
      3 4832
      6 4833
      2 4834
      1 4835
      1 4836
      1 4837
      1 4838
      4 4839
      2 4841
      4 4842
      5 4843
      6 4844
      2 4846
      7 4847
      2 4849
      1 4850
      2 4851
      3 4852
      5 4853
      4 4854
      5 4855
      2 4856
      3 4857
      3 4858
      1 4859
      3 4860
      1 4861
      2 4862
      3 4863
      1 4864
      3 4865
      4 4866
      3 4867
      1 4868
      3 4869
      4 4870
      3 4871
      5 4873
      3 4874
      4 4876
      5 4877
      2 4878
      1 4879
      4 4880
      2 4881
      2 4883
      4 4884
      4 4885
      2 4886
      4 4888
      1 4889
      1 4890
      1 4891
      3 4892
      4 4893
      5 4894
      2 4895
      3 4896
      6 4897
      4 4898
      3 4899
      3 4900
      1 4901
      2 4902
      2 4903
      2 4904
      2 4905
      2 4906
      4 4909
      3 4910
      3 4911
      2 4912
      2 4913
      3 4914
      1 4915
      3 4916
      3 4917
      5 4918
      2 4920
      2 4921
      3 4922
      4 4923
      2 4924
      4 4925
      3 4926
      8 4928
      5 4929
      3 4930
      1 4931
      3 4932
      2 4933
      2 4934
      2 4935
      3 4936
      2 4937
      2 4938
      3 4939
      3 4940
      1 4941
      4 4942
      1 4943
      5 4944
      2 4945
      3 4947
      3 4948
      2 4949
      6 4950
      3 4951
      4 4953
      5 4954
      2 4955
      1 4956
      3 4957
      2 4958
      1 4959
      1 4960
      3 4961
      2 4963
      4 4965
      4 4966
      1 4967
      1 4968
      1 4969
      2 4970
      3 4971
      1 4972
      2 4975
      4 4976
      3 4978
      2 4979
      2 4980
      1 4981
      1 4982
      3 4983
      1 4984
      2 4985
      1 4987
      4 4988
      2 4991
      1 4992
      3 4993
      4 4994
      1 4996
      1 4997
      2 4998
      3 4999
      2 5000
      2 5001
      4 5002
      3 5003
      3 5004
      3 5006
      5 5007
      3 5008
      3 5009
      3 5010
      5 5011
      2 5012
      5 5013
      7 5014
      1 5015
      3 5016
      2 5017
      2 5018
      3 5019
      2 5020
      4 5021
      1 5022
      1 5023
      1 5024
      2 5025
      1 5026
      1 5027
      3 5028
      2 5029
      3 5030
      4 5031
      2 5032
      1 5033
      2 5034
      2 5037
      5 5038
      3 5041
      2 5042
      4 5044
      2 5045
      1 5046
      2 5047
      5 5048
      1 5049
      1 5050
      1 5051
      4 5052
      1 5053
      1 5054
      3 5055
      2 5056
      2 5057
      4 5058
      3 5059
      1 5060
      2 5061
      5 5062
      2 5063
      4 5064
      2 5066
      2 5067
      3 5068
      4 5069
      3 5070
      3 5071
      6 5072
      2 5073
      1 5074
      2 5075
      3 5076
      2 5077
      3 5078
      3 5079
      1 5081
      1 5082
      1 5083
      1 5084
      3 5085
      2 5086
      4 5087
      5 5088
      1 5089
      2 5090
      2 5091
      3 5092
      1 5093
      4 5094
      1 5095
      1 5096
      2 5097
      4 5098
      1 5099
      3 5100
      1 5101
      2 5102
      2 5103
      2 5104
      4 5105
      2 5106
      2 5107
      3 5108
      3 5109
      2 5110
      3 5111
      2 5112
      2 5113
      2 5114
      1 5115
      6 5116
      1 5117
      5 5118
      1 5119
      3 5120
      2 5121
      1 5122
      3 5123
      5 5124
      4 5125
      1 5126
      1 5128
      3 5129
      2 5130
      4 5131
      1 5132
      5 5133
      3 5135
      1 5136
      4 5139
      2 5140
      1 5141
      1 5142
      1 5144
      3 5145
      4 5146
      2 5148
      3 5153
      1 5154
      2 5155
      3 5156
      2 5157
      1 5158
      1 5159
      2 5160
      4 5162
      2 5163
      2 5164
      2 5165
      2 5166
      5 5168
      1 5169
      2 5170
      3 5173
      1 5174
      2 5175
      1 5176
      5 5177
      1 5178
      4 5179
      1 5180
      3 5181
      2 5182
      3 5183
      1 5184
      1 5186
      1 5187
      4 5188
      1 5189
      5 5190
      2 5191
      3 5192
      3 5193
      1 5194
      1 5195
      2 5196
      2 5197
      1 5198
      2 5200
      3 5201
      2 5202
      1 5203
      2 5204
      5 5205
      5 5206
      1 5207
      2 5208
      3 5209
      2 5210
      2 5211
      2 5212
      3 5213
      5 5214
      1 5216
      2 5217
      1 5218
      1 5219
      1 5220
      1 5221
      1 5222
      2 5223
      1 5224
      1 5225
      4 5226
      1 5227
      3 5229
      3 5230
      1 5231
      2 5232
      1 5233
      2 5235
      2 5237
      1 5238
      2 5239
      3 5240
      2 5241
      2 5242
      2 5243
      2 5244
      2 5245
      4 5246
      2 5247
      1 5248
      2 5249
      4 5250
      2 5251
      1 5252
      2 5253
      1 5254
      1 5255
      3 5256
      2 5257
      1 5258
      1 5259
      2 5260
      3 5261
      5 5262
      5 5266
      3 5267
      1 5268
      1 5269
      1 5270
      2 5271
      3 5272
      1 5273
      2 5274
      2 5275
      1 5276
      1 5278
      4 5279
      1 5280
      4 5281
      1 5282
      3 5284
      1 5285
      1 5286
      2 5287
      1 5288
      3 5289
      1 5291
      2 5292
      1 5293
      2 5294
      4 5295
      1 5296
      1 5297
      4 5298
      2 5299
      3 5301
      1 5302
      3 5303
      1 5304
      1 5305
      1 5307
      3 5309
      4 5310
      1 5311
      1 5312
      1 5313
      1 5314
      2 5315
      1 5317
      2 5318
      1 5319
      2 5320
      1 5321
      1 5323
      2 5324
      2 5325
      2 5326
      2 5329
      2 5330
      2 5331
      1 5332
      1 5333
      2 5334
      2 5335
      1 5336
      2 5337
      3 5338
      1 5339
      2 5340
      1 5341
      1 5343
      4 5344
      1 5345
      2 5346
      1 5347
      1 5348
      2 5349
      6 5350
      1 5352
      1 5354
      2 5355
      1 5356
      5 5358
      2 5360
      1 5361
      2 5362
      4 5363
      1 5364
      3 5366
      2 5367
      5 5368
      3 5369
      1 5370
      1 5371
      1 5372
      1 5373
      2 5374
      1 5375
      3 5376
      1 5377
      1 5379
      2 5380
      2 5381
      1 5382
      2 5384
      3 5385
      3 5386
      1 5388
      2 5389
      3 5391
      1 5392
      3 5393
      2 5394
      2 5395
      1 5396
      2 5399
      3 5400
      3 5401
      2 5402
      3 5403
      1 5404
      4 5405
      1 5406
      4 5407
      2 5408
      2 5409
      2 5410
      2 5411
      2 5412
      1 5413
      2 5414
      2 5415
      1 5417
      1 5418
      3 5419
      2 5420
      1 5421
      2 5423
      2 5425
      1 5426
      1 5427
      2 5428
      2 5430
      1 5431
      4 5432
      2 5433
      3 5434
      2 5435
      4 5436
      1 5437
      4 5438
      4 5441
      1 5442
      3 5443
      2 5444
      2 5445
      1 5447
      2 5448
      1 5449
      1 5450
      3 5451
      2 5453
      5 5455
      1 5456
      1 5457
      3 5458
      2 5460
      1 5461
      2 5463
      2 5464
      3 5466
      4 5467
      3 5468
      1 5469
      3 5471
      1 5473
      2 5474
      1 5475
      1 5477
      3 5478
      3 5480
      2 5481
      4 5482
      2 5483
      3 5484
      2 5485
      2 5486
      1 5488
      1 5489
      3 5490
      1 5491
      1 5492
      4 5493
      1 5494
      3 5495
      1 5496
      1 5498
      3 5499
      1 5501
      4 5503
      4 5504
      5 5505
      4 5506
      1 5507
      1 5508
      5 5509
      1 5510
      1 5511
      1 5512
      2 5514
      1 5515
      2 5516
      2 5519
      2 5520
      2 5521
      2 5522
      3 5523
      1 5524
      2 5525
      2 5526
      2 5527
      3 5528
      1 5530
      4 5531
      3 5532
      2 5533
      2 5534
      1 5535
      1 5536
      2 5537
      1 5538
      4 5539
      5 5540
      1 5541
      3 5543
      1 5545
      1 5546
      2 5547
      2 5548
      1 5550
      3 5551
      2 5552
      6 5553
      2 5554
      1 5555
      2 5557
      3 5558
      1 5560
      1 5561
      1 5562
      1 5563
      1 5564
      2 5565
      1 5566
      1 5567
      2 5568
      2 5569
      1 5570
      1 5571
      2 5572
      2 5573
      3 5575
      1 5577
      1 5578
      3 5579
      3 5580
      6 5581
      2 5582
      2 5583
      4 5584
      2 5585
      3 5586
      1 5589
      4 5590
      3 5591
      1 5593
      4 5595
      4 5596
      2 5597
      2 5601
      3 5602
      2 5603
      1 5604
      3 5605
      5 5606
      2 5607
      2 5608
      3 5609
      1 5610
      1 5611
      1 5612
      2 5613
      2 5615
      1 5616
      1 5617
      3 5618
      3 5619
      1 5620
      3 5621
      1 5622
      2 5623
      4 5625
      3 5626
      1 5627
      2 5628
      2 5629
      1 5630
      2 5632
      2 5633
      2 5634
      2 5635
      1 5636
      5 5637
      1 5638
      2 5639
      4 5640
      3 5641
      1 5642
      2 5643
      2 5644
      1 5645
      4 5646
      1 5647
      2 5648
      2 5649
      3 5650
      1 5651
      2 5652
      2 5653
      1 5655
      1 5656
      2 5657
      3 5658
      4 5659
      2 5660
      1 5661
      1 5662
      4 5663
      2 5664
      1 5665
      3 5666
      2 5669
      2 5670
      1 5671
      3 5672
      5 5673
      2 5674
      1 5675
      2 5676
      3 5678
      3 5679
      1 5681
      3 5684
      3 5685
      1 5686
      3 5691
      2 5692
      6 5693
      4 5694
      3 5696
      2 5697
      4 5700
      3 5701
      1 5702
      3 5703
      1 5705
      3 5706
      2 5708
      2 5709
      3 5710
      2 5712
      2 5713
      5 5714
      3 5716
      1 5717
      1 5719
      3 5721
      2 5723
      1 5724
      2 5726
      3 5727
      6 5729
      1 5732
      1 5733
      2 5734
      1 5735
      2 5736
      1 5738
      1 5740
      3 5743
      2 5744
      1 5746
      1 5748
      4 5749
      2 5750
      1 5752
      2 5753
      1 5754
      1 5756
      2 5757
      2 5759
      1 5760
      2 5761
      2 5763
      1 5764
      1 5765
      1 5766
      1 5768
      3 5770
      3 5771
      1 5773
      1 5775
      3 5778
      3 5780
      1 5781
      1 5783
      1 5784
      1 5785
      1 5786
      2 5788
      2 5789
      2 5792
      1 5793
      2 5794
      2 5795
      1 5796
      2 5797
      2 5798
      1 5799
      1 5800
      2 5802
      1 5803
      3 5804
      2 5805
      2 5806
      4 5811
      1 5812
      1 5813
      1 5815
      1 5817
      2 5818
      2 5820
      1 5823
      3 5825
      4 5826
      1 5827
      2 5828
      2 5829
      1 5832
      4 5835
      1 5838
      3 5839
      2 5841
      1 5842
      2 5843
      2 5844
      3 5846
      2 5847
      2 5850
      1 5853
      3 5854
      1 5855
      2 5856
      1 5860
      1 5862
      3 5863
      3 5864
      4 5865
      3 5866
      3 5867
      1 5868
      1 5869
      2 5873
      3 5874
      1 5875
      2 5876
      1 5877
      2 5879
      3 5880
      3 5881
      4 5883
      2 5884
      1 5885
      1 5887
      1 5888
      1 5890
      2 5891
      1 5892
      2 5893
      1 5894
      1 5895
      2 5896
      1 5897
      1 5899
      1 5901
      1 5902
      4 5903
      2 5904
      3 5906
      1 5907
      4 5908
      3 5909
      2 5911
      1 5912
      2 5913
      1 5914
      2 5916
      2 5917
      1 5918
      2 5919
      1 5920
      1 5921
      2 5923
      2 5924
      6 5925
      3 5926
      1 5928
      3 5932
      1 5933
      1 5934
      2 5935
      1 5938
      2 5939
      2 5940
      1 5941
      4 5942
      3 5943
      2 5944
      3 5945
      2 5946
      1 5947
      2 5948
      2 5949
      2 5950
      1 5951
      1 5952
      1 5953
      2 5954
      2 5957
      1 5959
      1 5961
      2 5964
      1 5965
      1 5966
      1 5967
      1 5968
      1 5969
      1 5970
      2 5971
      3 5972
      1 5973
      1 5974
      3 5977
      2 5978
      2 5980
      1 5981
      1 5982
      1 5984
      1 5985
      1 5986
      1 5987
      1 5988
      1 5989
      1 5990
      1 5993
      3 5994
      1 5995
      1 5996
      1 5997
      1 5999
      1 6000
      1 6002
      1 6006
      1 6007
      1 6009
      2 6010
      1 6011
      3 6013
      1 6014
      2 6015
      3 6016
      5 6017
      5 6018
      1 6021
      1 6022
      1 6023
      2 6026
      1 6028
      2 6029
      1 6031
      2 6034
      2 6035
      1 6036
      2 6037
      1 6040
      1 6041
      1 6043
      3 6045
      2 6047
      1 6048
      1 6049
      3 6050
      1 6052
      1 6053
      1 6055
      1 6056
      2 6058
      1 6061
      2 6062
      1 6065
      1 6066
      1 6067
      1 6068
      1 6069
      1 6070
      1 6071
      2 6072
      2 6073
      2 6074
      1 6076
      2 6078
      2 6079
      2 6080
      2 6082
      1 6083
      1 6084
      2 6085
      2 6086
      1 6087
      2 6091
      1 6092
      2 6094
      2 6095
      2 6096
      1 6098
      2 6101
      2 6102
      1 6103
      1 6105
      2 6106
      1 6111
      2 6112
      1 6113
      1 6114
      4 6115
      1 6117
      3 6118
      1 6119
      6 6125
      3 6126
      1 6127
      1 6128
      1 6129
      3 6130
      5 6132
      2 6133
      2 6134
      3 6135
      1 6138
      2 6139
      1 6141
      1 6144
      2 6145
      3 6147
      1 6149
      1 6152
      1 6153
      2 6155
      2 6158
      2 6161
      1 6162
      1 6163
      3 6165
      1 6166
      1 6167
      2 6168
      2 6169
      1 6170
      1 6172
      1 6173
      1 6175
      1 6176
      1 6177
      2 6179
      4 6181
      1 6185
      2 6186
      2 6187
      1 6188
      1 6190
      3 6192
      2 6193
      3 6195
      1 6196
      2 6197
      1 6198
      1 6199
      3 6200
      1 6201
      3 6202
      1 6204
      1 6205
      2 6206
      5 6207
      2 6210
      1 6211
      5 6212
      2 6213
      2 6214
      4 6215
      2 6217
      2 6218
      2 6219
      1 6220
      4 6221
      1 6223
      5 6224
      1 6226
      1 6227
      1 6228
      2 6230
      1 6231
      2 6233
      3 6234
      3 6235
      1 6237
      6 6238
      3 6239
      4 6240
      1 6241
      2 6242
      1 6243
      1 6245
      2 6246
      1 6247
      2 6248
      2 6249
      1 6250
      1 6251
      1 6252
      4 6253
      3 6256
      1 6257
      1 6259
      3 6260
      2 6262
      1 6264
      2 6266
      3 6267
      1 6268
      3 6269
      1 6270
      4 6273
      1 6275
      1 6276
      1 6277
      2 6278
      1 6279
      3 6281
      2 6282
      1 6283
      2 6285
      1 6287
      2 6289
      1 6291
      2 6292
      2 6294
      1 6296
      2 6298
      1 6299
      2 6300
      1 6301
      1 6302
      1 6303
      1 6304
      2 6305
      1 6306
      1 6307
      2 6309
      1 6310
      2 6311
      2 6312
      3 6314
      1 6316
      2 6318
      1 6319
      3 6322
      2 6323
      3 6324
      3 6326
      1 6327
      1 6328
      1 6329
      3 6331
      1 6332
      1 6333
      2 6334
      2 6335
      1 6336
      1 6337
      1 6342
      2 6343
      1 6344
      1 6346
      2 6347
      4 6348
      4 6349
      1 6353
      2 6354
      1 6355
      1 6356
      1 6357
      1 6358
      2 6359
      3 6360
      3 6361
      1 6362
      3 6363
      4 6365
      2 6366
      2 6368
      1 6369
      3 6370
      1 6371
      1 6372
      3 6373
      1 6375
      1 6376
      2 6377
      2 6378
      1 6379
      1 6380
      4 6381
      1 6383
      3 6384
      1 6385
      2 6386
      2 6387
      2 6388
      1 6389
      2 6390
      1 6391
      1 6392
      1 6393
      2 6394
      1 6395
      1 6396
      4 6398
      2 6399
      2 6401
      5 6402
      1 6404
      3 6406
      1 6408
      1 6410
      3 6412
      1 6414
      1 6416
      1 6417
      1 6418
      2 6419
      1 6423
      1 6425
      1 6426
      2 6427
      2 6428
      1 6431
      1 6433
      1 6434
      2 6438
      2 6440
      2 6442
      2 6443
      1 6444
      1 6445
      2 6446
      1 6448
      1 6449
      1 6453
      2 6454
      3 6455
      3 6456
      2 6459
      1 6460
      2 6461
      1 6462
      2 6463
      1 6464
      1 6465
      1 6467
      1 6470
      1 6471
      1 6475
      1 6477
      1 6481
      2 6485
      1 6487
      2 6490
      1 6491
      2 6493
      2 6494
      1 6495
      1 6496
      2 6497
      2 6499
      1 6500
      1 6503
      1 6504
      1 6505
      1 6506
      1 6509
      1 6510
      2 6511
      2 6513
      3 6516
      1 6517
      2 6518
      1 6519
      3 6520
      1 6521
      1 6525
      1 6527
      2 6530
      3 6531
      3 6533
      2 6535
      1 6538
      2 6540
      1 6541
      2 6542
      1 6546
      2 6547
      3 6550
      1 6551
      1 6554
      2 6556
      1 6557
      1 6558
      1 6562
      1 6563
      4 6564
      2 6571
      1 6572
      2 6573
      1 6574
      1 6575
      1 6576
      1 6577
      1 6578
      1 6579
      1 6580
      1 6581
      2 6582
      1 6583
      2 6585
      1 6586
      1 6590
      1 6592
      1 6594
      1 6596
      1 6597
      1 6598
      1 6599
      1 6600
      1 6601
      1 6603
      1 6604
      1 6605
      1 6606
      1 6607
      1 6608
      2 6609
      1 6611
      1 6615
      3 6617
      1 6618
      2 6619
      2 6622
      1 6625
      1 6629
      1 6633
      1 6634
      1 6636
      1 6638
      1 6639
      2 6640
      2 6643
      2 6645
      3 6647
      1 6648
      2 6651
      2 6654
      1 6657
      1 6658
      3 6659
      1 6660
      1 6662
      1 6663
      1 6665
      1 6667
      1 6670
      1 6673
      1 6675
      1 6676
      1 6679
      1 6680
      1 6681
      2 6684
      1 6685
      2 6688
      2 6689
      1 6691
      1 6695
      1 6696
      1 6704
      1 6710
      1 6714
      2 6717
      2 6718
      1 6719
      1 6723
      2 6727
      2 6728
      1 6731
      2 6738
      1 6739
      1 6740
      1 6741
      1 6742
      1 6743
      1 6744
      1 6746
      1 6749
      1 6750
      1 6751
      1 6753
      1 6754
      2 6755
      3 6757
      2 6761
      1 6762
      2 6763
      2 6764
      2 6768
      3 6769
      2 6771
      1 6772
      1 6776
      1 6777
      1 6778
      3 6782
      3 6783
      2 6785
      1 6787
      2 6789
      2 6790
      1 6792
      1 6793
      1 6794
      1 6795
      3 6796
      1 6797
      1 6801
      1 6802
      1 6803
      1 6805
      1 6806
      2 6809
      1 6814
      1 6818
      1 6819
      2 6827
      2 6828
      1 6831
      1 6833
      1 6835
      1 6838
      1 6840
      1 6841
      1 6843
      1 6844
      1 6847
      1 6848
      1 6849
      1 6851
      2 6853
      1 6856
      1 6857
      1 6859
      1 6860
      1 6861
      2 6864
      1 6865
      1 6867
      2 6868
      1 6869
      1 6870
      2 6872
      1 6873
      1 6874
      1 6883
      1 6886
      1 6887
      1 6889
      1 6890
      2 6891
      2 6892
      1 6895
      2 6896
      1 6897
      2 6898
      3 6900
      1 6901
      2 6904
      1 6905
      2 6906
      3 6909
      1 6911
      2 6912
      1 6914
      1 6915
      1 6916
      1 6917
      1 6920
      1 6923
      3 6924
      1 6926
      2 6928
      2 6929
      1 6930
      1 6931
      4 6932
      1 6934
      3 6935
      2 6937
      2 6939
      1 6943
      2 6944
      2 6946
      1 6950
      1 6951
      2 6952
      1 6954
      2 6955
      2 6956
      1 6957
      1 6958
      1 6959
      2 6960
      1 6962
      1 6963
      1 6966
      1 6967
      2 6968
      2 6969
      2 6971
      1 6972
      1 6973
      2 6974
      2 6975
      1 6977
      1 6978
      1 6979
      2 6984
      1 6985
      1 6986
      1 6987
      2 6988
      1 6989
      2 6990
      3 6995
      1 6996
      1 6997
      3 6998
      3 6999
      1 7000
      1 7001
      1 7002
      1 7004
      1 7005
      1 7006
      2 7009
      2 7011
      1 7013
      1 7014
      1 7016
      3 7018
      3 7019
      1 7020
      2 7025
      1 7026
      1 7027
      2 7028
      2 7029
      1 7030
      1 7031
      1 7034
      1 7037
      2 7041
      1 7042
      2 7050
      2 7051
      2 7052
      1 7053
      1 7054
      1 7055
      1 7060
      2 7061
      2 7062
      1 7063
      1 7065
      2 7067
      1 7068
      1 7069
      1 7070
      1 7071
      1 7072
      1 7074
      1 7076
      1 7077
      2 7079
      1 7081
      1 7082
      3 7083
      3 7086
      1 7087
      1 7090
      1 7091
      2 7093
      1 7094
      3 7095
      2 7096
      1 7097
      1 7099
      1 7102
      2 7105
      1 7106
      4 7109
      1 7110
      1 7111
      1 7112
      2 7113
      3 7117
      1 7118
      3 7121
      1 7123
      3 7125
      1 7126
      2 7127
      2 7128
      1 7129
      1 7130
      3 7131
      2 7132
      2 7133
      1 7134
      2 7135
      1 7136
      2 7137
      4 7141
      2 7144
      2 7145
      1 7146
      1 7147
      1 7148
      2 7149
      2 7151
      3 7152
      1 7154
      1 7155
      5 7157
      2 7158
      2 7159
      1 7160
      1 7164
      1 7167
      2 7168
      1 7170
      4 7171
      1 7172
      1 7173
      1 7174
      2 7175
      1 7176
      1 7177
      1 7180
      1 7182
      1 7183
      1 7184
      1 7194
      2 7196
      1 7198
      1 7199
      1 7200
      1 7206
      1 7208
      1 7210
      1 7211
      2 7214
      1 7215
      1 7217
      2 7219
      2 7221
      2 7222
      1 7225
      1 7226
      1 7227
      1 7228
      1 7229
      2 7230
      1 7231
      2 7233
      1 7235
      3 7236
      2 7238
      1 7239
      1 7241
      2 7242
      4 7243
      3 7246
      1 7247
      4 7249
      2 7250
      1 7251
      2 7252
      3 7253
      2 7255
      1 7256
      1 7259
      1 7260
      2 7261
      1 7262
      2 7265
      1 7267
      1 7268
      4 7272
      1 7277
      1 7278
      2 7280
      1 7281
      2 7282
      2 7284
      2 7286
      2 7288
      2 7289
      1 7290
      1 7292
      2 7293
      2 7296
      2 7297
      2 7299
      2 7300
      2 7301
      2 7303
      1 7310
      1 7312
      2 7314
      1 7317
      1 7321
      2 7323
      1 7325
      2 7326
      2 7327
      2 7328
      2 7330
      1 7332
      5 7337
      3 7339
      1 7341
      1 7342
      3 7344
      1 7346
      1 7348
      1 7349
      3 7351
      1 7353
      2 7354
      1 7355
      1 7357
      1 7359
      2 7361
      1 7363
      1 7364
      1 7366
      2 7367
      1 7368
      1 7370
      1 7371
      2 7372
      1 7373
      1 7374
      1 7376
      2 7377
      2 7378
      1 7379
      3 7380
      1 7382
      1 7383
      1 7385
      1 7386
      1 7389
      1 7391
      2 7396
      1 7399
      1 7403
      1 7404
      1 7405
      2 7406
      1 7411
      1 7413
      2 7414
      1 7416
      1 7418
      1 7419
      1 7422
      1 7434
      1 7439
      1 7441
      1 7442
      1 7443
      1 7447
      2 7453
      1 7457
      2 7458
      1 7459
      1 7462
      2 7463
      1 7464
      1 7466
      1 7467
      2 7468
      1 7469
      1 7472
      1 7475
      1 7477
      1 7478
      1 7479
      1 7480
      2 7485
      1 7487
      2 7489
      1 7492
      1 7493
      2 7494
      1 7501
      1 7504
      1 7505
      1 7511
      2 7512
      1 7513
      2 7533
      1 7538
      2 7540
      1 7541
      1 7542
      1 7564
      1 7568
      1 7579
      1 7580
      1 7585
      1 7590
      1 7591
      1 7595
      1 7601
      1 7604
      1 7613
      1 7615
      1 7634
      1 7636
      1 7644
      1 7646
      1 7649
      1 7654
      1 7678
      1 7686
      1 7695
      1 7696
      1 7711
      1 7720
      1 7727
      1 7730
      1 7737
      1 7741
      1 7747
      1 7763
      2 7778
      1 7789
      1 7790
      1 7797
      2 7824
      1 7826
      1 7828
      1 7832
      1 7847
      1 7852
      1 7862
      1 7867
      1 7878
      1 7880
      1 7885
      1 7887
      2 7893
      1 7895
      1 7899
      2 7901
      1 7902
      1 7903
      2 7905
      3 7906
      1 7907
      1 7908
      1 7909
      1 7910
      3 7913
      1 7914
      1 7915
      1 7916
      3 7917
      2 7918
      2 7920
      1 7921
      3 7922
      1 7923
      1 7924
      3 7925
      1 7926
      3 7927
      2 7928
      1 7929
      2 7932
      3 7933
      3 7934
      1 7935
      4 7936
      1 7937
      1 7939
      2 7942
      1 7943
      1 7944
      1 7950
      1 7951
      1 7952
      1 7962
      1 7966
      1 7969
      1 7971
      1 7972
      1 7973
      1 7977
      2 7978
      2 7979
      1 7981
      2 7982
      2 7987
      3 7988
      1 7992
      1 7993
      2 7994
