 148484 0
20288616 1
44353831 2
81794852 3
131374704 4
189166221 5
246909841 6
293743655 7
320296857 8
321134540 9
297842726 10
256793624 11
206924669 12
156683064 13
112033251 14
76022659 15
49188233 16
30530527 17
18321916 18
10760565 19
6273846 20
3703676 21
2282366 22
1508907 23
1076375 24
 823164 25
 670173 26
 568988 27
 491947 28
 434911 29
 386205 30
 345288 31
 311098 32
 279765 33
 254047 34
 231673 35
 211760 36
 194575 37
 180090 38
 166111 39
 155755 40
 145265 41
 136456 42
 128978 43
 121540 44
 113980 45
 106311 46
 100382 47
  94315 48
  89161 49
  84486 50
  79847 51
  75526 52
  71489 53
  66829 54
  63381 55
  59909 56
  56832 57
  53441 58
  50846 59
  48357 60
  46115 61
  43981 62
  42303 63
  40098 64
  38102 65
  36393 66
  35475 67
  33928 68
  32409 69
  31179 70
  30459 71
  29749 72
  28365 73
  27929 74
  27128 75
  26414 76
  25366 77
  24497 78
  23843 79
  22918 80
  22475 81
  22050 82
  21636 83
  20856 84
  20352 85
  19953 86
  19497 87
  19202 88
  18628 89
  18199 90
  17606 91
  17295 92
  17232 93
  16713 94
  16122 95
  16010 96
  16199 97
  15816 98
  15280 99
  15170 100
  14872 101
  14651 102
  14394 103
  14211 104
  14193 105
  14088 106
  13877 107
  13554 108
  13276 109
  13039 110
  12715 111
  12380 112
  11851 113
  11767 114
  11804 115
  11346 116
  11433 117
  11367 118
  11117 119
  10793 120
  10741 121
  10470 122
  10569 123
  10530 124
  10321 125
  10286 126
  10124 127
   9905 128
   9923 129
   9812 130
   9757 131
   9506 132
   9409 133
   9281 134
   8984 135
   8976 136
   8830 137
   8679 138
   8517 139
   8308 140
   8380 141
   8237 142
   8276 143
   8208 144
   8066 145
   8040 146
   7822 147
   7627 148
   7816 149
   7590 150
   7430 151
   7471 152
   7281 153
   7027 154
   6966 155
   6899 156
   7042 157
   7112 158
   7109 159
   6920 160
   6821 161
   6700 162
   6794 163
   6529 164
   6459 165
   6527 166
   6298 167
   6305 168
   6235 169
   6066 170
   6066 171
   5982 172
   5971 173
   5813 174
   5862 175
   5900 176
   5816 177
   5618 178
   5717 179
   5556 180
   5511 181
   5488 182
   5384 183
   5420 184
   5453 185
   5136 186
   5331 187
   5257 188
   5219 189
   5049 190
   5092 191
   5097 192
   5106 193
   5023 194
   4942 195
   5052 196
   4883 197
   4657 198
   4852 199
   4517 200
   4676 201
   4561 202
   4530 203
   4409 204
   4436 205
   4505 206
   4378 207
   4366 208
   4347 209
   4310 210
   4312 211
   4350 212
   4146 213
   4140 214
   4104 215
   4073 216
   3942 217
   4017 218
   3980 219
   4072 220
   3931 221
   3920 222
   3953 223
   3812 224
   4003 225
   3836 226
   3753 227
   3702 228
   3636 229
   3671 230
   3609 231
   3467 232
   3591 233
   3494 234
   3429 235
   3580 236
   3397 237
   3358 238
   3457 239
   3269 240
   3337 241
   3263 242
   3398 243
   3307 244
   3343 245
   3180 246
   3189 247
   3173 248
   3118 249
   3063 250
   3103 251
   3123 252
   3095 253
   3174 254
   3034 255
   3092 256
   2977 257
   3090 258
   3124 259
   3160 260
   3030 261
   2973 262
   2945 263
   2953 264
   2972 265
   2954 266
   2833 267
   2783 268
   2863 269
   2810 270
   2734 271
   2764 272
   2788 273
   2595 274
   2572 275
   2648 276
   2726 277
   2610 278
   2659 279
   2625 280
   2690 281
   2616 282
   2549 283
   2619 284
   2510 285
   2606 286
   2410 287
   2502 288
   2505 289
   2501 290
   2506 291
   2523 292
   2411 293
   2452 294
   2474 295
   2465 296
   2406 297
   2464 298
   2390 299
   2374 300
   2457 301
   2366 302
   2390 303
   2421 304
   2431 305
   2403 306
   2361 307
   2355 308
   2354 309
   2293 310
   2321 311
   2304 312
   2257 313
   2294 314
   2330 315
   2234 316
   2251 317
   2162 318
   2176 319
   2150 320
   2242 321
   2268 322
   2212 323
   2163 324
   2199 325
   2217 326
   2164 327
   2135 328
   2108 329
   2097 330
   2165 331
   2154 332
   2183 333
   2079 334
   2105 335
   2146 336
   2086 337
   2094 338
   2058 339
   2016 340
   1986 341
   2108 342
   2029 343
   2019 344
   2034 345
   2034 346
   2051 347
   1976 348
   1937 349
   1891 350
   2015 351
   1967 352
   1823 353
   1916 354
   1922 355
   1871 356
   1942 357
   1940 358
   1951 359
   1850 360
   1929 361
   1922 362
   1934 363
   1907 364
   1937 365
   1915 366
   1905 367
   1859 368
   1862 369
   2007 370
   2017 371
   1930 372
   1981 373
   1949 374
   1844 375
   1887 376
   1884 377
   1782 378
   1792 379
   1888 380
   1901 381
   1790 382
   1770 383
   1843 384
   1802 385
   1838 386
   1851 387
   1785 388
   1778 389
   1754 390
   1791 391
   1692 392
   1717 393
   1768 394
   1647 395
   1733 396
   1639 397
   1690 398
   1677 399
   1714 400
   1672 401
   1723 402
   1705 403
   1792 404
   1704 405
   1665 406
   1733 407
   1719 408
   1676 409
   1692 410
   1753 411
   1678 412
   1633 413
   1672 414
   1631 415
   1570 416
   1638 417
   1642 418
   1591 419
   1673 420
   1656 421
   1552 422
   1657 423
   1674 424
   1657 425
   1623 426
   1638 427
   1683 428
   1717 429
   1616 430
   1667 431
   1709 432
   1652 433
   1623 434
   1678 435
   1691 436
   1672 437
   1654 438
   1711 439
   1678 440
   1566 441
   1604 442
   1566 443
   1565 444
   1661 445
   1643 446
   1640 447
   1548 448
   1568 449
   1520 450
   1545 451
   1571 452
   1587 453
   1587 454
   1557 455
   1648 456
   1655 457
   1614 458
   1556 459
   1586 460
   1664 461
   1590 462
   1667 463
   1593 464
   1624 465
   1637 466
   1643 467
   1610 468
   1698 469
   1708 470
   1679 471
   1735 472
   1655 473
   1667 474
   1655 475
   1656 476
   1771 477
   1679 478
   1679 479
   1734 480
   1692 481
   1668 482
   1704 483
   1786 484
   1799 485
   1646 486
   1756 487
   1695 488
   1744 489
   1636 490
   1658 491
   1691 492
   1588 493
   1675 494
   1674 495
   1618 496
   1661 497
   1681 498
   1703 499
   1744 500
   1625 501
   1680 502
   1652 503
   1647 504
   1666 505
   1634 506
   1527 507
   1710 508
   1649 509
   1698 510
   1604 511
   1566 512
   1660 513
   1615 514
   1571 515
   1576 516
   1629 517
   1672 518
   1588 519
   1561 520
   1565 521
   1556 522
   1594 523
   1555 524
   1499 525
   1468 526
   1568 527
   1439 528
   1500 529
   1516 530
   1545 531
   1535 532
   1527 533
   1428 534
   1483 535
   1511 536
   1433 537
   1360 538
   1421 539
   1410 540
   1371 541
   1425 542
   1362 543
   1432 544
   1367 545
   1411 546
   1432 547
   1399 548
   1400 549
   1416 550
   1389 551
   1469 552
   1336 553
   1392 554
   1422 555
   1418 556
   1369 557
   1315 558
   1328 559
   1273 560
   1240 561
   1309 562
   1319 563
   1276 564
   1248 565
   1244 566
   1263 567
   1262 568
   1287 569
   1259 570
   1234 571
   1228 572
   1295 573
   1179 574
   1177 575
   1143 576
   1192 577
   1181 578
   1083 579
   1105 580
   1141 581
   1189 582
   1135 583
   1143 584
   1066 585
   1156 586
   1061 587
   1100 588
   1060 589
   1099 590
   1125 591
   1074 592
   1049 593
   1008 594
   1021 595
   1062 596
   1000 597
   1012 598
    975 599
    995 600
    962 601
    937 602
    972 603
    950 604
    950 605
    876 606
    935 607
    908 608
    928 609
    937 610
    915 611
    873 612
    882 613
    864 614
    907 615
    905 616
    897 617
    867 618
    908 619
    892 620
    857 621
    839 622
    914 623
    824 624
    862 625
    864 626
    782 627
    859 628
    850 629
    821 630
    819 631
    847 632
    811 633
    816 634
    786 635
    837 636
    796 637
    768 638
    815 639
    787 640
    799 641
    796 642
    757 643
    713 644
    725 645
    725 646
    799 647
    722 648
    703 649
    728 650
    743 651
    759 652
    725 653
    739 654
    692 655
    746 656
    713 657
    678 658
    664 659
    713 660
    711 661
    665 662
    616 663
    716 664
    682 665
    655 666
    653 667
    638 668
    636 669
    665 670
    612 671
    656 672
    652 673
    651 674
    637 675
    638 676
    600 677
    625 678
    615 679
    641 680
    647 681
    642 682
    589 683
    629 684
    629 685
    581 686
    628 687
    593 688
    637 689
    589 690
    598 691
    588 692
    630 693
    570 694
    600 695
    616 696
    586 697
    601 698
    564 699
    621 700
    601 701
    594 702
    549 703
    593 704
    534 705
    573 706
    571 707
    527 708
    548 709
    553 710
    558 711
    508 712
    500 713
    526 714
    560 715
    516 716
    521 717
    564 718
    513 719
    536 720
    510 721
    551 722
    525 723
    548 724
    501 725
    558 726
    546 727
    587 728
    519 729
    526 730
    490 731
    491 732
    520 733
    508 734
    512 735
    510 736
    470 737
    483 738
    461 739
    500 740
    468 741
    479 742
    496 743
    504 744
    462 745
    445 746
    460 747
    473 748
    493 749
    484 750
    474 751
    444 752
    492 753
    455 754
    539 755
    481 756
    463 757
    481 758
    464 759
    466 760
    489 761
    467 762
    460 763
    447 764
    435 765
    464 766
    481 767
    438 768
    492 769
    467 770
    472 771
    454 772
    453 773
    488 774
    453 775
    442 776
    424 777
    456 778
    456 779
    452 780
    433 781
    410 782
    439 783
    490 784
    453 785
    442 786
    396 787
    407 788
    429 789
    414 790
    404 791
    408 792
    427 793
    414 794
    420 795
    403 796
    389 797
    386 798
    380 799
    433 800
    377 801
    392 802
    456 803
    387 804
    362 805
    401 806
    365 807
    396 808
    377 809
    365 810
    389 811
    383 812
    354 813
    373 814
    355 815
    371 816
    364 817
    369 818
    386 819
    399 820
    391 821
    381 822
    358 823
    379 824
    433 825
    355 826
    426 827
    411 828
    423 829
    393 830
    334 831
    379 832
    348 833
    376 834
    326 835
    384 836
    364 837
    386 838
    365 839
    374 840
    405 841
    393 842
    356 843
    313 844
    364 845
    359 846
    384 847
    351 848
    359 849
    358 850
    351 851
    327 852
    384 853
    365 854
    326 855
    349 856
    322 857
    335 858
    341 859
    359 860
    400 861
    392 862
    358 863
    332 864
    356 865
    356 866
    363 867
    362 868
    379 869
    372 870
    329 871
    351 872
    343 873
    343 874
    348 875
    346 876
    326 877
    345 878
    317 879
    312 880
    347 881
    315 882
    308 883
    323 884
    351 885
    318 886
    327 887
    323 888
    359 889
    356 890
    368 891
    321 892
    331 893
    345 894
    328 895
    316 896
    315 897
    352 898
    322 899
    303 900
    323 901
    305 902
    326 903
    300 904
    291 905
    314 906
    311 907
    281 908
    283 909
    304 910
    261 911
    284 912
    292 913
    303 914
    312 915
    328 916
    293 917
    283 918
    267 919
    280 920
    303 921
    295 922
    301 923
    293 924
    304 925
    293 926
    298 927
    317 928
    307 929
    335 930
    300 931
    310 932
    327 933
    278 934
    291 935
    299 936
    281 937
    278 938
    288 939
    316 940
    278 941
    292 942
    300 943
    291 944
    267 945
    286 946
    275 947
    266 948
    275 949
    280 950
    289 951
    237 952
    261 953
    269 954
    271 955
    234 956
    252 957
    259 958
    262 959
    270 960
    221 961
    269 962
    251 963
    242 964
    253 965
    233 966
    251 967
    254 968
    263 969
    256 970
    237 971
    267 972
    220 973
    232 974
    251 975
    230 976
    252 977
    252 978
    290 979
    232 980
    232 981
    259 982
    283 983
    240 984
    257 985
    264 986
    229 987
    236 988
    212 989
    248 990
    237 991
    247 992
    233 993
    253 994
    251 995
    245 996
    234 997
    267 998
    242 999
    238 1000
    209 1001
    273 1002
    225 1003
    198 1004
    229 1005
    240 1006
    240 1007
    212 1008
    228 1009
    229 1010
    231 1011
    216 1012
    225 1013
    241 1014
    216 1015
    211 1016
    230 1017
    220 1018
    220 1019
    215 1020
    213 1021
    230 1022
    226 1023
    217 1024
    185 1025
    221 1026
    213 1027
    215 1028
    206 1029
    218 1030
    210 1031
    233 1032
    228 1033
    214 1034
    206 1035
    205 1036
    211 1037
    217 1038
    215 1039
    176 1040
    229 1041
    201 1042
    231 1043
    223 1044
    208 1045
    214 1046
    210 1047
    178 1048
    205 1049
    189 1050
    217 1051
    233 1052
    200 1053
    202 1054
    198 1055
    195 1056
    191 1057
    202 1058
    192 1059
    236 1060
    216 1061
    199 1062
    214 1063
    199 1064
    179 1065
    187 1066
    206 1067
    194 1068
    215 1069
    204 1070
    200 1071
    221 1072
    189 1073
    186 1074
    205 1075
    236 1076
    191 1077
    201 1078
    175 1079
    207 1080
    212 1081
    196 1082
    195 1083
    200 1084
    220 1085
    194 1086
    205 1087
    209 1088
    216 1089
    199 1090
    191 1091
    185 1092
    214 1093
    199 1094
    200 1095
    193 1096
    187 1097
    190 1098
    201 1099
    182 1100
    172 1101
    187 1102
    172 1103
    185 1104
    185 1105
    183 1106
    170 1107
    213 1108
    171 1109
    184 1110
    170 1111
    187 1112
    180 1113
    166 1114
    193 1115
    189 1116
    184 1117
    186 1118
    178 1119
    194 1120
    191 1121
    189 1122
    194 1123
    191 1124
    171 1125
    189 1126
    186 1127
    177 1128
    185 1129
    198 1130
    184 1131
    197 1132
    185 1133
    189 1134
    198 1135
    192 1136
    165 1137
    183 1138
    181 1139
    184 1140
    187 1141
    152 1142
    170 1143
    183 1144
    191 1145
    164 1146
    218 1147
    158 1148
    159 1149
    177 1150
    187 1151
    173 1152
    198 1153
    182 1154
    213 1155
    186 1156
    172 1157
    180 1158
    187 1159
    181 1160
    157 1161
    191 1162
    175 1163
    174 1164
    145 1165
    163 1166
    162 1167
    177 1168
    178 1169
    174 1170
    177 1171
    177 1172
    156 1173
    166 1174
    174 1175
    169 1176
    169 1177
    178 1178
    198 1179
    194 1180
    182 1181
    204 1182
    160 1183
    198 1184
    172 1185
    177 1186
    163 1187
    180 1188
    183 1189
    160 1190
    163 1191
    179 1192
    173 1193
    184 1194
    165 1195
    164 1196
    169 1197
    166 1198
    169 1199
    167 1200
    159 1201
    157 1202
    196 1203
    179 1204
    190 1205
    181 1206
    169 1207
    190 1208
    182 1209
    195 1210
    184 1211
    167 1212
    172 1213
    217 1214
    183 1215
    147 1216
    156 1217
    153 1218
    169 1219
    170 1220
    187 1221
    158 1222
    185 1223
    191 1224
    159 1225
    159 1226
    156 1227
    161 1228
    167 1229
    171 1230
    160 1231
    209 1232
    163 1233
    151 1234
    148 1235
    173 1236
    152 1237
    163 1238
    171 1239
    152 1240
    165 1241
    151 1242
    160 1243
    152 1244
    165 1245
    171 1246
    174 1247
    168 1248
    172 1249
    134 1250
    163 1251
    170 1252
    147 1253
    168 1254
    147 1255
    179 1256
    179 1257
    144 1258
    152 1259
    172 1260
    171 1261
    157 1262
    152 1263
    158 1264
    168 1265
    159 1266
    147 1267
    180 1268
    130 1269
    162 1270
    151 1271
    155 1272
    159 1273
    166 1274
    172 1275
    152 1276
    171 1277
    156 1278
    165 1279
    186 1280
    187 1281
    145 1282
    173 1283
    165 1284
    141 1285
    153 1286
    151 1287
    160 1288
    165 1289
    192 1290
    172 1291
    148 1292
    144 1293
    160 1294
    159 1295
    149 1296
    162 1297
    145 1298
    152 1299
    145 1300
    183 1301
    155 1302
    163 1303
    155 1304
    154 1305
    157 1306
    153 1307
    139 1308
    164 1309
    155 1310
    139 1311
    139 1312
    152 1313
    140 1314
    134 1315
    153 1316
    144 1317
    137 1318
    141 1319
    137 1320
    147 1321
    150 1322
    138 1323
    143 1324
    141 1325
    160 1326
    131 1327
    142 1328
    168 1329
    131 1330
    143 1331
    116 1332
    164 1333
    138 1334
    135 1335
    157 1336
    148 1337
    123 1338
    157 1339
    144 1340
    151 1341
    146 1342
    156 1343
    174 1344
    153 1345
    163 1346
    138 1347
    164 1348
    161 1349
    152 1350
    155 1351
    151 1352
    153 1353
    145 1354
    148 1355
    143 1356
    140 1357
    136 1358
    154 1359
    157 1360
    167 1361
    153 1362
    141 1363
    140 1364
    153 1365
    152 1366
    151 1367
    151 1368
    156 1369
    141 1370
    147 1371
    160 1372
    141 1373
    138 1374
    146 1375
    143 1376
    141 1377
    145 1378
    150 1379
    149 1380
    166 1381
    131 1382
    142 1383
    166 1384
    154 1385
    143 1386
    140 1387
    149 1388
    135 1389
    135 1390
    153 1391
    144 1392
    140 1393
    145 1394
    141 1395
    142 1396
    137 1397
    120 1398
    147 1399
    152 1400
    134 1401
    143 1402
    151 1403
    149 1404
    130 1405
    160 1406
    149 1407
    136 1408
    151 1409
    147 1410
    136 1411
    138 1412
    125 1413
    137 1414
    134 1415
    127 1416
    144 1417
    140 1418
    124 1419
    120 1420
    142 1421
    131 1422
    148 1423
    132 1424
    135 1425
    120 1426
    128 1427
    139 1428
    138 1429
    139 1430
    130 1431
    145 1432
    133 1433
    159 1434
    128 1435
    122 1436
    121 1437
    113 1438
    110 1439
    122 1440
    128 1441
    153 1442
    129 1443
    151 1444
    112 1445
    141 1446
    152 1447
    137 1448
    119 1449
    128 1450
    140 1451
    136 1452
    148 1453
    136 1454
    132 1455
    129 1456
    108 1457
    144 1458
    138 1459
    145 1460
    126 1461
    149 1462
    135 1463
    133 1464
    138 1465
    133 1466
    111 1467
    111 1468
    135 1469
    127 1470
    110 1471
    127 1472
    126 1473
    123 1474
    134 1475
    110 1476
    141 1477
    135 1478
    137 1479
    111 1480
    128 1481
    131 1482
    122 1483
    123 1484
    127 1485
    148 1486
    141 1487
    130 1488
    120 1489
    138 1490
    147 1491
    131 1492
    120 1493
    148 1494
    113 1495
    135 1496
    127 1497
    138 1498
    136 1499
    129 1500
    129 1501
    132 1502
    126 1503
    110 1504
    135 1505
    124 1506
    146 1507
    147 1508
    147 1509
    139 1510
    146 1511
    120 1512
    115 1513
    143 1514
    133 1515
    131 1516
    125 1517
    116 1518
    123 1519
    138 1520
    133 1521
    113 1522
    140 1523
    127 1524
    119 1525
    117 1526
    137 1527
    127 1528
    125 1529
    124 1530
    130 1531
    128 1532
     99 1533
    129 1534
    123 1535
    120 1536
    121 1537
    117 1538
    116 1539
    115 1540
    111 1541
    119 1542
    120 1543
    110 1544
    115 1545
    119 1546
    109 1547
    123 1548
    128 1549
    116 1550
    122 1551
    115 1552
    109 1553
    120 1554
    120 1555
    106 1556
     94 1557
    119 1558
    126 1559
    103 1560
    128 1561
    111 1562
    145 1563
    114 1564
    119 1565
    119 1566
    111 1567
    118 1568
    123 1569
    119 1570
    109 1571
    107 1572
    108 1573
    118 1574
    103 1575
    130 1576
    110 1577
    111 1578
    129 1579
    113 1580
    134 1581
    136 1582
    131 1583
    122 1584
    112 1585
    126 1586
    133 1587
    110 1588
    114 1589
    115 1590
    109 1591
    122 1592
    120 1593
    120 1594
    130 1595
    118 1596
    132 1597
    109 1598
    135 1599
    125 1600
    118 1601
    142 1602
    119 1603
    134 1604
    114 1605
    120 1606
    119 1607
    133 1608
     90 1609
    112 1610
    117 1611
    129 1612
    123 1613
    105 1614
    115 1615
    103 1616
    134 1617
    129 1618
    110 1619
    131 1620
    108 1621
    104 1622
    127 1623
    107 1624
    136 1625
    123 1626
    117 1627
    112 1628
    120 1629
    121 1630
    131 1631
    106 1632
    118 1633
    109 1634
    110 1635
    126 1636
    110 1637
    114 1638
    103 1639
    121 1640
    126 1641
    110 1642
     88 1643
    119 1644
    109 1645
    111 1646
    105 1647
    104 1648
    122 1649
    135 1650
    110 1651
     93 1652
    108 1653
     95 1654
    104 1655
     98 1656
    104 1657
    117 1658
    117 1659
    128 1660
    111 1661
    122 1662
    103 1663
    115 1664
    100 1665
    123 1666
    126 1667
    117 1668
    121 1669
     98 1670
    110 1671
    108 1672
    103 1673
    127 1674
    121 1675
    102 1676
     95 1677
    100 1678
     87 1679
     98 1680
    108 1681
    130 1682
    109 1683
     94 1684
    103 1685
    111 1686
    108 1687
    106 1688
    107 1689
    113 1690
    116 1691
    105 1692
    113 1693
     98 1694
    113 1695
    115 1696
    108 1697
    137 1698
    121 1699
     92 1700
     99 1701
    113 1702
    104 1703
    127 1704
    124 1705
    113 1706
    121 1707
    106 1708
    111 1709
    111 1710
    114 1711
    117 1712
    113 1713
    117 1714
    133 1715
     94 1716
     99 1717
    104 1718
    116 1719
    123 1720
    116 1721
    120 1722
    114 1723
     90 1724
    115 1725
    125 1726
    110 1727
    108 1728
    145 1729
    114 1730
     87 1731
    103 1732
    132 1733
    104 1734
    111 1735
    107 1736
     94 1737
     80 1738
    115 1739
    103 1740
    106 1741
     96 1742
    110 1743
     94 1744
    109 1745
     97 1746
    101 1747
    104 1748
     97 1749
    106 1750
    104 1751
     95 1752
    103 1753
     99 1754
    100 1755
    118 1756
     92 1757
     88 1758
     98 1759
     99 1760
    100 1761
    102 1762
     85 1763
     96 1764
     94 1765
    113 1766
    100 1767
    109 1768
     89 1769
    102 1770
     87 1771
     85 1772
     91 1773
     82 1774
     83 1775
    103 1776
     77 1777
     90 1778
     99 1779
     93 1780
     99 1781
    101 1782
     90 1783
    105 1784
     98 1785
     85 1786
    103 1787
    114 1788
     95 1789
     89 1790
     92 1791
     98 1792
     84 1793
     87 1794
     99 1795
    108 1796
    101 1797
     84 1798
     97 1799
     96 1800
     96 1801
     84 1802
    101 1803
     75 1804
     91 1805
     94 1806
     99 1807
     88 1808
     87 1809
     93 1810
    101 1811
     93 1812
     82 1813
     83 1814
     89 1815
     92 1816
    104 1817
    106 1818
     68 1819
     96 1820
     86 1821
     88 1822
    104 1823
     78 1824
     77 1825
     90 1826
     98 1827
     83 1828
     92 1829
    106 1830
    102 1831
    106 1832
     90 1833
     71 1834
     81 1835
     83 1836
     89 1837
     86 1838
     97 1839
     82 1840
     88 1841
     72 1842
     94 1843
     76 1844
     87 1845
     83 1846
     75 1847
     89 1848
     76 1849
     78 1850
     84 1851
     88 1852
     84 1853
     86 1854
     85 1855
     82 1856
     96 1857
     86 1858
     96 1859
    105 1860
     71 1861
     95 1862
     90 1863
     77 1864
     99 1865
     88 1866
     83 1867
     92 1868
     98 1869
     84 1870
     89 1871
     79 1872
     85 1873
     78 1874
    105 1875
    100 1876
     74 1877
     73 1878
     90 1879
    102 1880
     86 1881
     85 1882
     97 1883
     81 1884
    106 1885
     80 1886
     78 1887
     79 1888
     85 1889
     73 1890
     81 1891
     74 1892
     91 1893
     84 1894
     96 1895
     96 1896
     82 1897
     79 1898
     84 1899
     69 1900
     85 1901
     74 1902
     98 1903
     96 1904
     89 1905
     80 1906
     75 1907
     89 1908
     95 1909
     88 1910
     93 1911
     85 1912
     89 1913
     75 1914
     85 1915
     79 1916
     70 1917
     77 1918
     96 1919
     85 1920
     85 1921
     59 1922
     81 1923
     89 1924
     77 1925
    104 1926
     86 1927
     80 1928
     81 1929
     94 1930
     72 1931
     89 1932
     82 1933
    102 1934
     96 1935
    101 1936
     72 1937
     97 1938
     80 1939
     95 1940
     87 1941
     92 1942
     95 1943
     76 1944
     72 1945
     78 1946
     69 1947
     79 1948
     82 1949
     72 1950
     90 1951
     75 1952
     80 1953
     88 1954
     82 1955
     95 1956
     68 1957
     83 1958
     91 1959
     86 1960
     78 1961
     72 1962
     70 1963
     94 1964
     65 1965
     67 1966
     73 1967
     76 1968
     92 1969
     68 1970
     76 1971
     76 1972
     78 1973
     71 1974
     65 1975
     71 1976
     87 1977
     66 1978
     85 1979
     77 1980
     60 1981
     71 1982
     72 1983
     80 1984
     79 1985
     73 1986
     60 1987
     70 1988
     80 1989
     66 1990
     77 1991
     74 1992
     65 1993
     60 1994
     70 1995
     69 1996
     78 1997
     77 1998
     74 1999
     71 2000
     73 2001
     80 2002
     76 2003
     77 2004
     68 2005
     81 2006
     62 2007
     79 2008
     64 2009
     73 2010
     73 2011
     60 2012
     84 2013
     66 2014
     78 2015
     78 2016
     71 2017
     78 2018
     75 2019
     66 2020
     93 2021
     85 2022
     60 2023
     86 2024
     65 2025
     64 2026
     72 2027
     89 2028
     82 2029
     72 2030
     74 2031
     76 2032
     67 2033
     74 2034
     67 2035
     69 2036
     80 2037
     93 2038
     79 2039
    100 2040
     77 2041
     83 2042
     67 2043
     73 2044
     67 2045
     86 2046
     78 2047
     82 2048
     76 2049
     68 2050
     88 2051
     80 2052
     83 2053
     81 2054
     78 2055
     89 2056
     71 2057
     79 2058
     76 2059
     71 2060
     83 2061
     77 2062
     88 2063
     63 2064
     67 2065
     57 2066
     80 2067
     68 2068
     66 2069
     70 2070
     71 2071
     63 2072
     84 2073
     69 2074
     80 2075
     61 2076
     74 2077
     71 2078
     65 2079
     74 2080
     56 2081
     62 2082
     73 2083
     65 2084
     71 2085
     77 2086
     87 2087
     64 2088
     77 2089
     77 2090
     78 2091
     81 2092
     70 2093
     55 2094
     73 2095
     76 2096
     69 2097
     79 2098
     63 2099
     74 2100
     65 2101
     81 2102
     87 2103
     67 2104
     61 2105
     56 2106
     69 2107
     75 2108
     62 2109
     52 2110
     70 2111
     72 2112
     63 2113
     69 2114
     64 2115
     67 2116
     58 2117
     52 2118
     55 2119
     63 2120
     68 2121
     57 2122
     58 2123
     61 2124
     58 2125
     74 2126
     60 2127
     59 2128
     67 2129
     58 2130
     70 2131
     53 2132
     49 2133
     66 2134
     69 2135
     66 2136
     63 2137
     70 2138
     60 2139
     55 2140
     59 2141
     56 2142
     53 2143
     68 2144
     63 2145
     76 2146
     65 2147
     70 2148
     61 2149
     57 2150
     66 2151
     70 2152
     66 2153
     69 2154
     66 2155
     54 2156
     80 2157
     56 2158
     51 2159
     66 2160
     53 2161
     67 2162
     54 2163
     58 2164
     62 2165
     58 2166
     64 2167
     75 2168
     61 2169
     68 2170
     64 2171
     65 2172
     46 2173
     70 2174
     65 2175
     77 2176
     57 2177
     68 2178
     66 2179
     54 2180
     70 2181
     70 2182
     72 2183
     63 2184
     65 2185
     59 2186
     73 2187
     61 2188
     58 2189
     57 2190
     77 2191
     55 2192
     59 2193
     65 2194
     59 2195
     64 2196
     61 2197
     86 2198
     68 2199
     70 2200
     59 2201
     89 2202
     53 2203
     68 2204
     70 2205
     69 2206
     63 2207
     80 2208
     72 2209
     69 2210
     54 2211
     68 2212
     69 2213
     60 2214
     66 2215
     55 2216
     62 2217
     62 2218
     52 2219
     59 2220
     59 2221
     59 2222
     53 2223
     52 2224
     55 2225
     60 2226
     55 2227
     61 2228
     64 2229
     61 2230
     54 2231
     72 2232
     63 2233
     60 2234
     71 2235
     75 2236
     61 2237
     46 2238
     50 2239
     58 2240
     53 2241
     54 2242
     62 2243
     59 2244
     59 2245
     61 2246
     65 2247
     50 2248
     66 2249
     61 2250
     63 2251
     49 2252
     52 2253
     65 2254
     48 2255
     57 2256
     51 2257
     54 2258
     65 2259
     65 2260
     67 2261
     63 2262
     55 2263
     60 2264
     60 2265
     65 2266
     72 2267
     56 2268
     52 2269
     60 2270
     60 2271
     63 2272
     53 2273
     43 2274
     52 2275
     59 2276
     49 2277
     63 2278
     66 2279
     43 2280
     80 2281
     54 2282
     62 2283
     66 2284
     62 2285
     59 2286
     56 2287
     59 2288
     58 2289
     61 2290
     48 2291
     68 2292
     50 2293
     51 2294
     49 2295
     43 2296
     49 2297
     58 2298
     51 2299
     48 2300
     69 2301
     49 2302
     50 2303
     58 2304
     67 2305
     69 2306
     62 2307
     41 2308
     56 2309
     60 2310
     55 2311
     71 2312
     62 2313
     55 2314
     66 2315
     70 2316
     56 2317
     58 2318
     47 2319
     55 2320
     44 2321
     42 2322
     46 2323
     68 2324
     47 2325
     47 2326
     58 2327
     50 2328
     47 2329
     48 2330
     58 2331
     53 2332
     58 2333
     54 2334
     48 2335
     56 2336
     57 2337
     72 2338
     52 2339
     58 2340
     71 2341
     68 2342
     60 2343
     56 2344
     63 2345
     67 2346
     55 2347
     45 2348
     52 2349
     45 2350
     63 2351
     49 2352
     65 2353
     58 2354
     57 2355
     65 2356
     58 2357
     55 2358
     62 2359
     52 2360
     61 2361
     45 2362
     59 2363
     66 2364
     58 2365
     55 2366
     58 2367
     64 2368
     55 2369
     54 2370
     46 2371
     46 2372
     56 2373
     60 2374
     55 2375
     64 2376
     38 2377
     58 2378
     64 2379
     62 2380
     54 2381
     57 2382
     65 2383
     52 2384
     59 2385
     61 2386
     43 2387
     51 2388
     45 2389
     44 2390
     45 2391
     53 2392
     54 2393
     37 2394
     58 2395
     59 2396
     55 2397
     49 2398
     54 2399
     38 2400
     46 2401
     46 2402
     76 2403
     53 2404
     37 2405
     52 2406
     57 2407
     45 2408
     58 2409
     48 2410
     48 2411
     56 2412
     48 2413
     61 2414
     57 2415
     61 2416
     52 2417
     59 2418
     47 2419
     58 2420
     51 2421
     56 2422
     68 2423
     49 2424
     59 2425
     36 2426
     57 2427
     36 2428
     50 2429
     36 2430
     47 2431
     45 2432
     32 2433
     49 2434
     58 2435
     41 2436
     56 2437
     51 2438
     50 2439
     57 2440
     52 2441
     51 2442
     48 2443
     47 2444
     48 2445
     53 2446
     55 2447
     64 2448
     62 2449
     57 2450
     48 2451
     51 2452
     53 2453
     57 2454
     55 2455
     53 2456
     51 2457
     38 2458
     51 2459
     52 2460
     60 2461
     40 2462
     54 2463
     56 2464
     47 2465
     46 2466
     45 2467
     67 2468
     57 2469
     58 2470
     43 2471
     40 2472
     46 2473
     50 2474
     48 2475
     60 2476
     55 2477
     46 2478
     48 2479
     59 2480
     47 2481
     48 2482
     51 2483
     39 2484
     64 2485
     54 2486
     67 2487
     56 2488
     51 2489
     49 2490
     55 2491
     57 2492
     42 2493
     50 2494
     48 2495
     56 2496
     56 2497
     54 2498
     42 2499
     40 2500
     48 2501
     47 2502
     54 2503
     63 2504
     47 2505
     42 2506
     42 2507
     58 2508
     58 2509
     49 2510
     65 2511
     54 2512
     57 2513
     42 2514
     52 2515
     48 2516
     46 2517
     55 2518
     44 2519
     60 2520
     69 2521
     41 2522
     49 2523
     52 2524
     42 2525
     64 2526
     60 2527
     57 2528
     26 2529
     54 2530
     48 2531
     50 2532
     43 2533
     58 2534
     47 2535
     45 2536
     44 2537
     41 2538
     45 2539
     46 2540
     47 2541
     58 2542
     50 2543
     47 2544
     57 2545
     58 2546
     42 2547
     49 2548
     52 2549
     41 2550
     57 2551
     52 2552
     45 2553
     46 2554
     45 2555
     47 2556
     37 2557
     52 2558
     41 2559
     46 2560
     58 2561
     48 2562
     43 2563
     55 2564
     30 2565
     61 2566
     57 2567
     54 2568
     41 2569
     58 2570
     48 2571
     42 2572
     57 2573
     38 2574
     52 2575
     43 2576
     37 2577
     49 2578
     46 2579
     51 2580
     50 2581
     61 2582
     40 2583
     40 2584
     36 2585
     51 2586
     36 2587
     51 2588
     51 2589
     43 2590
     44 2591
     36 2592
     54 2593
     42 2594
     47 2595
     52 2596
     46 2597
     51 2598
     40 2599
     43 2600
     54 2601
     44 2602
     37 2603
     50 2604
     51 2605
     48 2606
     57 2607
     42 2608
     40 2609
     43 2610
     36 2611
     55 2612
     37 2613
     48 2614
     32 2615
     44 2616
     42 2617
     41 2618
     38 2619
     46 2620
     35 2621
     59 2622
     41 2623
     41 2624
     49 2625
     54 2626
     46 2627
     31 2628
     55 2629
     46 2630
     49 2631
     38 2632
     38 2633
     58 2634
     52 2635
     42 2636
     50 2637
     45 2638
     42 2639
     38 2640
     51 2641
     47 2642
     50 2643
     39 2644
     50 2645
     43 2646
     57 2647
     50 2648
     52 2649
     44 2650
     41 2651
     40 2652
     36 2653
     44 2654
     48 2655
     44 2656
     35 2657
     41 2658
     47 2659
     36 2660
     48 2661
     54 2662
     41 2663
     43 2664
     46 2665
     43 2666
     48 2667
     34 2668
     48 2669
     47 2670
     57 2671
     39 2672
     38 2673
     36 2674
     42 2675
     38 2676
     36 2677
     51 2678
     51 2679
     47 2680
     42 2681
     38 2682
     42 2683
     45 2684
     45 2685
     44 2686
     37 2687
     41 2688
     48 2689
     37 2690
     40 2691
     47 2692
     34 2693
     40 2694
     49 2695
     43 2696
     47 2697
     43 2698
     26 2699
     28 2700
     37 2701
     62 2702
     28 2703
     27 2704
     47 2705
     39 2706
     31 2707
     46 2708
     37 2709
     42 2710
     36 2711
     41 2712
     39 2713
     40 2714
     41 2715
     41 2716
     44 2717
     38 2718
     34 2719
     42 2720
     43 2721
     43 2722
     29 2723
     43 2724
     59 2725
     51 2726
     48 2727
     38 2728
     43 2729
     53 2730
     38 2731
     32 2732
     51 2733
     38 2734
     36 2735
     34 2736
     34 2737
     43 2738
     38 2739
     38 2740
     33 2741
     29 2742
     43 2743
     55 2744
     47 2745
     35 2746
     44 2747
     28 2748
     33 2749
     32 2750
     47 2751
     40 2752
     30 2753
     43 2754
     42 2755
     34 2756
     27 2757
     30 2758
     35 2759
     39 2760
     41 2761
     36 2762
     46 2763
     32 2764
     43 2765
     28 2766
     30 2767
     41 2768
     38 2769
     45 2770
     38 2771
     27 2772
     41 2773
     48 2774
     35 2775
     47 2776
     32 2777
     43 2778
     47 2779
     32 2780
     47 2781
     32 2782
     45 2783
     41 2784
     35 2785
     42 2786
     44 2787
     32 2788
     39 2789
     32 2790
     40 2791
     34 2792
     37 2793
     42 2794
     35 2795
     35 2796
     36 2797
     30 2798
     33 2799
     41 2800
     28 2801
     37 2802
     43 2803
     30 2804
     35 2805
     41 2806
     32 2807
     43 2808
     34 2809
     41 2810
     44 2811
     34 2812
     45 2813
     33 2814
     34 2815
     38 2816
     39 2817
     37 2818
     34 2819
     38 2820
     37 2821
     42 2822
     45 2823
     38 2824
     22 2825
     33 2826
     32 2827
     31 2828
     33 2829
     32 2830
     31 2831
     39 2832
     42 2833
     42 2834
     50 2835
     32 2836
     25 2837
     35 2838
     36 2839
     43 2840
     33 2841
     32 2842
     37 2843
     35 2844
     45 2845
     49 2846
     47 2847
     40 2848
     43 2849
     35 2850
     36 2851
     42 2852
     43 2853
     31 2854
     46 2855
     40 2856
     35 2857
     35 2858
     44 2859
     37 2860
     41 2861
     42 2862
     46 2863
     41 2864
     36 2865
     40 2866
     39 2867
     35 2868
     33 2869
     41 2870
     34 2871
     39 2872
     42 2873
     49 2874
     38 2875
     39 2876
     42 2877
     39 2878
     40 2879
     42 2880
     39 2881
     36 2882
     36 2883
     38 2884
     36 2885
     35 2886
     31 2887
     33 2888
     27 2889
     39 2890
     37 2891
     35 2892
     47 2893
     30 2894
     39 2895
     46 2896
     29 2897
     42 2898
     37 2899
     36 2900
     44 2901
     29 2902
     34 2903
     38 2904
     40 2905
     36 2906
     40 2907
     36 2908
     33 2909
     35 2910
     27 2911
     37 2912
     38 2913
     47 2914
     43 2915
     50 2916
     43 2917
     37 2918
     29 2919
     40 2920
     46 2921
     37 2922
     33 2923
     42 2924
     31 2925
     35 2926
     32 2927
     31 2928
     24 2929
     52 2930
     39 2931
     28 2932
     34 2933
     43 2934
     32 2935
     30 2936
     53 2937
     29 2938
     37 2939
     32 2940
     46 2941
     39 2942
     50 2943
     38 2944
     25 2945
     30 2946
     43 2947
     47 2948
     43 2949
     37 2950
     40 2951
     30 2952
     36 2953
     31 2954
     32 2955
     48 2956
     29 2957
     46 2958
     39 2959
     37 2960
     28 2961
     45 2962
     41 2963
     32 2964
     35 2965
     37 2966
     35 2967
     41 2968
     37 2969
     35 2970
     36 2971
     35 2972
     37 2973
     34 2974
     35 2975
     32 2976
     45 2977
     45 2978
     41 2979
     37 2980
     43 2981
     34 2982
     30 2983
     45 2984
     35 2985
     25 2986
     33 2987
     40 2988
     33 2989
     48 2990
     42 2991
     42 2992
     29 2993
     32 2994
     40 2995
     24 2996
     39 2997
     39 2998
     34 2999
     29 3000
     36 3001
     47 3002
     32 3003
     32 3004
     44 3005
     29 3006
     40 3007
     38 3008
     39 3009
     36 3010
     37 3011
     36 3012
     34 3013
     34 3014
     37 3015
     31 3016
     33 3017
     26 3018
     31 3019
     37 3020
     26 3021
     39 3022
     34 3023
     41 3024
     36 3025
     36 3026
     36 3027
     31 3028
     37 3029
     27 3030
     33 3031
     50 3032
     25 3033
     44 3034
     38 3035
     31 3036
     29 3037
     38 3038
     35 3039
     37 3040
     23 3041
     41 3042
     31 3043
     42 3044
     43 3045
     33 3046
     35 3047
     28 3048
     29 3049
     39 3050
     32 3051
     33 3052
     41 3053
     37 3054
     34 3055
     39 3056
     41 3057
     43 3058
     35 3059
     33 3060
     45 3061
     36 3062
     30 3063
     34 3064
     41 3065
     31 3066
     35 3067
     42 3068
     38 3069
     30 3070
     51 3071
     38 3072
     45 3073
     49 3074
     31 3075
     40 3076
     40 3077
     39 3078
     34 3079
     36 3080
     26 3081
     52 3082
     40 3083
     36 3084
     39 3085
     44 3086
     41 3087
     41 3088
     33 3089
     36 3090
     38 3091
     39 3092
     34 3093
     23 3094
     48 3095
     44 3096
     36 3097
     31 3098
     42 3099
     31 3100
     42 3101
     38 3102
     34 3103
     41 3104
     31 3105
     39 3106
     34 3107
     34 3108
     42 3109
     49 3110
     27 3111
     33 3112
     30 3113
     38 3114
     38 3115
     48 3116
     38 3117
     38 3118
     46 3119
     31 3120
     35 3121
     35 3122
     33 3123
     33 3124
     44 3125
     39 3126
     35 3127
     38 3128
     37 3129
     30 3130
     37 3131
     44 3132
     36 3133
     25 3134
     33 3135
     37 3136
     34 3137
     42 3138
     26 3139
     33 3140
     31 3141
     28 3142
     37 3143
     31 3144
     45 3145
     28 3146
     38 3147
     44 3148
     33 3149
     41 3150
     32 3151
     37 3152
     34 3153
     32 3154
     28 3155
     43 3156
     39 3157
     28 3158
     47 3159
     35 3160
     35 3161
     34 3162
     34 3163
     40 3164
     28 3165
     32 3166
     31 3167
     38 3168
     38 3169
     44 3170
     36 3171
     43 3172
     34 3173
     38 3174
     39 3175
     38 3176
     28 3177
     33 3178
     37 3179
     53 3180
     34 3181
     25 3182
     39 3183
     38 3184
     32 3185
     37 3186
     31 3187
     36 3188
     36 3189
     36 3190
     26 3191
     26 3192
     32 3193
     30 3194
     34 3195
     29 3196
     26 3197
     31 3198
     31 3199
     39 3200
     25 3201
     38 3202
     40 3203
     21 3204
     32 3205
     28 3206
     55 3207
     39 3208
     35 3209
     24 3210
     34 3211
     47 3212
     29 3213
     49 3214
     33 3215
     44 3216
     33 3217
     35 3218
     34 3219
     28 3220
     38 3221
     31 3222
     21 3223
     31 3224
     17 3225
     40 3226
     33 3227
     40 3228
     38 3229
     35 3230
     31 3231
     36 3232
     42 3233
     29 3234
     31 3235
     36 3236
     27 3237
     33 3238
     39 3239
     38 3240
     24 3241
     31 3242
     35 3243
     33 3244
     28 3245
     38 3246
     44 3247
     39 3248
     37 3249
     30 3250
     31 3251
     27 3252
     37 3253
     36 3254
     36 3255
     43 3256
     34 3257
     38 3258
     39 3259
     39 3260
     36 3261
     32 3262
     34 3263
     26 3264
     44 3265
     48 3266
     36 3267
     32 3268
     35 3269
     36 3270
     31 3271
     41 3272
     41 3273
     42 3274
     39 3275
     42 3276
     41 3277
     39 3278
     35 3279
     32 3280
     31 3281
     38 3282
     46 3283
     28 3284
     42 3285
     30 3286
     40 3287
     40 3288
     42 3289
     26 3290
     39 3291
     36 3292
     35 3293
     41 3294
     37 3295
     42 3296
     35 3297
     27 3298
     35 3299
     37 3300
     32 3301
     34 3302
     31 3303
     31 3304
     34 3305
     45 3306
     41 3307
     49 3308
     38 3309
     23 3310
     39 3311
     38 3312
     36 3313
     33 3314
     36 3315
     38 3316
     36 3317
     28 3318
     26 3319
     36 3320
     30 3321
     31 3322
     36 3323
     24 3324
     31 3325
     23 3326
     33 3327
     31 3328
     33 3329
     40 3330
     27 3331
     27 3332
     26 3333
     33 3334
     40 3335
     22 3336
     29 3337
     40 3338
     30 3339
     42 3340
     36 3341
     31 3342
     22 3343
     35 3344
     40 3345
     44 3346
     24 3347
     36 3348
     31 3349
     28 3350
     42 3351
     41 3352
     35 3353
     34 3354
     38 3355
     39 3356
     44 3357
     30 3358
     36 3359
     27 3360
     37 3361
     53 3362
     31 3363
     41 3364
     35 3365
     37 3366
     32 3367
     41 3368
     40 3369
     40 3370
     37 3371
     38 3372
     37 3373
     32 3374
     33 3375
     32 3376
     31 3377
     37 3378
     27 3379
     39 3380
     37 3381
     38 3382
     30 3383
     40 3384
     36 3385
     34 3386
     28 3387
     33 3388
     39 3389
     23 3390
     29 3391
     27 3392
     28 3393
     36 3394
     29 3395
     35 3396
     36 3397
     35 3398
     28 3399
     33 3400
     31 3401
     34 3402
     39 3403
     36 3404
     22 3405
     36 3406
     42 3407
     35 3408
     40 3409
     36 3410
     28 3411
     27 3412
     37 3413
     43 3414
     23 3415
     39 3416
     30 3417
     33 3418
     34 3419
     31 3420
     27 3421
     32 3422
     29 3423
     38 3424
     36 3425
     29 3426
     35 3427
     28 3428
     34 3429
     38 3430
     32 3431
     34 3432
     34 3433
     40 3434
     36 3435
     33 3436
     45 3437
     44 3438
     30 3439
     32 3440
     47 3441
     39 3442
     25 3443
     43 3444
     31 3445
     30 3446
     44 3447
     36 3448
     41 3449
     40 3450
     33 3451
     35 3452
     27 3453
     30 3454
     39 3455
     33 3456
     36 3457
     36 3458
     27 3459
     51 3460
     32 3461
     32 3462
     50 3463
     37 3464
     38 3465
     34 3466
     29 3467
     40 3468
     38 3469
     36 3470
     44 3471
     30 3472
     29 3473
     32 3474
     32 3475
     32 3476
     34 3477
     39 3478
     32 3479
     39 3480
     42 3481
     34 3482
     42 3483
     38 3484
     28 3485
     38 3486
     47 3487
     29 3488
     35 3489
     36 3490
     40 3491
     40 3492
     34 3493
     36 3494
     44 3495
     40 3496
     49 3497
     44 3498
     35 3499
     42 3500
     38 3501
     42 3502
     42 3503
     39 3504
     18 3505
     29 3506
     39 3507
     34 3508
     40 3509
     44 3510
     52 3511
     31 3512
     47 3513
     28 3514
     33 3515
     38 3516
     52 3517
     40 3518
     39 3519
     33 3520
     34 3521
     42 3522
     33 3523
     46 3524
     40 3525
     33 3526
     41 3527
     36 3528
     34 3529
     39 3530
     34 3531
     45 3532
     39 3533
     35 3534
     46 3535
     44 3536
     35 3537
     37 3538
     45 3539
     43 3540
     35 3541
     55 3542
     30 3543
     29 3544
     37 3545
     29 3546
     33 3547
     29 3548
     43 3549
     45 3550
     27 3551
     33 3552
     32 3553
     33 3554
     31 3555
     40 3556
     37 3557
     30 3558
     35 3559
     29 3560
     42 3561
     36 3562
     32 3563
     22 3564
     27 3565
     31 3566
     36 3567
     29 3568
     30 3569
     31 3570
     28 3571
     29 3572
     43 3573
     41 3574
     37 3575
     35 3576
     44 3577
     32 3578
     36 3579
     41 3580
     38 3581
     28 3582
     36 3583
     30 3584
     32 3585
     33 3586
     32 3587
     33 3588
     31 3589
     28 3590
     42 3591
     38 3592
     40 3593
     39 3594
     30 3595
     37 3596
     30 3597
     37 3598
     31 3599
     29 3600
     38 3601
     38 3602
     29 3603
     24 3604
     36 3605
     23 3606
     29 3607
     39 3608
     40 3609
     30 3610
     29 3611
     35 3612
     21 3613
     35 3614
     31 3615
     38 3616
     27 3617
     33 3618
     29 3619
     27 3620
     37 3621
     27 3622
     34 3623
     46 3624
     38 3625
     31 3626
     29 3627
     41 3628
     31 3629
     28 3630
     43 3631
     33 3632
     34 3633
     32 3634
     33 3635
     37 3636
     35 3637
     38 3638
     45 3639
     38 3640
     38 3641
     46 3642
     30 3643
     36 3644
     33 3645
     28 3646
     28 3647
     31 3648
     29 3649
     37 3650
     41 3651
     32 3652
     43 3653
     34 3654
     41 3655
     30 3656
     35 3657
     21 3658
     34 3659
     34 3660
     27 3661
     45 3662
     33 3663
     38 3664
     32 3665
     36 3666
     33 3667
     26 3668
     28 3669
     38 3670
     36 3671
     28 3672
     39 3673
     28 3674
     34 3675
     36 3676
     20 3677
     24 3678
     31 3679
     36 3680
     31 3681
     40 3682
     29 3683
     28 3684
     30 3685
     32 3686
     41 3687
     31 3688
     32 3689
     31 3690
     33 3691
     30 3692
     38 3693
     31 3694
     24 3695
     36 3696
     30 3697
     37 3698
     28 3699
     36 3700
     33 3701
     32 3702
     32 3703
     36 3704
     27 3705
     26 3706
     30 3707
     30 3708
     33 3709
     35 3710
     21 3711
     35 3712
     30 3713
     30 3714
     28 3715
     27 3716
     30 3717
     40 3718
     37 3719
     28 3720
     31 3721
     28 3722
     30 3723
     25 3724
     30 3725
     23 3726
     31 3727
     24 3728
     28 3729
     37 3730
     25 3731
     24 3732
     36 3733
     29 3734
     33 3735
     35 3736
     30 3737
     32 3738
     35 3739
     32 3740
     33 3741
     41 3742
     22 3743
     36 3744
     26 3745
     28 3746
     32 3747
     33 3748
     31 3749
     32 3750
     43 3751
     37 3752
     31 3753
     31 3754
     32 3755
     24 3756
     36 3757
     35 3758
     36 3759
     33 3760
     35 3761
     32 3762
     31 3763
     29 3764
     34 3765
     26 3766
     35 3767
     32 3768
     26 3769
     25 3770
     32 3771
     24 3772
     31 3773
     29 3774
     26 3775
     38 3776
     33 3777
     28 3778
     24 3779
     32 3780
     31 3781
     34 3782
     34 3783
     35 3784
     36 3785
     41 3786
     17 3787
     29 3788
     25 3789
     37 3790
     38 3791
     35 3792
     37 3793
     31 3794
     40 3795
     28 3796
     37 3797
     36 3798
     36 3799
     26 3800
     43 3801
     34 3802
     36 3803
     34 3804
     25 3805
     27 3806
     35 3807
     33 3808
     23 3809
     38 3810
     37 3811
     34 3812
     22 3813
     39 3814
     37 3815
     39 3816
     35 3817
     38 3818
     25 3819
     35 3820
     30 3821
     42 3822
     26 3823
     45 3824
     39 3825
     35 3826
     38 3827
     30 3828
     19 3829
     27 3830
     48 3831
     35 3832
     40 3833
     36 3834
     43 3835
     28 3836
     44 3837
     45 3838
     42 3839
     45 3840
     38 3841
     33 3842
     26 3843
     30 3844
     32 3845
     36 3846
     45 3847
     33 3848
     39 3849
     43 3850
     27 3851
     39 3852
     38 3853
     36 3854
     33 3855
     40 3856
     32 3857
     38 3858
     26 3859
     33 3860
     42 3861
     38 3862
     34 3863
     30 3864
     32 3865
     39 3866
     41 3867
     32 3868
     25 3869
     36 3870
     36 3871
     42 3872
     41 3873
     37 3874
     33 3875
     44 3876
     27 3877
     23 3878
     34 3879
     32 3880
     33 3881
     32 3882
     37 3883
     36 3884
     30 3885
     22 3886
     14 3887
     39 3888
     29 3889
     36 3890
     31 3891
     30 3892
     33 3893
     40 3894
     38 3895
     29 3896
     31 3897
     28 3898
     30 3899
     28 3900
     31 3901
     25 3902
     34 3903
     31 3904
     29 3905
     33 3906
     23 3907
     37 3908
     35 3909
     26 3910
     35 3911
     36 3912
     29 3913
     32 3914
     31 3915
     35 3916
     33 3917
     36 3918
     25 3919
     35 3920
     37 3921
     21 3922
     22 3923
     34 3924
     34 3925
     32 3926
     36 3927
     33 3928
     34 3929
     38 3930
     25 3931
     31 3932
     34 3933
     23 3934
     27 3935
     35 3936
     30 3937
     20 3938
     30 3939
     31 3940
     30 3941
     27 3942
     28 3943
     24 3944
     28 3945
     36 3946
     22 3947
     30 3948
     22 3949
     36 3950
     34 3951
     28 3952
     27 3953
     25 3954
     34 3955
     25 3956
     32 3957
     36 3958
     37 3959
     29 3960
     33 3961
     31 3962
     28 3963
     25 3964
     34 3965
     30 3966
     28 3967
     39 3968
     26 3969
     33 3970
     36 3971
     36 3972
     28 3973
     32 3974
     24 3975
     23 3976
     26 3977
     27 3978
     39 3979
     24 3980
     22 3981
     27 3982
     23 3983
     30 3984
     31 3985
     29 3986
     20 3987
     39 3988
     31 3989
     20 3990
     26 3991
     29 3992
     24 3993
     27 3994
     36 3995
     35 3996
     25 3997
     32 3998
     27 3999
     31 4000
     28 4001
     30 4002
     27 4003
     30 4004
     30 4005
     20 4006
     32 4007
     28 4008
     29 4009
     25 4010
     20 4011
     29 4012
     23 4013
     30 4014
     29 4015
     22 4016
     29 4017
     20 4018
     26 4019
     29 4020
     29 4021
     25 4022
     28 4023
     33 4024
     26 4025
     25 4026
     25 4027
     24 4028
     22 4029
     25 4030
     21 4031
     36 4032
     37 4033
     28 4034
     31 4035
     30 4036
     30 4037
     27 4038
     19 4039
     26 4040
     29 4041
     19 4042
     29 4043
     37 4044
     19 4045
     25 4046
     24 4047
     17 4048
     27 4049
     26 4050
     26 4051
     23 4052
     17 4053
     29 4054
     29 4055
     21 4056
     33 4057
     24 4058
     25 4059
     27 4060
     32 4061
     27 4062
     19 4063
     30 4064
     27 4065
     32 4066
     28 4067
     19 4068
     25 4069
     24 4070
     25 4071
     15 4072
     25 4073
     16 4074
     20 4075
     24 4076
     27 4077
     33 4078
     20 4079
     25 4080
     18 4081
     18 4082
     16 4083
     29 4084
     21 4085
     29 4086
     17 4087
     28 4088
     26 4089
     21 4090
     23 4091
     20 4092
     21 4093
     18 4094
     27 4095
     21 4096
     22 4097
     32 4098
     29 4099
     23 4100
     23 4101
     24 4102
     14 4103
     26 4104
     28 4105
     18 4106
     22 4107
     16 4108
     14 4109
     18 4110
     19 4111
     21 4112
     16 4113
     20 4114
     21 4115
     13 4116
     14 4117
     16 4118
     20 4119
     21 4120
     33 4121
     17 4122
     14 4123
     17 4124
     12 4125
     15 4126
     16 4127
     18 4128
     19 4129
     23 4130
     22 4131
     19 4132
     12 4133
     16 4134
     15 4135
     22 4136
     16 4137
     19 4138
     23 4139
     18 4140
     21 4141
     16 4142
     15 4143
     18 4144
     15 4145
     15 4146
     19 4147
     25 4148
     13 4149
     17 4150
     21 4151
     23 4152
     24 4153
     27 4154
     22 4155
     25 4156
     15 4157
     24 4158
     13 4159
     12 4160
     17 4161
     20 4162
     15 4163
     24 4164
     14 4165
     10 4166
     14 4167
     16 4168
     16 4169
     17 4170
     15 4171
     20 4172
     19 4173
     27 4174
     16 4175
     18 4176
     15 4177
     11 4178
     20 4179
     14 4180
     18 4181
     15 4182
     15 4183
     12 4184
     18 4185
     12 4186
     11 4187
     10 4188
     24 4189
     22 4190
     12 4191
     24 4192
     14 4193
     18 4194
     17 4195
     16 4196
     24 4197
     11 4198
     14 4199
     15 4200
     15 4201
     28 4202
     25 4203
     15 4204
     24 4205
     20 4206
      6 4207
     16 4208
     23 4209
     12 4210
     17 4211
     19 4212
     21 4213
     21 4214
     26 4215
     17 4216
     17 4217
     24 4218
     19 4219
     20 4220
     15 4221
     12 4222
     15 4223
     19 4224
     13 4225
     16 4226
     17 4227
     13 4228
     22 4229
     14 4230
     16 4231
     20 4232
     14 4233
     20 4234
     17 4235
     15 4236
     20 4237
     20 4238
     17 4239
     19 4240
     17 4241
     12 4242
     19 4243
     13 4244
     20 4245
     13 4246
     19 4247
     15 4248
     20 4249
     12 4250
     22 4251
     15 4252
     24 4253
      9 4254
     15 4255
     10 4256
      9 4257
     16 4258
     11 4259
     16 4260
     22 4261
      7 4262
      6 4263
     16 4264
     14 4265
     12 4266
     11 4267
     14 4268
     10 4269
     15 4270
     17 4271
      9 4272
     12 4273
     19 4274
     14 4275
     20 4276
     11 4277
     12 4278
     19 4279
     10 4280
     10 4281
     10 4282
     10 4283
     12 4284
     12 4285
     12 4286
     12 4287
     16 4288
     11 4289
      9 4290
     12 4291
     21 4292
     10 4293
     15 4294
     15 4295
     10 4296
     12 4297
     11 4298
     14 4299
     16 4300
     19 4301
     19 4302
     10 4303
     15 4304
     18 4305
     16 4306
     14 4307
     12 4308
     11 4309
     11 4310
     10 4311
     16 4312
      5 4313
     12 4314
     14 4315
     15 4316
     12 4317
     19 4318
     13 4319
     16 4320
      8 4321
     19 4322
     18 4323
     11 4324
     13 4325
     16 4326
     21 4327
     10 4328
     13 4329
     12 4330
      8 4331
      9 4332
     16 4333
     13 4334
     19 4335
     17 4336
     13 4337
     18 4338
     20 4339
     16 4340
     16 4341
     10 4342
     13 4343
     15 4344
      6 4345
     17 4346
     11 4347
      7 4348
     16 4349
     15 4350
     13 4351
     13 4352
     11 4353
     21 4354
     13 4355
     11 4356
      9 4357
     10 4358
     12 4359
     14 4360
     11 4361
     16 4362
     10 4363
     11 4364
     13 4365
     18 4366
      5 4367
     12 4368
     10 4369
      6 4370
     18 4371
      3 4372
     14 4373
     16 4374
     13 4375
     13 4376
     17 4377
      9 4378
     14 4379
     17 4380
     13 4381
      8 4382
     11 4383
     25 4384
     17 4385
     16 4386
     13 4387
     16 4388
      8 4389
      9 4390
     15 4391
     12 4392
     12 4393
     14 4394
     16 4395
     15 4396
     13 4397
     15 4398
     17 4399
     15 4400
     13 4401
     12 4402
     13 4403
     15 4404
     19 4405
     17 4406
     21 4407
     13 4408
     16 4409
     15 4410
     16 4411
     11 4412
     18 4413
     18 4414
     12 4415
     14 4416
     21 4417
     23 4418
     18 4419
     20 4420
     15 4421
     22 4422
     19 4423
     17 4424
     17 4425
     16 4426
     20 4427
     10 4428
     16 4429
     15 4430
      9 4431
      8 4432
     18 4433
     22 4434
     20 4435
     19 4436
     10 4437
     23 4438
     15 4439
     15 4440
     14 4441
     20 4442
     13 4443
     17 4444
     17 4445
     12 4446
     14 4447
     14 4448
     12 4449
      8 4450
     14 4451
     14 4452
      8 4453
     14 4454
     14 4455
     12 4456
     10 4457
     16 4458
     17 4459
     11 4460
     11 4461
     10 4462
      9 4463
     16 4464
     14 4465
     15 4466
     12 4467
     12 4468
     12 4469
     14 4470
     10 4471
      7 4472
     11 4473
     16 4474
     12 4475
     12 4476
      9 4477
     12 4478
     11 4479
     10 4480
     16 4481
     12 4482
      8 4483
      8 4484
     14 4485
     14 4486
     14 4487
     15 4488
      8 4489
     13 4490
     12 4491
     13 4492
     10 4493
     10 4494
     14 4495
     13 4496
      6 4497
      6 4498
      9 4499
     13 4500
     16 4501
     13 4502
     12 4503
     10 4504
     11 4505
     17 4506
     10 4507
      9 4508
     11 4509
      6 4510
      4 4511
     11 4512
      7 4513
     10 4514
     15 4515
     12 4516
     10 4517
     11 4518
     15 4519
      1 4520
     16 4521
     14 4522
     11 4523
      7 4524
      5 4525
     10 4526
     18 4527
     10 4528
     11 4529
      4 4530
     13 4531
      6 4532
     13 4533
      6 4534
     13 4535
      7 4536
      5 4537
     14 4538
     12 4539
     12 4540
     12 4541
      8 4542
     10 4543
     12 4544
      5 4545
      7 4546
     11 4547
     13 4548
      6 4549
      6 4550
      7 4551
      9 4552
     15 4553
     11 4554
      7 4555
      9 4556
      8 4557
      7 4558
      8 4559
      8 4560
     10 4561
     11 4562
      8 4563
     12 4564
     15 4565
     15 4566
      7 4567
     12 4568
      6 4569
      6 4570
      4 4571
      7 4572
     10 4573
     12 4574
     13 4575
     13 4576
      9 4577
     12 4578
     15 4579
     10 4580
     10 4581
     15 4582
      9 4583
      7 4584
      3 4585
     11 4586
     11 4587
     10 4588
      9 4589
     13 4590
     15 4591
      8 4592
     10 4593
      6 4594
     10 4595
     13 4596
     12 4597
     10 4598
      8 4599
     12 4600
     10 4601
     12 4602
      7 4603
      8 4604
     10 4605
      7 4606
     13 4607
     19 4608
      5 4609
      7 4610
      5 4611
      7 4612
      6 4613
      7 4614
      5 4615
      6 4616
      7 4617
     12 4618
      5 4619
     14 4620
     14 4621
     10 4622
      7 4623
     12 4624
      6 4625
      7 4626
     11 4627
      7 4628
     13 4629
      7 4630
     12 4631
      8 4632
      7 4633
     10 4634
     11 4635
     12 4636
     14 4637
      2 4638
     10 4639
      8 4640
     13 4641
     13 4642
      9 4643
      9 4644
      7 4645
      7 4646
      7 4647
     10 4648
      8 4649
     11 4650
      6 4651
     19 4652
      6 4653
      6 4654
     12 4655
     11 4656
     11 4657
     13 4658
     13 4659
      9 4660
      6 4661
      9 4662
     14 4663
     11 4664
      6 4665
     12 4666
      7 4667
     15 4668
     11 4669
     11 4670
      2 4671
     11 4672
     10 4673
     13 4674
      7 4675
      8 4676
      7 4677
      7 4678
     13 4679
     14 4680
     10 4681
     14 4682
      4 4683
      7 4684
     16 4685
     10 4686
      9 4687
     15 4688
      7 4689
     12 4690
     10 4691
      6 4692
      8 4693
      7 4694
      7 4695
     16 4696
      9 4697
      8 4698
      5 4699
      9 4700
     16 4701
      8 4702
      8 4703
     10 4704
     11 4705
      7 4706
      8 4707
     12 4708
     11 4709
      9 4710
      8 4711
      9 4712
      7 4713
     10 4714
      6 4715
     10 4716
      5 4717
      8 4718
      7 4719
     11 4720
      8 4721
     12 4722
      9 4723
      8 4724
     16 4725
      7 4726
     10 4727
     12 4728
     15 4729
      9 4730
     11 4731
      7 4732
      8 4733
      6 4734
     12 4735
      5 4736
      8 4737
     10 4738
      6 4739
      8 4740
      9 4741
      8 4742
      7 4743
      8 4744
     10 4745
     12 4746
      7 4747
      5 4748
      8 4749
     19 4750
      8 4751
      8 4752
     10 4753
     10 4754
     12 4755
      5 4756
      9 4757
     11 4758
      6 4759
      7 4760
     11 4761
     11 4762
      7 4763
      7 4764
      8 4765
     10 4766
     10 4767
      6 4768
      5 4769
     12 4770
      7 4771
      8 4772
      3 4773
     14 4774
     11 4775
      4 4776
      7 4777
      5 4778
     10 4779
     12 4780
      6 4781
      9 4782
      7 4783
      6 4784
      7 4785
      6 4786
      6 4787
      8 4788
      9 4789
     13 4790
      5 4791
      7 4792
      5 4793
      8 4794
      5 4795
      8 4796
      5 4797
      8 4798
      9 4799
      8 4800
      6 4801
      7 4802
     10 4803
      6 4804
      9 4805
      9 4806
     13 4807
      6 4808
      7 4809
      8 4810
     11 4811
     11 4812
      8 4813
     11 4814
      9 4815
      7 4816
     11 4817
      6 4818
      8 4819
      6 4820
      5 4821
      7 4822
      8 4823
      6 4824
      8 4825
      5 4826
      5 4827
     12 4828
      9 4829
      9 4830
      5 4831
      8 4832
     10 4833
     12 4834
     10 4835
      7 4836
      4 4837
      7 4838
      9 4839
     11 4840
     12 4841
     13 4842
     14 4843
      9 4844
      7 4845
      5 4846
      8 4847
      5 4848
      8 4849
     13 4850
      8 4851
      8 4852
     12 4853
      9 4854
      6 4855
      5 4856
      9 4857
      8 4858
      7 4859
      9 4860
      5 4861
      8 4862
     10 4863
      5 4864
      9 4865
     11 4866
      5 4867
      5 4868
     11 4869
      8 4870
     12 4871
     14 4872
      4 4873
     13 4874
      4 4875
     12 4876
      8 4877
     10 4878
      8 4879
     12 4880
      4 4881
      7 4882
      7 4883
     10 4884
     14 4885
      3 4886
      7 4887
     14 4888
      9 4889
      5 4890
     10 4891
      7 4892
      4 4893
      4 4894
     10 4895
      9 4896
      9 4897
      6 4898
      6 4899
      7 4900
      5 4901
      9 4902
     11 4903
     10 4904
     11 4905
      3 4906
      5 4907
     10 4908
      7 4909
     10 4910
     12 4911
      7 4912
     10 4913
      9 4914
      7 4915
     11 4916
      7 4917
     10 4918
      8 4919
      6 4920
     10 4921
      8 4922
      9 4923
     11 4924
      6 4925
      4 4926
     12 4927
      5 4928
      9 4929
     10 4930
     12 4931
     12 4932
      4 4933
      4 4934
     11 4935
     11 4936
      5 4937
      9 4938
     11 4939
     10 4940
      8 4941
      7 4942
      3 4943
     10 4944
     12 4945
      8 4946
      7 4947
     12 4948
     18 4949
      5 4950
     10 4951
      7 4952
      5 4953
     10 4954
      4 4955
      3 4956
     10 4957
      4 4958
      4 4959
      5 4960
      5 4961
     15 4962
      8 4963
      4 4964
     13 4965
      8 4966
      5 4967
      5 4968
      7 4969
     10 4970
      9 4971
      4 4972
      6 4973
      8 4974
     12 4975
      5 4976
      8 4977
      9 4978
      6 4979
     16 4980
      2 4981
      5 4982
      6 4983
      4 4984
     12 4985
     13 4986
      9 4987
     15 4988
      5 4989
      3 4990
      5 4991
      8 4992
     12 4993
      7 4994
      4 4995
      7 4996
      9 4997
      5 4998
      7 4999
      6 5000
      7 5001
     11 5002
      6 5003
      9 5004
      5 5005
      2 5006
      9 5007
      7 5008
      7 5009
      7 5010
      5 5011
     13 5012
      6 5013
      8 5014
      5 5015
      3 5016
     12 5017
      8 5018
      7 5019
     10 5020
     17 5021
      5 5022
     10 5023
      9 5024
      5 5025
      7 5026
      7 5027
      5 5028
     11 5029
     14 5030
     10 5031
     19 5032
      7 5033
      7 5034
      9 5035
      5 5036
      6 5037
      3 5038
      9 5039
      9 5040
      7 5041
      6 5042
      7 5043
      7 5044
      9 5045
      9 5046
      9 5047
     10 5048
      3 5049
      6 5050
      7 5051
      9 5052
      7 5053
      9 5054
      7 5055
      8 5056
      6 5057
      5 5058
      6 5059
      4 5060
      7 5061
      2 5062
      8 5063
     10 5064
      7 5065
      7 5066
      7 5067
      4 5068
      4 5069
     10 5070
     10 5071
      9 5072
      1 5073
     11 5074
      7 5075
      3 5076
      4 5077
     11 5078
      6 5079
      7 5080
      3 5081
     11 5082
      6 5083
      8 5084
      8 5085
      7 5086
      9 5087
      9 5088
     12 5089
     14 5090
     11 5091
      7 5092
      8 5093
      5 5094
      6 5095
     11 5096
      8 5097
     10 5098
      7 5099
      4 5100
      8 5101
      7 5102
      6 5103
      5 5104
      6 5105
      7 5106
      4 5107
     11 5108
      7 5109
      9 5110
     11 5111
      4 5112
      6 5113
     15 5114
     12 5115
     11 5116
     10 5117
      2 5118
      8 5119
      4 5120
      1 5121
      2 5122
     11 5123
      6 5124
      7 5125
      7 5126
      9 5127
      7 5128
      5 5129
     11 5130
      7 5131
      8 5132
      6 5133
     11 5134
      5 5135
      4 5136
      6 5137
      7 5138
     10 5139
     10 5140
      6 5141
      7 5142
      5 5143
      9 5144
      6 5145
      8 5146
      3 5147
      7 5148
      7 5149
      7 5150
      3 5151
      7 5152
      8 5153
      4 5154
      4 5155
      4 5156
     11 5157
      9 5158
      7 5159
      5 5160
      5 5161
      9 5162
     11 5163
      6 5164
      6 5165
      7 5166
      8 5167
      8 5168
      3 5169
      8 5170
      6 5171
      9 5172
      7 5173
      6 5174
      7 5175
      7 5176
      8 5177
      7 5178
      3 5179
      9 5180
      6 5181
      9 5182
     10 5183
     11 5184
      5 5185
      4 5186
      8 5187
      8 5188
      2 5189
      3 5190
      6 5191
      5 5192
      7 5193
      9 5194
      3 5195
      6 5196
      8 5197
      3 5198
      5 5199
      6 5200
      6 5201
      5 5202
      5 5203
      5 5204
      7 5205
      8 5206
      9 5207
      8 5208
      3 5209
      6 5210
      3 5211
      6 5212
      1 5213
      7 5214
      3 5215
      8 5216
      9 5217
      3 5218
     13 5219
      7 5220
      7 5221
      6 5222
      9 5223
      4 5224
      8 5225
     11 5226
     13 5227
      8 5228
      6 5229
      8 5230
      5 5231
      5 5232
      9 5233
      7 5234
      3 5235
      2 5236
      4 5237
      2 5238
      7 5239
      5 5240
      9 5241
     11 5242
      6 5243
     10 5244
      8 5245
      6 5246
      8 5247
     11 5248
     12 5249
      3 5250
      5 5251
      6 5252
      4 5253
      4 5254
      6 5255
      4 5256
      5 5257
      3 5258
      5 5259
      7 5260
      6 5261
      6 5262
      9 5263
      6 5264
      6 5265
      6 5266
      6 5267
      5 5268
      5 5269
      3 5270
      5 5271
      3 5272
      6 5273
      7 5274
     11 5275
      4 5276
      6 5277
      6 5278
      5 5279
      6 5280
      3 5281
      3 5282
     10 5283
      5 5284
      6 5285
      9 5286
      9 5287
      7 5288
      6 5289
      7 5290
      7 5291
      9 5292
      9 5293
     10 5294
      5 5295
      6 5296
      7 5297
      5 5298
      8 5299
      2 5300
      9 5301
      7 5302
     13 5303
      7 5304
      4 5305
      4 5306
      6 5307
      5 5308
      7 5309
      5 5310
      8 5311
      3 5312
      9 5313
      5 5314
      3 5315
      8 5316
      5 5317
      3 5318
      7 5319
      5 5320
      6 5321
     10 5322
      6 5323
      5 5324
     12 5325
      7 5326
      3 5327
      2 5328
      9 5329
      3 5330
      4 5331
      5 5332
     10 5333
      3 5334
      7 5336
      5 5337
      1 5338
      4 5339
      9 5340
      2 5341
      9 5342
      4 5343
      9 5344
      6 5345
      4 5346
      3 5347
      3 5348
      3 5349
      6 5350
      6 5352
      5 5353
      7 5354
      7 5355
      5 5356
      3 5357
      6 5358
      5 5359
      6 5360
      6 5361
      4 5362
      7 5363
      3 5364
      4 5365
      5 5366
      8 5367
      5 5368
      4 5369
      3 5370
      5 5371
      2 5372
      7 5373
      5 5374
      5 5375
      2 5376
      6 5377
      6 5378
      3 5379
      6 5380
      8 5381
      6 5382
      2 5383
      4 5384
      4 5385
      5 5386
      1 5387
      4 5388
      8 5389
      4 5390
      7 5391
      2 5392
      3 5393
      5 5394
      3 5395
      4 5396
      5 5397
      5 5398
      3 5399
      3 5400
      4 5401
      3 5402
      3 5403
      7 5404
      2 5405
      6 5406
      6 5407
      4 5408
      8 5409
      6 5410
      6 5411
      5 5412
      6 5413
      3 5414
      5 5415
      6 5416
      1 5417
      4 5418
      3 5419
      5 5420
      8 5421
      7 5422
      5 5423
      3 5424
      4 5425
      3 5427
      9 5428
      3 5429
      2 5430
      2 5431
      4 5432
      2 5433
      5 5434
      5 5435
      2 5436
      1 5437
      4 5438
      5 5439
      3 5440
      9 5441
      4 5442
      1 5443
      7 5444
      3 5445
      5 5446
      5 5447
      1 5448
      8 5449
      5 5450
      1 5451
      3 5452
      3 5453
      4 5454
      2 5455
      4 5456
      5 5457
      5 5458
      4 5459
      3 5460
      6 5461
      2 5462
      3 5463
      4 5464
      6 5465
      7 5466
      2 5467
      6 5468
      5 5470
      3 5471
      4 5472
      2 5473
      3 5474
      5 5475
      5 5476
      6 5477
      5 5478
      4 5479
      2 5480
      1 5481
      4 5482
      6 5483
      3 5484
      3 5485
      2 5486
      5 5488
      4 5489
      5 5490
      3 5491
      7 5492
      6 5493
      4 5494
      6 5495
      5 5496
      3 5497
      5 5498
      3 5499
      4 5500
      8 5501
      5 5502
      5 5503
      4 5504
      6 5505
     12 5506
      6 5507
      6 5508
      5 5509
      6 5510
      7 5511
      5 5512
      7 5513
      4 5514
      9 5515
      3 5516
      3 5517
      3 5518
      8 5519
      6 5520
      4 5521
      6 5522
      5 5523
      5 5524
      6 5525
      3 5526
      8 5527
      4 5528
      4 5529
      7 5530
      2 5531
      4 5532
      6 5533
      3 5534
      2 5535
      3 5536
      5 5537
      5 5538
      6 5539
      7 5540
      2 5541
      5 5542
      3 5543
      4 5544
      4 5545
      4 5546
      3 5547
      7 5548
      4 5549
      6 5550
      5 5551
      6 5552
      3 5553
      6 5554
      6 5555
      1 5556
      6 5557
      5 5558
      7 5559
      5 5560
      6 5561
      3 5562
      4 5563
     11 5564
      6 5565
      3 5566
      3 5567
      4 5568
      4 5569
      2 5570
      5 5571
      2 5572
      3 5573
      4 5574
      5 5575
      4 5576
      1 5577
      4 5578
      4 5579
      6 5580
      9 5581
      3 5582
      2 5583
      3 5584
      4 5585
      4 5586
      6 5587
      2 5588
      4 5589
      2 5590
      6 5591
      5 5592
      4 5593
      8 5594
      4 5595
      3 5596
      2 5597
      7 5598
      5 5599
      5 5600
      3 5601
      6 5602
      8 5603
      3 5604
      3 5605
      6 5606
      1 5607
      5 5608
      5 5609
      9 5610
      6 5611
      4 5612
      1 5613
      6 5614
      8 5615
      4 5616
      2 5617
      7 5618
      2 5619
      2 5620
      8 5621
      3 5622
      6 5623
      4 5624
      6 5625
      2 5626
      4 5627
      2 5628
      5 5629
      2 5630
      5 5631
      4 5632
      5 5633
     10 5634
      8 5635
      4 5636
      3 5637
      4 5638
      5 5639
      4 5640
      8 5641
      4 5642
      7 5643
      9 5644
      5 5645
      8 5646
      2 5647
      3 5648
      3 5649
      5 5650
      4 5651
      3 5652
      6 5653
      7 5654
      1 5655
      3 5656
      7 5657
      6 5658
      6 5659
      2 5660
      1 5661
      8 5662
      5 5663
      7 5664
      5 5665
      5 5666
      5 5667
      4 5668
      5 5669
      4 5670
      4 5671
      4 5672
      2 5673
      5 5674
      2 5675
      4 5676
      3 5677
      9 5678
      9 5679
      4 5680
      4 5681
      5 5682
      7 5683
      7 5684
      2 5685
      6 5686
      4 5687
      5 5688
      5 5689
      6 5690
      3 5691
      7 5692
      1 5693
      6 5694
      8 5695
      9 5697
      3 5698
      6 5699
      3 5700
      5 5701
      6 5702
     10 5703
      6 5704
      7 5705
      2 5706
      6 5707
      1 5708
      3 5709
      5 5710
      4 5711
      7 5712
     11 5713
      4 5714
      5 5715
      6 5716
      9 5717
      2 5718
      2 5719
      5 5720
      7 5721
      2 5722
      3 5723
      6 5724
      5 5725
      3 5726
      3 5727
      4 5728
      5 5729
      4 5730
      9 5731
      4 5732
      5 5733
      4 5734
      4 5735
      5 5736
      9 5737
      1 5738
      7 5739
      7 5740
      6 5741
      4 5742
      8 5743
      3 5744
      6 5745
      5 5746
      5 5747
      6 5748
      3 5749
      7 5750
      4 5751
      6 5752
      3 5753
      7 5754
      4 5755
      2 5756
      6 5757
      6 5758
      4 5759
      1 5760
      4 5761
      8 5762
     13 5763
      7 5764
      3 5765
      5 5766
      3 5768
      8 5769
      2 5770
      7 5771
      5 5772
      3 5773
      3 5774
      4 5775
      5 5776
      3 5777
      2 5778
      7 5779
      4 5780
      2 5781
      2 5782
      1 5783
      8 5784
      9 5785
      3 5786
      4 5787
      6 5788
      3 5790
      3 5791
      4 5792
      2 5793
      6 5794
      3 5795
      6 5796
      3 5797
      6 5798
      8 5799
      7 5800
      6 5801
      4 5802
      7 5803
      7 5804
      5 5805
      5 5806
      5 5807
      8 5808
      5 5809
      5 5810
      8 5811
      6 5812
      5 5813
      2 5814
      4 5815
      6 5816
      7 5817
      6 5818
      3 5819
      3 5820
      3 5821
      7 5822
      1 5823
      4 5824
      4 5825
      2 5826
      3 5827
      1 5828
      5 5829
      3 5830
      3 5831
      4 5832
      1 5833
      5 5834
      6 5835
      1 5836
      5 5837
      4 5838
      4 5839
      3 5840
      4 5841
      6 5842
      7 5843
      2 5844
      3 5845
      3 5846
      5 5847
      1 5848
      1 5849
      4 5850
      3 5851
      1 5852
      4 5853
      6 5854
      6 5855
      2 5856
      5 5857
      3 5858
      2 5859
      4 5860
      1 5861
      5 5862
      6 5863
      4 5864
      1 5865
      1 5866
      1 5867
      1 5868
      3 5869
      5 5870
      1 5871
      4 5872
      3 5873
      2 5875
      6 5876
      7 5877
      2 5878
      2 5879
      3 5880
      4 5881
      4 5882
      5 5883
      2 5884
      4 5885
      3 5886
      7 5887
      2 5888
      3 5889
      5 5890
      5 5892
      5 5893
      1 5894
      3 5895
      3 5896
      3 5897
      3 5898
      3 5899
      4 5900
      1 5901
      3 5902
      3 5903
      1 5904
      3 5905
      3 5906
      7 5908
      2 5909
      4 5910
      3 5911
      5 5912
      5 5913
      1 5914
      3 5915
      7 5916
      7 5917
      7 5918
      3 5919
      1 5920
     11 5921
      7 5922
      3 5923
      3 5924
      3 5925
      5 5926
      5 5927
      1 5928
      3 5929
      1 5930
      1 5931
      2 5932
      4 5933
      3 5934
      4 5935
      2 5936
      7 5937
      2 5938
      4 5939
      2 5940
      9 5941
      3 5942
      4 5943
      3 5944
      6 5945
      6 5946
      4 5947
      4 5948
      5 5949
      7 5950
      2 5951
      8 5952
      5 5953
      5 5954
      3 5955
      5 5956
      3 5957
      4 5958
      6 5959
      5 5960
      3 5961
      4 5962
      3 5963
      1 5964
      8 5965
      4 5966
      2 5967
      5 5968
      4 5969
      3 5970
      8 5971
      3 5972
      5 5973
      4 5974
      5 5975
      6 5976
      5 5977
      2 5978
      3 5979
      5 5980
      3 5981
      3 5982
      3 5983
      1 5984
      3 5985
      4 5986
      5 5987
      3 5988
      1 5989
      3 5990
      3 5991
      4 5992
      5 5993
      6 5995
      3 5996
      4 5997
      3 5998
      3 5999
      2 6000
      3 6001
      8 6002
      9 6003
      4 6004
      6 6005
      3 6006
      3 6007
      6 6008
      7 6009
      6 6010
      2 6011
      5 6012
      3 6013
      2 6014
      4 6015
      1 6016
      5 6017
      1 6018
      1 6019
      3 6020
      3 6021
      1 6022
      5 6023
      4 6024
      5 6025
      7 6026
      3 6027
      6 6028
      3 6029
      4 6030
      1 6031
      4 6032
      3 6033
      5 6034
      5 6035
      8 6036
      4 6037
      2 6038
      1 6039
      1 6040
      2 6041
      8 6042
      3 6043
      3 6044
      4 6045
      1 6046
      2 6047
      3 6048
      3 6049
      4 6050
      2 6051
      4 6052
      2 6053
      4 6054
      3 6055
      4 6056
      5 6057
      4 6058
      2 6059
      5 6060
      4 6061
      3 6062
      2 6063
      4 6064
      6 6065
      1 6066
      2 6067
      2 6068
      5 6069
      3 6070
      2 6071
      1 6072
      1 6073
      1 6074
      1 6075
      3 6076
      3 6077
      4 6078
      2 6079
      7 6080
      5 6081
      3 6082
      4 6083
      3 6084
      3 6085
      3 6086
      2 6087
      4 6088
     10 6089
      2 6091
      5 6092
      3 6094
      5 6096
      4 6097
      2 6098
      1 6099
      3 6100
      4 6101
      4 6102
      5 6104
      4 6105
      2 6106
      1 6107
      4 6108
      4 6110
      1 6111
      4 6112
      5 6113
      2 6114
      2 6115
      5 6116
      3 6117
      3 6118
      2 6119
      3 6120
      6 6121
      5 6122
      4 6123
      3 6124
      3 6125
      4 6126
      2 6127
      3 6128
      3 6129
      2 6130
      2 6131
      5 6132
      2 6133
      6 6134
      2 6135
      2 6136
      2 6137
      2 6138
      2 6139
      1 6140
      4 6141
      3 6142
      2 6143
      4 6145
      2 6146
      3 6147
      3 6148
      3 6149
      4 6150
      3 6151
      3 6152
      4 6153
      1 6154
      2 6155
      4 6157
      2 6158
      1 6159
      3 6160
      3 6161
      4 6162
      1 6163
      2 6164
      4 6165
      4 6166
      1 6167
      5 6168
      5 6169
      2 6170
      3 6171
      7 6172
      3 6173
      4 6174
      1 6175
      2 6176
      5 6177
      3 6178
      3 6179
      1 6180
      3 6181
      2 6182
      1 6183
      3 6184
      4 6185
      2 6186
      3 6187
      3 6188
      4 6189
      3 6191
      1 6192
      3 6193
      2 6194
      1 6195
      1 6196
      4 6198
      3 6199
      5 6200
      2 6201
      4 6202
      2 6203
      6 6204
      1 6205
      7 6206
      2 6207
      4 6208
      1 6209
      5 6210
      3 6211
      2 6212
      1 6213
      6 6214
      3 6215
      1 6216
      3 6217
      2 6218
      2 6219
      5 6220
      2 6221
      1 6222
      3 6223
      2 6224
      3 6225
      2 6226
      3 6227
      3 6228
      5 6229
      3 6230
      5 6232
      4 6233
      2 6234
      2 6236
      7 6237
      3 6238
      1 6239
      3 6240
      6 6241
      4 6242
      3 6243
      3 6244
      2 6245
      7 6246
      1 6247
      2 6248
      4 6249
      4 6250
      2 6251
      2 6252
      4 6253
      2 6254
      4 6255
      2 6256
      4 6257
      2 6258
      5 6259
      2 6260
      4 6261
      2 6263
      2 6264
      2 6265
      2 6266
      4 6267
      3 6268
      2 6269
      2 6271
      2 6272
      1 6273
      5 6274
      4 6275
      5 6276
      6 6277
      3 6278
      1 6279
      2 6280
      7 6281
     10 6282
      3 6283
      9 6284
      4 6285
      1 6286
      1 6287
      3 6288
      3 6289
      6 6290
      2 6291
      5 6292
      4 6293
      6 6294
      6 6296
      3 6299
      5 6300
      3 6301
      1 6302
      2 6303
      2 6305
      1 6306
      5 6307
      2 6308
      3 6309
      2 6310
      3 6311
      2 6312
      2 6313
      2 6314
      2 6315
      3 6316
      2 6317
      2 6318
      2 6319
      4 6320
      5 6322
      3 6323
      4 6324
      5 6325
      3 6326
      1 6327
      4 6328
      6 6329
      2 6330
      4 6331
      5 6332
      2 6333
      4 6334
      1 6335
      4 6336
      6 6337
      4 6338
      4 6339
      4 6340
      5 6341
      5 6342
      3 6343
      3 6344
      2 6345
      4 6346
      3 6347
      2 6348
      3 6349
      5 6350
      1 6351
      4 6352
      5 6353
      3 6354
      4 6355
      2 6357
      2 6358
      4 6359
      2 6360
      5 6361
      5 6362
      3 6363
      3 6364
      2 6365
      7 6366
      3 6367
      4 6368
      2 6369
      2 6370
      2 6371
      3 6372
      2 6373
      2 6374
      6 6375
      3 6376
      3 6377
      4 6378
      3 6379
      8 6380
      3 6381
      2 6382
      4 6383
      1 6384
      3 6385
      2 6386
      1 6387
      5 6389
      4 6390
      5 6391
      4 6392
      4 6393
      4 6394
      3 6395
      6 6396
      6 6397
      3 6398
      5 6399
      2 6400
      2 6401
      2 6402
      1 6403
      4 6404
      3 6405
      2 6407
      5 6408
      4 6409
      1 6410
      1 6411
      4 6412
      3 6413
      1 6414
      2 6415
      1 6416
      2 6417
      5 6418
      5 6419
      4 6420
      2 6421
      2 6422
      1 6423
      2 6424
      3 6425
      3 6426
      2 6427
      3 6428
      4 6429
      4 6430
      1 6431
      3 6432
      4 6433
      2 6434
      3 6436
      2 6437
      3 6438
      6 6439
      4 6440
      3 6441
      4 6442
      2 6443
      5 6444
      4 6445
      3 6446
      2 6447
      2 6448
      4 6449
      3 6450
      3 6451
      7 6452
      3 6453
      3 6454
      3 6455
      3 6456
      3 6457
      2 6458
      5 6459
      1 6460
      3 6461
      2 6462
      6 6464
      1 6465
      3 6466
      6 6467
      7 6468
      3 6469
      3 6470
      4 6471
      3 6472
      3 6473
      4 6474
      1 6475
      4 6476
      4 6477
      4 6478
      2 6479
      3 6480
      4 6481
      4 6482
      1 6484
      1 6485
      6 6486
      2 6487
      5 6488
      2 6490
      5 6491
      4 6492
      2 6493
      3 6494
      1 6495
      2 6496
      3 6497
      2 6498
      2 6499
      2 6500
      2 6501
      2 6502
      6 6503
      3 6504
      3 6505
      4 6506
      4 6507
      3 6508
      4 6509
      2 6510
      1 6511
      5 6512
      3 6513
      8 6514
      5 6515
      2 6516
      2 6517
      2 6518
      4 6519
      3 6520
      3 6521
      2 6522
      2 6523
      2 6524
      2 6525
      2 6526
      2 6527
      2 6528
      3 6529
      2 6530
      1 6531
      3 6532
      4 6533
      2 6534
      5 6536
      4 6537
      3 6538
      3 6539
      2 6540
      3 6541
      2 6543
      1 6544
      2 6545
      1 6546
      2 6547
      2 6548
      4 6549
      2 6550
      1 6552
      2 6553
      1 6554
      5 6555
      3 6556
      3 6557
      5 6558
      2 6559
      3 6560
      3 6561
      1 6562
      2 6563
      3 6564
      2 6565
      6 6566
      4 6567
      2 6568
      2 6569
      7 6570
      5 6571
      1 6572
      1 6573
      1 6574
      6 6575
      4 6576
      4 6577
      4 6578
      4 6579
      2 6580
      3 6581
      3 6582
      5 6583
      4 6584
      3 6585
      4 6586
      1 6587
      3 6588
      3 6589
      4 6590
      4 6591
      4 6592
      2 6594
      2 6595
      1 6596
      5 6597
      2 6598
      3 6599
      2 6600
      2 6601
      5 6602
      7 6603
      2 6604
      7 6605
      4 6606
      2 6607
      1 6608
      3 6609
      1 6610
      1 6611
      2 6613
      3 6614
      2 6615
      2 6616
      2 6617
      4 6618
      3 6619
      1 6620
      3 6621
      2 6622
      4 6623
      3 6625
      7 6626
      2 6627
      3 6628
      2 6629
      2 6630
      2 6631
      2 6632
      5 6633
      4 6634
      2 6635
      4 6636
      7 6637
      2 6638
      6 6639
      1 6640
      1 6641
      4 6642
      3 6643
      2 6644
      1 6645
      4 6646
      3 6647
      1 6648
      2 6649
      4 6650
      1 6651
      2 6652
      3 6653
      1 6654
      1 6655
      3 6656
      2 6657
      2 6658
      1 6659
      3 6660
      1 6661
      3 6662
      2 6663
      3 6664
      2 6665
      1 6666
      4 6668
      3 6670
      4 6671
      4 6672
      2 6673
      3 6674
      2 6675
      2 6676
      6 6677
      2 6678
      2 6679
      4 6680
      2 6681
      3 6682
      4 6683
      2 6684
      1 6685
      4 6686
      2 6687
      1 6688
      4 6689
      1 6690
      2 6691
      7 6692
      2 6693
      1 6694
      3 6695
      6 6696
      2 6697
      6 6698
      2 6699
      4 6700
      2 6701
      1 6702
      3 6703
      4 6704
      2 6705
      3 6706
      2 6707
      6 6708
      2 6709
      5 6710
      1 6711
      3 6712
      4 6713
      5 6714
      5 6715
      3 6716
      2 6717
      3 6718
      4 6719
      2 6720
      3 6721
      2 6722
      4 6723
      3 6724
      3 6726
      3 6727
      3 6728
      3 6729
      1 6730
      4 6731
      3 6732
      5 6733
      5 6734
      2 6735
      4 6736
      4 6737
      2 6738
      1 6739
      3 6740
      3 6741
      1 6742
      2 6743
      1 6744
      3 6745
      2 6746
      5 6747
      5 6748
      4 6749
      1 6752
      6 6754
      3 6755
      4 6756
      3 6757
      4 6758
      4 6759
      3 6760
      3 6761
      1 6762
      4 6763
      3 6764
      5 6765
      4 6766
      5 6767
      1 6768
      5 6769
      3 6770
      2 6771
      4 6772
      2 6774
      1 6775
      3 6776
      3 6777
      2 6778
      4 6779
      5 6780
      1 6781
      4 6782
      2 6783
      3 6784
      3 6785
      2 6786
      3 6787
      4 6788
      1 6789
      2 6790
      2 6791
      1 6792
      2 6793
      3 6795
      3 6796
      4 6797
      2 6798
      7 6799
      3 6800
      1 6801
      1 6802
      4 6803
      2 6804
      2 6805
      4 6806
      2 6807
      4 6809
      1 6810
      3 6812
      3 6813
      7 6814
      3 6815
      2 6816
      1 6817
      2 6818
      2 6819
      2 6820
      2 6821
      1 6822
      1 6823
      1 6824
      1 6825
      3 6826
      4 6827
      2 6828
      1 6829
      1 6830
      4 6832
      2 6833
      2 6834
      2 6835
      3 6836
      3 6837
      2 6838
      1 6839
      2 6840
      3 6841
      1 6842
      3 6843
      5 6844
      4 6845
      1 6846
      4 6847
      4 6848
      3 6849
      4 6850
      2 6851
      2 6852
      3 6853
      1 6854
      4 6855
      2 6858
      4 6859
      1 6861
      2 6862
      5 6864
      1 6865
      3 6866
      5 6867
      4 6868
      7 6869
      1 6870
      2 6871
      2 6872
      2 6873
      4 6874
      1 6875
      3 6876
      2 6877
      2 6878
      6 6879
      2 6880
      5 6881
      3 6882
      3 6883
      2 6885
      2 6886
      3 6887
      3 6888
      4 6889
      3 6890
      4 6891
      2 6892
      5 6893
      1 6894
      3 6895
      1 6896
      2 6897
      3 6898
      1 6899
      2 6900
      3 6901
      4 6903
      3 6904
      3 6905
      4 6906
      3 6907
      1 6909
      4 6910
      8 6911
      3 6912
      2 6913
      1 6914
      2 6915
      2 6916
      2 6917
      1 6918
      1 6920
      2 6921
      2 6922
      5 6923
      1 6924
      2 6926
      1 6927
      4 6928
      3 6930
      3 6931
      3 6932
      2 6933
      2 6934
      2 6935
      1 6936
      2 6937
      4 6938
      2 6939
      1 6940
      3 6941
      2 6942
      3 6943
      2 6944
      4 6946
      1 6947
      3 6948
      4 6949
      1 6952
      1 6953
      2 6954
      4 6955
      2 6956
      2 6957
      5 6958
      1 6959
      2 6960
      3 6961
      6 6963
      1 6964
      4 6965
      4 6966
      2 6967
      2 6968
      3 6969
      6 6970
      3 6971
      5 6972
      2 6973
      1 6974
      2 6975
      3 6976
      5 6977
      3 6979
      1 6980
      1 6982
      2 6983
      3 6984
      3 6985
      3 6986
      1 6988
      1 6989
      3 6990
      2 6991
      3 6992
      4 6993
      1 6994
      4 6995
      2 6996
      3 6997
      2 6998
      3 6999
      2 7000
      1 7001
      1 7002
      1 7003
      4 7004
      4 7005
      2 7007
      5 7008
      2 7009
      3 7010
      2 7011
      4 7012
      5 7013
      4 7014
      1 7015
      4 7016
      2 7017
      3 7018
      2 7019
      3 7020
      3 7021
      3 7022
      2 7023
      3 7024
      5 7025
      2 7027
      1 7028
      1 7030
      7 7031
      2 7032
      6 7033
      2 7034
      1 7035
      4 7036
      1 7037
      2 7038
      4 7039
      4 7040
      2 7041
      1 7042
      1 7043
      4 7045
      1 7046
      1 7047
      1 7048
      1 7049
      1 7050
      4 7051
      2 7052
      2 7054
      2 7055
      2 7057
      1 7058
      2 7059
      1 7060
      2 7061
      1 7063
      4 7064
      3 7065
      3 7068
      4 7070
      1 7071
      2 7072
      2 7073
      1 7074
      2 7075
      3 7076
      2 7077
      2 7079
      1 7081
      2 7082
      3 7083
      3 7084
      1 7085
      3 7086
      1 7087
      5 7088
      3 7089
      3 7090
      1 7091
      1 7092
      3 7093
      1 7094
      5 7095
      1 7096
      1 7097
      1 7098
      4 7099
      4 7100
      2 7101
      2 7103
      2 7106
      1 7107
      1 7108
      2 7109
      3 7110
      2 7111
      1 7112
      2 7113
      1 7115
      1 7116
      2 7118
      4 7119
      2 7120
      3 7121
      1 7122
      1 7123
      6 7124
      1 7126
      1 7129
      2 7130
      2 7131
      4 7132
      1 7133
      4 7134
      1 7135
      4 7136
      1 7137
      1 7139
      1 7140
      1 7142
      1 7143
      1 7144
      2 7145
      3 7147
      2 7148
      1 7150
      1 7152
      3 7153
      2 7154
      2 7156
      2 7157
      2 7158
      1 7159
      1 7160
      2 7161
      4 7162
      4 7163
      1 7164
      3 7165
      1 7167
      1 7168
      1 7170
      2 7172
      2 7173
      4 7174
      1 7175
      1 7178
      2 7179
      1 7180
      3 7182
      4 7183
      1 7184
      5 7185
      2 7186
      1 7187
      2 7189
      1 7190
      3 7191
      3 7192
      4 7193
      2 7194
      1 7197
      3 7198
      3 7200
      3 7201
      1 7202
      2 7203
      1 7204
      1 7205
      1 7206
      1 7207
      1 7208
      2 7209
      4 7210
      3 7211
      3 7212
      3 7213
      1 7214
      1 7215
      1 7217
      2 7218
      3 7219
      1 7220
      2 7221
      1 7222
      2 7223
      3 7225
      1 7226
      2 7227
      1 7229
      3 7230
      1 7231
      1 7232
      1 7233
      1 7234
      3 7235
      1 7236
      4 7237
      2 7238
      3 7239
      2 7240
      2 7241
      2 7242
      2 7243
      1 7245
      3 7246
      1 7247
      3 7248
      2 7249
      1 7252
      2 7253
      3 7254
      1 7255
      1 7256
      3 7257
      2 7258
      3 7259
      3 7260
      2 7261
      1 7262
      3 7263
      1 7265
      2 7267
      1 7268
      1 7269
      2 7270
      3 7271
      1 7272
      1 7273
      1 7274
      2 7275
      3 7276
      1 7279
      2 7280
      2 7282
      1 7283
      2 7284
      1 7285
      3 7287
      2 7288
      3 7289
      2 7290
      3 7291
      2 7292
      1 7294
      1 7297
      2 7298
      3 7299
      3 7301
      2 7303
      2 7304
      2 7306
      3 7307
      3 7308
      3 7310
      4 7312
      5 7313
      2 7314
      3 7315
      2 7317
      1 7318
      2 7319
      4 7320
      2 7321
      1 7322
      1 7323
      3 7324
      1 7325
      3 7326
      3 7327
      1 7329
      4 7330
      1 7331
      3 7332
      2 7333
      3 7334
      4 7335
      1 7336
      1 7337
      2 7338
      2 7339
      1 7341
      6 7346
      1 7347
      2 7348
      2 7349
      1 7351
      3 7352
      5 7353
      2 7354
      1 7355
      2 7356
      3 7357
      1 7358
      2 7359
      1 7361
      2 7362
      1 7363
      4 7364
      4 7365
      1 7366
      1 7368
      4 7369
      4 7370
      1 7372
      1 7373
      1 7374
      2 7377
      2 7378
      3 7379
      3 7380
      2 7381
      2 7382
      4 7383
      1 7384
      1 7385
      3 7386
      2 7387
      2 7388
      1 7389
      2 7390
      2 7391
      2 7392
      2 7393
      1 7394
      2 7395
      3 7397
      2 7398
      2 7399
      2 7401
      1 7403
      3 7404
      1 7406
      1 7407
      1 7408
      1 7410
      1 7413
      1 7414
      3 7415
      1 7416
      1 7418
      2 7420
      1 7421
      1 7422
      2 7423
      3 7425
      4 7427
      3 7429
      2 7430
      1 7431
      2 7432
      2 7434
      2 7435
      4 7436
      3 7437
      1 7438
      3 7440
      2 7441
      1 7442
      2 7443
      2 7444
      2 7447
      1 7448
      2 7449
      1 7450
      2 7453
      2 7455
      5 7456
      2 7457
      1 7458
      1 7459
      1 7460
      1 7461
      1 7462
      4 7463
      2 7464
      2 7465
      3 7467
      2 7469
      2 7470
      2 7471
      3 7473
      1 7474
      1 7475
      4 7476
      1 7477
      2 7478
      1 7480
      3 7481
      1 7482
      2 7483
      1 7485
      4 7486
      3 7487
      1 7488
      3 7490
      1 7491
      2 7493
      2 7494
      2 7495
      1 7497
      2 7500
      3 7501
      1 7504
      1 7505
      4 7506
      2 7507
      2 7508
      3 7510
      2 7511
      4 7512
      2 7513
      1 7514
      1 7515
      1 7516
      1 7517
      1 7518
      4 7519
      1 7522
      2 7523
      1 7524
      3 7525
      3 7526
      1 7528
      1 7531
      2 7532
      2 7536
      1 7537
      2 7538
      5 7539
      6 7540
      2 7542
      1 7543
      1 7544
      1 7546
      4 7548
      1 7549
      2 7550
      2 7551
      2 7552
      4 7553
      2 7554
      1 7555
      2 7557
      2 7558
      1 7559
      1 7561
      1 7562
      2 7564
      1 7565
      1 7566
      3 7567
      4 7568
      3 7569
      5 7570
      2 7571
      2 7572
      2 7573
      3 7575
      3 7576
      1 7577
      2 7578
      1 7580
      2 7582
      1 7583
      3 7586
      5 7587
      2 7588
      2 7589
      1 7590
      1 7593
      1 7595
      4 7597
      2 7598
      1 7599
      1 7600
      3 7601
      1 7602
      1 7603
      1 7604
      2 7605
      2 7606
      2 7607
      5 7608
      1 7609
      2 7610
      3 7611
      2 7612
      1 7613
      4 7614
      3 7615
      3 7616
      1 7617
      2 7618
      2 7619
      1 7620
      1 7621
      2 7622
      2 7624
      4 7625
      2 7626
      4 7627
      2 7628
      1 7629
      3 7631
      3 7632
      1 7633
      1 7636
      4 7638
      3 7639
      5 7641
      2 7642
      1 7643
      5 7644
      1 7645
      1 7646
      4 7647
      1 7650
      1 7651
      1 7652
      2 7653
      1 7654
      2 7655
      5 7656
      3 7657
      4 7659
      1 7660
      2 7661
      1 7662
      2 7663
      4 7664
      1 7665
      6 7666
      3 7667
      1 7670
      3 7671
      2 7672
      3 7673
      2 7674
      1 7675
      3 7676
      1 7677
      3 7678
      1 7680
      4 7681
      4 7682
      3 7683
      1 7684
      3 7685
      3 7686
      3 7687
      3 7688
      1 7689
      1 7690
      3 7691
      1 7692
      2 7693
      1 7694
      1 7695
      2 7696
      4 7697
      3 7698
      3 7699
      1 7700
      7 7701
      2 7702
      1 7704
      2 7705
      1 7706
      3 7707
      1 7708
      2 7709
      1 7710
      1 7711
      3 7712
      2 7713
      3 7714
      4 7715
      2 7716
      2 7717
      2 7718
      1 7719
      1 7720
      3 7721
      4 7722
      4 7723
      2 7724
      2 7726
      4 7727
      2 7730
      3 7731
      1 7732
      1 7733
      2 7734
      1 7736
      4 7737
      4 7738
      2 7739
      2 7740
      2 7741
      2 7742
      6 7743
      3 7744
      4 7745
      1 7746
      5 7747
      4 7748
      6 7749
      3 7750
      2 7751
      1 7752
      2 7753
      2 7754
      1 7755
      1 7756
      5 7757
      1 7758
      4 7759
      1 7760
      4 7761
      3 7762
      2 7763
      4 7764
      2 7765
      3 7766
      3 7767
      1 7768
      1 7769
      1 7772
      1 7773
      2 7774
      2 7776
      3 7777
      3 7779
      6 7780
      1 7781
      3 7782
      2 7783
      3 7784
      5 7785
      5 7786
      3 7787
      3 7788
      4 7789
      3 7790
      3 7791
      1 7792
      5 7793
      5 7794
      1 7795
      3 7797
      2 7798
      2 7799
      3 7800
      5 7801
      1 7802
      2 7803
      4 7804
      5 7805
      1 7806
      6 7809
      3 7810
      1 7811
      2 7812
      5 7813
      2 7814
      4 7815
      9 7816
      3 7817
      3 7818
      4 7819
      1 7820
      6 7821
      3 7822
      4 7823
      6 7824
      3 7825
      4 7826
      1 7827
      2 7829
      1 7830
      2 7831
      6 7832
      3 7833
      4 7834
      5 7835
      6 7836
      3 7837
      1 7838
      3 7839
      4 7840
      5 7841
      4 7842
      2 7843
      7 7844
      3 7845
      2 7846
      1 7847
      4 7848
      8 7849
      5 7850
      4 7851
      6 7852
      4 7853
      3 7854
      6 7855
      2 7856
      5 7857
      7 7858
      2 7859
      2 7860
      2 7861
      7 7862
      9 7863
      8 7864
      2 7865
      2 7866
      5 7867
      6 7868
      4 7869
      8 7870
      7 7871
      8 7872
      6 7873
      7 7874
      8 7875
      7 7876
     11 7877
      8 7878
      8 7879
      3 7880
      9 7881
     15 7882
     13 7883
      4 7884
     12 7885
     21 7886
     12 7887
     12 7888
      8 7889
     13 7890
     19 7891
     19 7892
     15 7893
     20 7894
     16 7895
     11 7896
     18 7897
     22 7898
     13 7899
     19 7900
     21 7901
     15 7902
     15 7903
     20 7904
     17 7905
     21 7906
     20 7907
     20 7908
     21 7909
     17 7910
     29 7911
     19 7912
     19 7913
     18 7914
     27 7915
     30 7916
     15 7917
     22 7918
     13 7919
     18 7920
     27 7921
     21 7922
     17 7923
     23 7924
     22 7925
     15 7926
     22 7927
     16 7928
     12 7929
     19 7930
     10 7931
     16 7932
     14 7933
      9 7934
     15 7935
     16 7936
     13 7937
      8 7938
     19 7939
     14 7940
     25 7941
     12 7942
     10 7943
     11 7944
     15 7945
     17 7946
     13 7947
     13 7948
     17 7949
     12 7950
     13 7951
     13 7952
     19 7953
      4 7954
     12 7955
     15 7956
      9 7957
      9 7958
     13 7959
      9 7960
     14 7961
      5 7962
      6 7963
      4 7964
      8 7965
     11 7966
     10 7967
      6 7968
      5 7969
      3 7970
      6 7971
      2 7972
      7 7973
      7 7974
      5 7975
      6 7976
      4 7977
      2 7978
      3 7979
      4 7980
      6 7981
      6 7982
      5 7983
      9 7984
      8 7985
      3 7986
      5 7987
      2 7988
      2 7989
      5 7990
      1 7991
      3 7992
      1 7994
