 236536 0
78974797 1
185416084 2
317577278 3
424103155 4
463936256 5
429938510 6
346335643 7
247260946 8
158862823 9
93132684 10
50544484 11
25736098 12
12549765 13
6061510 14
3038407 15
1674532 16
1046471 17
 742701 18
 572141 19
 464252 20
 388676 21
 331198 22
 288627 23
 252542 24
 223107 25
 200260 26
 182712 27
 163246 28
 148403 29
 137539 30
 125769 31
 113747 32
 104934 33
  95401 34
  87062 35
  78523 36
  70872 37
  65510 38
  60191 39
  55211 40
  50759 41
  47401 42
  43330 43
  39877 44
  37115 45
  35282 46
  33435 47
  31644 48
  29788 49
  28566 50
  27615 51
  26780 52
  25219 53
  24635 54
  24026 55
  22542 56
  21840 57
  21430 58
  21190 59
  20388 60
  19945 61
  19319 62
  18619 63
  18401 64
  18094 65
  16989 66
  16478 67
  16007 68
  15345 69
  14962 70
  14675 71
  14396 72
  13870 73
  13242 74
  13068 75
  12652 76
  12396 77
  12295 78
  11887 79
  11639 80
  11549 81
  11114 82
  10949 83
  10816 84
  10736 85
  10263 86
  10154 87
  10012 88
   9889 89
   9852 90
   9592 91
   9393 92
   9196 93
   8899 94
   8447 95
   8560 96
   8276 97
   8395 98
   8010 99
   7887 100
   7801 101
   7690 102
   7654 103
   7563 104
   7200 105
   7375 106
   7134 107
   7092 108
   7146 109
   6850 110
   6627 111
   6669 112
   6413 113
   6421 114
   6604 115
   6267 116
   6249 117
   6165 118
   5941 119
   5801 120
   5800 121
   5785 122
   5550 123
   5324 124
   5182 125
   5347 126
   5368 127
   5322 128
   5117 129
   5030 130
   5046 131
   5033 132
   4964 133
   4934 134
   4676 135
   4805 136
   4720 137
   4564 138
   4561 139
   4357 140
   4389 141
   4233 142
   4229 143
   4236 144
   4120 145
   4003 146
   4065 147
   3880 148
   3953 149
   4134 150
   3960 151
   4010 152
   3950 153
   3892 154
   3834 155
   3817 156
   3718 157
   3697 158
   3534 159
   3600 160
   3486 161
   3547 162
   3561 163
   3429 164
   3364 165
   3268 166
   3290 167
   3162 168
   3084 169
   3164 170
   3096 171
   2969 172
   3080 173
   3136 174
   3060 175
   3057 176
   2969 177
   2931 178
   3033 179
   2934 180
   2770 181
   2764 182
   2806 183
   2853 184
   2670 185
   2719 186
   2739 187
   2739 188
   2639 189
   2596 190
   2607 191
   2596 192
   2433 193
   2581 194
   2671 195
   2536 196
   2607 197
   2482 198
   2576 199
   2499 200
   2509 201
   2418 202
   2412 203
   2298 204
   2401 205
   2425 206
   2276 207
   2226 208
   2213 209
   2199 210
   2218 211
   2229 212
   2234 213
   2205 214
   2174 215
   2098 216
   2136 217
   2129 218
   2115 219
   2050 220
   2135 221
   2085 222
   1967 223
   2001 224
   1940 225
   2071 226
   1977 227
   1864 228
   1832 229
   1893 230
   1822 231
   1789 232
   1720 233
   1773 234
   1736 235
   1711 236
   1759 237
   1684 238
   1646 239
   1744 240
   1571 241
   1601 242
   1627 243
   1684 244
   1643 245
   1738 246
   1649 247
   1671 248
   1509 249
   1589 250
   1564 251
   1566 252
   1524 253
   1470 254
   1422 255
   1474 256
   1494 257
   1528 258
   1498 259
   1520 260
   1457 261
   1404 262
   1441 263
   1439 264
   1526 265
   1479 266
   1509 267
   1553 268
   1495 269
   1443 270
   1397 271
   1412 272
   1391 273
   1410 274
   1306 275
   1300 276
   1410 277
   1323 278
   1277 279
   1319 280
   1230 281
   1241 282
   1262 283
   1334 284
   1226 285
   1260 286
   1274 287
   1327 288
   1267 289
   1218 290
   1133 291
   1257 292
   1162 293
   1173 294
   1170 295
   1195 296
   1142 297
   1160 298
   1199 299
   1244 300
   1146 301
   1179 302
   1131 303
   1174 304
   1122 305
   1095 306
   1135 307
   1061 308
   1082 309
   1042 310
   1102 311
   1099 312
   1077 313
   1109 314
   1076 315
   1042 316
   1024 317
   1082 318
   1062 319
   1031 320
   1042 321
   1014 322
    990 323
   1026 324
   1078 325
   1024 326
    974 327
   1101 328
    988 329
    992 330
    983 331
   1061 332
    958 333
    985 334
   1027 335
    967 336
   1003 337
    988 338
    970 339
    908 340
    953 341
    980 342
    967 343
    875 344
    918 345
    938 346
    944 347
    960 348
    974 349
    978 350
    941 351
    890 352
    982 353
    919 354
    945 355
    918 356
    909 357
    867 358
    863 359
    890 360
    873 361
    901 362
    872 363
    932 364
    821 365
    835 366
    880 367
    781 368
    830 369
    813 370
    772 371
    779 372
    817 373
    805 374
    795 375
    805 376
    824 377
    817 378
    806 379
    833 380
    779 381
    780 382
    795 383
    845 384
    751 385
    762 386
    829 387
    724 388
    759 389
    745 390
    778 391
    743 392
    743 393
    700 394
    756 395
    767 396
    721 397
    717 398
    665 399
    708 400
    714 401
    720 402
    730 403
    746 404
    738 405
    794 406
    718 407
    704 408
    770 409
    787 410
    695 411
    679 412
    688 413
    703 414
    742 415
    680 416
    723 417
    696 418
    701 419
    694 420
    693 421
    720 422
    659 423
    660 424
    653 425
    655 426
    650 427
    694 428
    650 429
    652 430
    651 431
    694 432
    569 433
    615 434
    659 435
    653 436
    640 437
    759 438
    679 439
    666 440
    614 441
    625 442
    641 443
    693 444
    681 445
    635 446
    692 447
    644 448
    638 449
    643 450
    613 451
    614 452
    606 453
    646 454
    655 455
    634 456
    651 457
    652 458
    624 459
    703 460
    666 461
    721 462
    644 463
    696 464
    664 465
    671 466
    652 467
    684 468
    615 469
    692 470
    703 471
    654 472
    668 473
    697 474
    649 475
    662 476
    681 477
    668 478
    651 479
    676 480
    616 481
    649 482
    664 483
    661 484
    730 485
    718 486
    688 487
    670 488
    661 489
    684 490
    661 491
    665 492
    700 493
    704 494
    701 495
    668 496
    681 497
    664 498
    699 499
    653 500
    678 501
    741 502
    700 503
    720 504
    657 505
    686 506
    671 507
    705 508
    692 509
    742 510
    683 511
    744 512
    707 513
    719 514
    752 515
    799 516
    766 517
    767 518
    803 519
    778 520
    742 521
    783 522
    769 523
    755 524
    747 525
    811 526
    769 527
    773 528
    858 529
    787 530
    812 531
    867 532
    862 533
    871 534
    885 535
    833 536
    912 537
    847 538
    814 539
    865 540
    857 541
    835 542
    879 543
    908 544
    926 545
    877 546
    859 547
    851 548
    911 549
    944 550
    914 551
    938 552
    978 553
   1036 554
    984 555
   1035 556
    988 557
   1026 558
   1032 559
   1054 560
    984 561
   1059 562
   1071 563
   1073 564
   1026 565
   1039 566
   1055 567
   1045 568
   1074 569
   1083 570
   1083 571
   1160 572
   1162 573
   1125 574
   1155 575
   1265 576
   1202 577
   1280 578
   1263 579
   1230 580
   1247 581
   1208 582
   1282 583
   1292 584
   1285 585
   1303 586
   1281 587
   1291 588
   1329 589
   1317 590
   1293 591
   1311 592
   1323 593
   1336 594
   1366 595
   1324 596
   1258 597
   1228 598
   1320 599
   1316 600
   1252 601
   1318 602
   1247 603
   1295 604
   1248 605
   1238 606
   1349 607
   1240 608
   1213 609
   1307 610
   1272 611
   1280 612
   1304 613
   1312 614
   1299 615
   1233 616
   1208 617
   1162 618
   1187 619
   1200 620
   1191 621
   1149 622
   1090 623
   1120 624
   1080 625
   1087 626
   1110 627
   1162 628
   1089 629
   1088 630
   1028 631
   1069 632
   1117 633
   1069 634
   1048 635
   1045 636
   1056 637
   1080 638
   1042 639
   1018 640
   1095 641
   1016 642
    974 643
    996 644
    888 645
   1037 646
    973 647
    997 648
    924 649
    967 650
    970 651
    887 652
    938 653
    962 654
    912 655
    970 656
    920 657
    926 658
    882 659
    858 660
    862 661
    856 662
    820 663
    775 664
    774 665
    755 666
    750 667
    757 668
    786 669
    740 670
    789 671
    681 672
    767 673
    747 674
    730 675
    737 676
    739 677
    692 678
    685 679
    699 680
    722 681
    708 682
    688 683
    692 684
    688 685
    686 686
    685 687
    645 688
    725 689
    671 690
    702 691
    686 692
    673 693
    652 694
    639 695
    669 696
    684 697
    662 698
    652 699
    647 700
    694 701
    669 702
    621 703
    671 704
    628 705
    697 706
    621 707
    638 708
    635 709
    683 710
    622 711
    630 712
    609 713
    612 714
    679 715
    610 716
    601 717
    604 718
    611 719
    628 720
    594 721
    621 722
    601 723
    617 724
    620 725
    618 726
    598 727
    583 728
    546 729
    577 730
    565 731
    574 732
    548 733
    537 734
    581 735
    543 736
    530 737
    555 738
    529 739
    562 740
    597 741
    522 742
    549 743
    563 744
    519 745
    593 746
    546 747
    567 748
    567 749
    561 750
    617 751
    548 752
    542 753
    552 754
    552 755
    554 756
    545 757
    567 758
    573 759
    562 760
    522 761
    491 762
    545 763
    485 764
    475 765
    544 766
    472 767
    479 768
    486 769
    478 770
    478 771
    493 772
    467 773
    420 774
    464 775
    482 776
    445 777
    464 778
    432 779
    455 780
    431 781
    410 782
    431 783
    429 784
    442 785
    424 786
    449 787
    414 788
    432 789
    392 790
    381 791
    379 792
    395 793
    397 794
    374 795
    388 796
    385 797
    361 798
    368 799
    348 800
    349 801
    325 802
    362 803
    411 804
    361 805
    373 806
    385 807
    332 808
    367 809
    339 810
    359 811
    337 812
    352 813
    350 814
    369 815
    343 816
    321 817
    335 818
    326 819
    334 820
    354 821
    315 822
    313 823
    301 824
    311 825
    263 826
    285 827
    313 828
    277 829
    299 830
    287 831
    275 832
    293 833
    291 834
    286 835
    264 836
    256 837
    245 838
    258 839
    242 840
    242 841
    237 842
    250 843
    270 844
    254 845
    212 846
    249 847
    231 848
    244 849
    235 850
    235 851
    256 852
    244 853
    229 854
    226 855
    263 856
    223 857
    212 858
    219 859
    238 860
    222 861
    231 862
    229 863
    227 864
    235 865
    247 866
    242 867
    230 868
    246 869
    210 870
    232 871
    188 872
    195 873
    232 874
    230 875
    237 876
    225 877
    239 878
    208 879
    223 880
    234 881
    224 882
    225 883
    262 884
    244 885
    229 886
    235 887
    225 888
    215 889
    235 890
    210 891
    208 892
    208 893
    211 894
    202 895
    209 896
    200 897
    209 898
    223 899
    210 900
    214 901
    212 902
    216 903
    193 904
    192 905
    188 906
    195 907
    188 908
    194 909
    192 910
    195 911
    213 912
    189 913
    196 914
    193 915
    198 916
    178 917
    174 918
    214 919
    184 920
    184 921
    183 922
    183 923
    168 924
    201 925
    200 926
    190 927
    209 928
    188 929
    179 930
    202 931
    207 932
    212 933
    182 934
    201 935
    211 936
    219 937
    201 938
    202 939
    183 940
    189 941
    171 942
    192 943
    203 944
    181 945
    184 946
    192 947
    213 948
    204 949
    217 950
    171 951
    204 952
    163 953
    163 954
    179 955
    178 956
    183 957
    180 958
    192 959
    176 960
    207 961
    179 962
    193 963
    178 964
    189 965
    184 966
    188 967
    180 968
    187 969
    181 970
    209 971
    209 972
    189 973
    213 974
    169 975
    214 976
    196 977
    168 978
    217 979
    224 980
    163 981
    189 982
    182 983
    214 984
    177 985
    194 986
    180 987
    157 988
    176 989
    161 990
    189 991
    160 992
    203 993
    179 994
    187 995
    180 996
    166 997
    171 998
    158 999
    187 1000
    157 1001
    176 1002
    188 1003
    176 1004
    168 1005
    156 1006
    165 1007
    165 1008
    175 1009
    178 1010
    170 1011
    169 1012
    194 1013
    153 1014
    193 1015
    191 1016
    182 1017
    163 1018
    165 1019
    185 1020
    177 1021
    192 1022
    181 1023
    178 1024
    178 1025
    178 1026
    182 1027
    173 1028
    142 1029
    183 1030
    195 1031
    153 1032
    167 1033
    203 1034
    176 1035
    175 1036
    195 1037
    182 1038
    181 1039
    182 1040
    155 1041
    173 1042
    180 1043
    214 1044
    170 1045
    150 1046
    158 1047
    181 1048
    183 1049
    176 1050
    166 1051
    170 1052
    186 1053
    192 1054
    182 1055
    144 1056
    156 1057
    170 1058
    154 1059
    179 1060
    173 1061
    161 1062
    180 1063
    188 1064
    147 1065
    167 1066
    159 1067
    170 1068
    180 1069
    167 1070
    165 1071
    179 1072
    196 1073
    175 1074
    185 1075
    145 1076
    174 1077
    177 1078
    150 1079
    170 1080
    173 1081
    179 1082
    178 1083
    155 1084
    175 1085
    190 1086
    161 1087
    180 1088
    173 1089
    162 1090
    163 1091
    187 1092
    176 1093
    173 1094
    157 1095
    153 1096
    165 1097
    165 1098
    156 1099
    137 1100
    163 1101
    172 1102
    145 1103
    135 1104
    139 1105
    147 1106
    171 1107
    162 1108
    170 1109
    175 1110
    171 1111
    158 1112
    151 1113
    132 1114
    164 1115
    183 1116
    166 1117
    162 1118
    149 1119
    158 1120
    149 1121
    186 1122
    153 1123
    173 1124
    172 1125
    152 1126
    169 1127
    154 1128
    166 1129
    170 1130
    161 1131
    138 1132
    157 1133
    166 1134
    150 1135
    142 1136
    183 1137
    152 1138
    149 1139
    139 1140
    171 1141
    158 1142
    165 1143
    145 1144
    146 1145
    142 1146
    149 1147
    153 1148
    157 1149
    154 1150
    153 1151
    128 1152
    131 1153
    146 1154
    164 1155
    152 1156
    158 1157
    146 1158
    166 1159
    152 1160
    148 1161
    151 1162
    182 1163
    161 1164
    142 1165
    139 1166
    140 1167
    144 1168
    170 1169
    147 1170
    155 1171
    142 1172
    161 1173
    178 1174
    156 1175
    163 1176
    147 1177
    150 1178
    145 1179
    164 1180
    184 1181
    164 1182
    185 1183
    145 1184
    175 1185
    151 1186
    157 1187
    156 1188
    154 1189
    157 1190
    161 1191
    147 1192
    166 1193
    171 1194
    182 1195
    147 1196
    175 1197
    143 1198
    196 1199
    180 1200
    173 1201
    157 1202
    139 1203
    128 1204
    144 1205
    156 1206
    174 1207
    137 1208
    168 1209
    166 1210
    160 1211
    170 1212
    155 1213
    140 1214
    148 1215
    141 1216
    138 1217
    151 1218
    128 1219
    160 1220
    139 1221
    141 1222
    141 1223
    148 1224
    156 1225
    150 1226
    178 1227
    146 1228
    146 1229
    145 1230
    125 1231
    154 1232
    161 1233
    173 1234
    150 1235
    160 1236
    165 1237
    134 1238
    169 1239
    148 1240
    168 1241
    148 1242
    161 1243
    165 1244
    155 1245
    164 1246
    158 1247
    164 1248
    149 1249
    155 1250
    143 1251
    177 1252
    152 1253
    163 1254
    141 1255
    161 1256
    161 1257
    159 1258
    178 1259
    150 1260
    149 1261
    136 1262
    133 1263
    138 1264
    142 1265
    144 1266
    142 1267
    133 1268
    154 1269
    156 1270
    140 1271
    124 1272
    131 1273
    151 1274
    128 1275
    125 1276
    130 1277
    138 1278
    148 1279
    165 1280
    142 1281
    171 1282
    156 1283
    144 1284
    138 1285
    159 1286
    150 1287
    157 1288
    129 1289
    143 1290
    144 1291
    138 1292
    131 1293
    132 1294
    120 1295
    117 1296
    152 1297
    148 1298
    139 1299
    146 1300
    119 1301
    122 1302
    144 1303
    132 1304
    144 1305
    146 1306
    139 1307
    136 1308
    131 1309
    135 1310
    143 1311
    140 1312
    155 1313
    133 1314
    152 1315
    144 1316
    139 1317
    123 1318
    149 1319
    132 1320
    136 1321
    126 1322
    147 1323
    153 1324
    144 1325
    120 1326
    129 1327
    124 1328
    132 1329
    139 1330
    113 1331
    134 1332
    138 1333
    131 1334
    136 1335
    127 1336
    152 1337
    137 1338
    146 1339
    125 1340
    127 1341
    134 1342
    128 1343
    138 1344
    147 1345
    139 1346
    141 1347
    150 1348
    141 1349
    138 1350
    125 1351
    123 1352
    141 1353
    134 1354
    156 1355
    129 1356
    128 1357
    126 1358
    130 1359
    151 1360
    146 1361
    131 1362
    130 1363
    132 1364
    129 1365
    128 1366
    133 1367
    111 1368
    140 1369
    118 1370
    132 1371
     90 1372
    132 1373
    123 1374
    115 1375
    116 1376
    112 1377
     97 1378
    105 1379
    115 1380
    126 1381
    113 1382
    130 1383
    116 1384
     91 1385
    127 1386
    109 1387
    114 1388
    131 1389
     95 1390
    113 1391
    130 1392
    125 1393
    110 1394
    133 1395
    129 1396
    127 1397
    106 1398
    116 1399
    134 1400
    130 1401
    118 1402
     97 1403
    106 1404
    107 1405
    114 1406
    116 1407
    107 1408
    113 1409
     89 1410
    107 1411
    112 1412
    110 1413
     90 1414
     95 1415
     89 1416
     91 1417
    109 1418
    111 1419
     92 1420
    105 1421
     98 1422
    113 1423
    122 1424
     96 1425
     95 1426
    113 1427
    129 1428
    119 1429
     93 1430
    113 1431
    102 1432
     86 1433
     97 1434
     94 1435
    113 1436
     95 1437
     96 1438
     99 1439
     94 1440
     99 1441
     89 1442
     74 1443
     96 1444
    103 1445
    120 1446
    106 1447
    115 1448
    115 1449
    104 1450
     84 1451
     95 1452
     86 1453
     97 1454
     91 1455
     95 1456
     96 1457
     85 1458
     79 1459
     72 1460
     86 1461
     93 1462
     84 1463
     85 1464
    106 1465
     95 1466
    103 1467
     74 1468
     78 1469
     93 1470
     87 1471
     84 1472
     95 1473
    101 1474
     78 1475
     93 1476
     85 1477
     80 1478
     82 1479
     93 1480
     60 1481
     72 1482
     84 1483
     88 1484
     82 1485
     95 1486
     72 1487
     84 1488
     83 1489
     81 1490
    101 1491
    105 1492
     77 1493
     96 1494
     80 1495
     99 1496
     96 1497
     99 1498
     81 1499
    101 1500
    101 1501
     97 1502
     77 1503
     77 1504
     94 1505
     90 1506
     89 1507
     90 1508
     93 1509
     84 1510
     83 1511
     98 1512
     89 1513
     86 1514
     68 1515
     91 1516
     79 1517
     87 1518
     79 1519
     76 1520
     95 1521
     90 1522
     92 1523
     73 1524
     80 1525
     65 1526
     92 1527
     65 1528
     78 1529
     80 1530
     77 1531
     85 1532
     90 1533
     74 1534
     84 1535
     87 1536
     90 1537
     87 1538
     77 1539
     87 1540
     92 1541
     88 1542
     78 1543
     77 1544
     79 1545
     86 1546
     76 1547
     85 1548
     78 1549
     88 1550
     86 1551
     75 1552
     73 1553
     77 1554
     82 1555
     85 1556
     78 1557
     99 1558
     92 1559
     81 1560
     60 1561
     78 1562
     94 1563
     81 1564
     81 1565
     83 1566
     74 1567
     75 1568
     80 1569
     83 1570
     70 1571
     98 1572
     72 1573
     90 1574
    105 1575
     82 1576
     74 1577
    100 1578
     82 1579
     76 1580
     83 1581
     79 1582
     82 1583
     77 1584
     68 1585
     72 1586
     74 1587
     73 1588
     73 1589
     83 1590
     88 1591
     80 1592
     67 1593
     74 1594
     93 1595
     65 1596
     61 1597
     83 1598
     75 1599
     83 1600
     77 1601
     61 1602
     84 1603
     61 1604
     78 1605
     75 1606
     59 1607
     97 1608
     83 1609
     62 1610
     81 1611
     80 1612
     73 1613
     77 1614
     64 1615
     73 1616
     73 1617
     72 1618
     91 1619
     83 1620
     74 1621
     71 1622
     69 1623
     73 1624
     69 1625
     70 1626
     60 1627
     79 1628
     74 1629
     65 1630
     75 1631
     81 1632
     68 1633
     76 1634
     60 1635
     71 1636
     68 1637
     71 1638
     74 1639
     86 1640
     71 1641
     66 1642
     73 1643
     65 1644
     61 1645
     74 1646
     62 1647
     59 1648
     56 1649
     68 1650
     60 1651
     63 1652
     61 1653
     62 1654
     59 1655
     54 1656
     64 1657
     57 1658
     60 1659
     67 1660
     62 1661
     50 1662
     59 1663
     69 1664
     59 1665
     59 1666
     66 1667
     81 1668
     59 1669
     55 1670
     52 1671
     68 1672
     59 1673
     66 1674
     60 1675
     68 1676
     71 1677
     59 1678
     65 1679
     75 1680
     48 1681
     68 1682
     66 1683
     57 1684
     75 1685
     70 1686
     72 1687
     58 1688
     70 1689
     60 1690
     71 1691
     52 1692
     70 1693
     71 1694
     63 1695
     68 1696
     57 1697
     59 1698
     65 1699
     71 1700
     66 1701
     68 1702
     62 1703
     56 1704
     75 1705
     65 1706
     66 1707
     63 1708
     71 1709
     55 1710
     67 1711
     54 1712
     70 1713
     86 1714
     76 1715
     61 1716
     55 1717
     62 1718
     62 1719
     79 1720
     75 1721
     64 1722
     70 1723
     69 1724
     75 1725
     71 1726
     60 1727
     73 1728
     68 1729
     68 1730
     74 1731
     82 1732
     68 1733
     63 1734
     61 1735
     67 1736
     58 1737
     73 1738
     70 1739
     65 1740
     47 1741
     56 1742
     56 1743
     72 1744
     66 1745
     56 1746
     69 1747
     70 1748
     57 1749
     73 1750
     61 1751
     66 1752
     63 1753
     51 1754
     67 1755
     57 1756
     64 1757
     60 1758
     59 1759
     74 1760
     54 1761
     57 1762
     50 1763
     57 1764
     69 1765
     71 1766
     69 1767
     59 1768
     77 1769
     71 1770
     77 1771
     65 1772
     63 1773
     67 1774
     55 1775
     69 1776
     63 1777
     52 1778
     61 1779
     67 1780
     67 1781
     65 1782
     60 1783
     51 1784
     71 1785
     72 1786
     65 1787
     71 1788
     69 1789
     57 1790
     60 1791
     58 1792
     51 1793
     60 1794
     73 1795
     79 1796
     44 1797
     65 1798
     72 1799
     72 1800
     58 1801
     67 1802
     74 1803
     72 1804
     64 1805
     66 1806
     67 1807
     55 1808
     68 1809
     63 1810
     83 1811
     84 1812
     82 1813
     69 1814
     78 1815
     63 1816
     77 1817
     64 1818
     63 1819
     76 1820
     79 1821
     84 1822
     99 1823
     64 1824
     69 1825
     75 1826
     69 1827
     64 1828
     81 1829
     73 1830
     64 1831
     82 1832
     97 1833
     71 1834
     79 1835
     78 1836
     79 1837
     84 1838
     76 1839
     62 1840
     75 1841
     84 1842
     78 1843
     75 1844
     65 1845
     80 1846
     68 1847
     74 1848
     80 1849
     70 1850
     75 1851
     64 1852
     64 1853
     83 1854
     94 1855
     79 1856
     71 1857
     53 1858
     76 1859
     72 1860
     83 1861
     86 1862
     77 1863
     75 1864
     65 1865
     81 1866
     71 1867
     59 1868
     78 1869
     77 1870
     95 1871
     59 1872
     69 1873
     68 1874
     60 1875
     76 1876
     68 1877
     52 1878
     72 1879
     70 1880
     78 1881
     79 1882
     70 1883
     82 1884
     84 1885
     61 1886
     75 1887
     72 1888
     61 1889
     79 1890
     65 1891
     70 1892
     78 1893
     79 1894
     68 1895
     68 1896
     81 1897
     55 1898
     91 1899
     73 1900
     78 1901
     74 1902
     83 1903
     67 1904
     77 1905
     70 1906
     71 1907
     67 1908
     55 1909
     75 1910
     66 1911
     65 1912
     68 1913
     78 1914
     72 1915
     73 1916
     70 1917
     66 1918
     72 1919
     75 1920
     85 1921
     82 1922
     72 1923
     71 1924
     65 1925
     78 1926
     80 1927
     69 1928
     80 1929
     77 1930
     80 1931
     78 1932
     83 1933
     66 1934
     82 1935
     72 1936
     87 1937
     59 1938
     76 1939
     68 1940
     83 1941
     80 1942
     82 1943
     75 1944
     78 1945
     54 1946
     71 1947
     74 1948
     70 1949
     73 1950
     75 1951
     81 1952
     69 1953
     73 1954
     59 1955
     72 1956
     47 1957
     62 1958
     80 1959
     61 1960
     60 1961
     72 1962
     65 1963
     83 1964
     95 1965
     68 1966
     82 1967
     71 1968
     69 1969
     55 1970
     79 1971
     71 1972
     59 1973
     65 1974
     67 1975
     76 1976
     62 1977
     72 1978
     63 1979
     58 1980
     72 1981
     65 1982
     54 1983
     58 1984
     67 1985
     64 1986
     69 1987
     84 1988
     72 1989
     57 1990
     70 1991
     68 1992
     66 1993
     56 1994
     61 1995
     63 1996
     67 1997
     63 1998
     77 1999
     70 2000
     88 2001
     77 2002
     77 2003
     66 2004
     68 2005
     94 2006
     78 2007
     68 2008
     72 2009
     64 2010
     82 2011
     72 2012
     64 2013
     91 2014
     65 2015
     73 2016
     76 2017
     70 2018
     67 2019
     74 2020
     67 2021
     71 2022
     77 2023
     76 2024
     68 2025
     77 2026
     79 2027
     85 2028
     83 2029
     80 2030
     80 2031
     65 2032
     86 2033
     59 2034
     67 2035
     78 2036
     72 2037
     70 2038
     72 2039
     67 2040
     70 2041
     79 2042
     52 2043
     64 2044
     55 2045
     74 2046
     66 2047
     49 2048
     65 2049
     61 2050
     61 2051
     64 2052
     66 2053
     66 2054
     62 2055
     59 2056
     60 2057
     67 2058
     59 2059
     71 2060
     45 2061
     65 2062
     60 2063
     66 2064
     63 2065
     76 2066
     76 2067
     53 2068
     58 2069
     58 2070
     71 2071
     63 2072
     80 2073
     71 2074
     77 2075
     65 2076
     56 2077
     61 2078
     41 2079
     66 2080
     75 2081
     58 2082
     57 2083
     49 2084
     68 2085
     76 2086
     54 2087
     50 2088
     70 2089
     63 2090
     61 2091
     61 2092
     69 2093
     54 2094
     49 2095
     71 2096
     62 2097
     65 2098
     47 2099
     58 2100
     57 2101
     61 2102
     39 2103
     59 2104
     53 2105
     56 2106
     65 2107
     63 2108
     57 2109
     41 2110
     50 2111
     55 2112
     56 2113
     55 2114
     45 2115
     53 2116
     53 2117
     55 2118
     59 2119
     60 2120
     63 2121
     59 2122
     46 2123
     50 2124
     42 2125
     63 2126
     44 2127
     54 2128
     38 2129
     59 2130
     47 2131
     43 2132
     33 2133
     53 2134
     56 2135
     66 2136
     51 2137
     52 2138
     53 2139
     61 2140
     58 2141
     60 2142
     43 2143
     44 2144
     38 2145
     49 2146
     59 2147
     62 2148
     60 2149
     58 2150
     54 2151
     42 2152
     50 2153
     45 2154
     53 2155
     40 2156
     50 2157
     41 2158
     50 2159
     43 2160
     49 2161
     47 2162
     59 2163
     32 2164
     37 2165
     39 2166
     57 2167
     52 2168
     52 2169
     46 2170
     47 2171
     47 2172
     36 2173
     36 2174
     43 2175
     48 2176
     40 2177
     47 2178
     51 2179
     50 2180
     44 2181
     44 2182
     48 2183
     37 2184
     34 2185
     36 2186
     52 2187
     35 2188
     32 2189
     43 2190
     44 2191
     44 2192
     45 2193
     53 2194
     46 2195
     45 2196
     39 2197
     46 2198
     42 2199
     48 2200
     53 2201
     34 2202
     45 2203
     54 2204
     44 2205
     45 2206
     56 2207
     48 2208
     37 2209
     31 2210
     40 2211
     39 2212
     35 2213
     39 2214
     35 2215
     41 2216
     43 2217
     39 2218
     44 2219
     43 2220
     45 2221
     38 2222
     30 2223
     43 2224
     45 2225
     40 2226
     54 2227
     51 2228
     37 2229
     39 2230
     51 2231
     37 2232
     40 2233
     46 2234
     45 2235
     40 2236
     38 2237
     53 2238
     50 2239
     44 2240
     41 2241
     42 2242
     43 2243
     47 2244
     43 2245
     40 2246
     50 2247
     39 2248
     52 2249
     47 2250
     37 2251
     38 2252
     46 2253
     33 2254
     41 2255
     40 2256
     40 2257
     42 2258
     34 2259
     35 2260
     35 2261
     45 2262
     34 2263
     53 2264
     28 2265
     38 2266
     56 2267
     29 2268
     36 2269
     44 2270
     30 2271
     39 2272
     43 2273
     36 2274
     38 2275
     34 2276
     32 2277
     38 2278
     36 2279
     31 2280
     34 2281
     34 2282
     26 2283
     30 2284
     41 2285
     44 2286
     36 2287
     26 2288
     35 2289
     33 2290
     51 2291
     37 2292
     38 2293
     42 2294
     27 2295
     26 2296
     35 2297
     28 2298
     34 2299
     30 2300
     30 2301
     40 2302
     30 2303
     34 2304
     29 2305
     39 2306
     32 2307
     27 2308
     28 2309
     29 2310
     27 2311
     37 2312
     24 2313
     19 2314
     24 2315
     27 2316
     38 2317
     33 2318
     32 2319
     27 2320
     24 2321
     27 2322
     23 2323
     31 2324
     42 2325
     31 2326
     25 2327
     27 2328
     23 2329
     19 2330
     35 2331
     36 2332
     29 2333
     26 2334
     22 2335
     31 2336
     30 2337
     20 2338
     32 2339
     26 2340
     21 2341
     21 2342
     21 2343
     18 2344
     25 2345
     36 2346
     25 2347
     19 2348
     30 2349
     25 2350
     20 2351
     27 2352
     23 2353
     30 2354
     15 2355
     30 2356
     14 2357
     18 2358
     27 2359
     24 2360
     22 2361
     24 2362
     27 2363
     25 2364
     26 2365
     24 2366
     31 2367
     25 2368
     24 2369
     18 2370
     28 2371
     20 2372
     26 2373
     29 2374
     20 2375
     18 2376
     23 2377
     29 2378
     33 2379
     19 2380
     26 2381
     18 2382
     20 2383
     17 2384
     20 2385
     21 2386
     31 2387
     27 2388
     17 2389
     29 2390
     21 2391
     28 2392
     26 2393
     16 2394
     31 2395
     23 2396
     19 2397
     21 2398
     20 2399
     15 2400
     24 2401
     19 2402
     20 2403
     18 2404
     22 2405
     20 2406
     22 2407
     17 2408
     30 2409
     15 2410
     21 2411
     27 2412
     27 2413
     21 2414
     24 2415
     25 2416
     18 2417
     15 2418
     21 2419
     14 2420
     22 2421
     22 2422
     14 2423
     22 2424
     18 2425
     17 2426
     16 2427
     19 2428
     28 2429
     13 2430
     18 2431
     20 2432
     14 2433
     16 2434
     23 2435
     17 2436
     20 2437
     12 2438
     17 2439
     19 2440
     22 2441
     24 2442
     21 2443
     22 2444
     13 2445
     17 2446
     18 2447
     11 2448
      8 2449
     12 2450
     19 2451
     18 2452
     14 2453
     19 2454
     18 2455
     18 2456
     20 2457
     12 2458
     21 2459
     10 2460
     15 2461
     21 2462
     25 2463
     11 2464
     23 2465
     15 2466
     13 2467
     20 2468
     20 2469
     15 2470
     20 2471
     18 2472
     17 2473
     19 2474
     16 2475
     24 2476
     17 2477
     19 2478
     20 2479
     19 2480
     12 2481
     14 2482
     17 2483
     14 2484
     18 2485
     14 2486
     22 2487
     15 2488
     12 2489
     16 2490
     19 2491
     10 2492
     26 2493
     13 2494
     19 2495
     17 2496
     15 2497
     29 2498
     18 2499
     18 2500
     19 2501
     20 2502
     16 2503
     21 2504
     19 2505
     18 2506
     22 2507
     14 2508
     19 2509
     13 2510
     10 2511
     23 2512
     17 2513
     25 2514
     15 2515
     15 2516
     28 2517
     15 2518
     24 2519
     22 2520
     24 2521
     14 2522
     18 2523
     18 2524
     14 2525
     17 2526
     16 2527
     27 2528
     20 2529
     22 2530
     21 2531
     16 2532
     27 2533
     17 2534
     20 2535
     19 2536
     20 2537
     26 2538
     27 2539
     15 2540
     14 2541
     26 2542
     12 2543
     21 2544
     21 2545
     16 2546
     21 2547
     24 2548
     23 2549
     15 2550
     21 2551
     19 2552
     19 2553
     20 2554
     15 2555
     23 2556
     15 2557
     12 2558
     19 2559
     18 2560
     12 2561
     22 2562
     21 2563
     18 2564
     23 2565
     16 2566
     20 2567
     35 2568
     13 2569
     12 2570
     20 2571
     20 2572
     23 2573
     23 2574
     17 2575
     18 2576
     24 2577
     30 2578
      7 2579
     12 2580
     24 2581
     21 2582
     19 2583
     15 2584
     15 2585
     17 2586
     16 2587
     17 2588
     16 2589
     19 2590
     10 2591
     16 2592
     18 2593
     19 2594
     11 2595
     12 2596
     14 2597
     19 2598
     19 2599
     17 2600
     14 2601
     12 2602
     17 2603
     15 2604
     15 2605
     21 2606
     11 2607
     13 2608
     23 2609
     17 2610
     18 2611
     20 2612
     13 2613
     18 2614
     18 2615
     13 2616
     23 2617
     11 2618
     15 2619
     17 2620
     18 2621
     25 2622
     23 2623
     21 2624
     23 2625
     25 2626
     23 2627
     15 2628
     27 2629
     17 2630
     17 2631
     14 2632
     22 2633
     14 2634
     20 2635
     18 2636
     16 2637
     10 2638
     26 2639
     17 2640
     21 2641
     12 2642
     10 2643
     13 2644
     20 2645
     10 2646
     15 2647
     15 2648
     10 2649
     18 2650
     15 2651
     14 2652
     14 2653
     15 2654
     12 2655
     11 2656
     14 2657
     13 2658
     12 2659
     23 2660
     21 2661
     19 2662
     13 2663
     16 2664
     19 2665
     14 2666
     15 2667
     13 2668
     11 2669
     19 2670
     13 2671
     17 2672
     10 2673
     15 2674
      9 2675
      9 2676
     12 2677
     16 2678
     14 2679
     15 2680
     19 2681
     16 2682
     15 2683
     24 2684
     13 2685
     19 2686
     21 2687
     19 2688
     15 2689
     17 2690
     12 2691
     22 2692
     10 2693
     14 2694
     11 2695
     16 2696
     21 2697
     16 2698
     13 2699
     14 2700
     13 2701
     14 2702
     15 2703
     27 2704
     25 2705
     12 2706
     11 2707
     10 2708
     19 2709
     14 2710
     26 2711
     21 2712
     21 2713
     16 2714
     13 2715
     17 2716
     22 2717
     13 2718
     12 2719
     15 2720
     20 2721
     18 2722
     17 2723
     12 2724
     18 2725
     14 2726
     14 2727
     13 2728
     16 2729
     22 2730
     17 2731
     21 2732
     15 2733
     23 2734
     14 2735
     12 2736
     14 2737
     20 2738
     18 2739
     19 2740
      9 2741
     11 2742
     15 2743
     16 2744
     20 2745
     21 2746
     11 2747
     11 2748
     13 2749
     15 2750
     16 2751
     14 2752
     17 2753
     13 2754
     16 2755
     16 2756
     14 2757
     17 2758
     19 2759
     13 2760
     19 2761
     14 2762
      9 2763
     14 2764
      8 2765
     13 2766
     18 2767
     18 2768
     11 2769
     10 2770
     13 2771
     25 2772
     10 2773
     12 2774
     13 2775
     13 2776
     10 2777
     15 2778
     22 2779
     14 2780
     11 2781
     17 2782
     24 2783
     10 2784
      9 2785
      8 2786
     16 2787
      7 2788
     17 2789
     23 2790
     12 2791
     16 2792
     13 2793
     16 2794
     17 2795
     12 2796
     16 2797
     18 2798
     14 2799
     10 2800
     12 2801
     21 2802
     16 2803
     15 2804
     15 2805
     11 2806
     11 2807
     18 2808
      9 2809
     17 2810
     11 2811
     10 2812
     18 2813
     21 2814
     15 2815
     12 2816
     19 2817
     17 2818
     13 2819
     12 2820
     17 2821
     18 2822
     15 2823
     17 2824
     11 2825
     16 2826
     16 2827
     12 2828
     16 2829
     10 2830
     14 2831
     16 2832
     14 2833
     14 2834
     14 2835
      6 2836
     12 2837
     13 2838
     17 2839
     14 2840
     15 2841
     15 2842
     16 2843
     13 2844
     11 2845
     13 2846
     17 2847
     13 2848
     13 2849
     19 2850
     15 2851
     10 2852
     19 2853
     14 2854
     16 2855
     10 2856
     11 2857
     16 2858
     16 2859
     12 2860
     13 2861
     12 2862
     12 2863
     14 2864
     11 2865
     19 2866
     12 2867
     21 2868
     22 2869
     16 2870
     12 2871
     21 2872
     16 2873
     11 2874
     20 2875
     16 2876
     16 2877
     15 2878
     22 2879
     18 2880
     12 2881
     18 2882
      8 2883
     22 2884
     13 2885
     11 2886
     10 2887
     15 2888
      7 2889
     12 2890
     15 2891
     19 2892
     13 2893
     13 2894
     11 2895
     15 2896
     15 2897
     12 2898
     17 2899
     16 2900
     21 2901
     13 2902
     12 2903
     17 2904
      8 2905
     15 2906
     13 2907
     13 2908
     16 2909
     14 2910
     16 2911
     15 2912
     16 2913
     13 2914
     13 2915
     16 2916
     13 2917
     13 2918
     15 2919
     12 2920
     10 2921
     21 2922
     11 2923
     11 2924
      9 2925
     16 2926
      9 2927
     12 2928
     12 2929
     20 2930
     11 2931
     17 2932
     14 2933
     10 2934
     11 2935
     15 2936
     18 2937
      8 2938
     12 2939
      6 2940
      8 2941
      6 2942
     10 2943
     12 2944
     19 2945
      9 2946
     11 2947
     17 2948
     20 2949
     11 2950
     12 2951
     17 2952
      9 2953
     10 2954
     10 2955
     11 2956
     16 2957
     10 2958
     12 2959
      8 2960
      9 2961
     13 2962
      8 2963
     10 2964
     15 2965
     15 2966
     14 2967
      9 2968
     16 2969
     14 2970
     12 2971
     12 2972
      9 2973
     12 2974
     16 2975
      9 2976
     12 2977
     18 2978
     12 2979
     13 2980
     12 2981
     15 2982
     13 2983
      8 2984
     10 2985
     13 2986
     11 2987
      8 2988
     10 2989
     13 2990
     11 2991
     13 2992
     10 2993
     14 2994
     18 2995
      9 2996
     15 2997
     10 2998
      9 2999
      9 3000
      9 3001
      6 3002
     10 3003
     12 3004
      5 3005
     11 3006
      7 3007
     13 3008
     13 3009
     14 3010
      9 3011
      8 3012
      9 3013
     17 3014
     12 3015
     14 3016
     10 3017
     12 3018
     10 3019
      4 3020
     10 3021
      8 3022
     15 3023
     12 3024
     12 3025
     11 3026
     10 3027
      8 3028
      7 3029
     14 3030
     10 3031
      5 3032
      8 3033
     18 3034
      6 3035
      7 3036
     10 3037
      4 3038
     12 3039
     16 3040
     15 3041
     10 3042
     13 3043
     14 3044
     10 3045
     17 3046
     13 3047
     13 3048
      6 3049
      6 3050
     11 3051
      9 3052
     12 3053
      7 3054
     15 3055
     11 3056
     10 3057
      8 3058
     11 3059
     14 3060
     15 3061
     15 3062
     11 3063
     17 3064
     14 3065
     14 3066
      7 3067
      7 3068
      5 3069
     11 3070
     13 3071
     16 3072
      6 3073
     10 3074
      7 3075
      8 3076
     14 3077
      6 3078
      4 3079
     13 3080
     12 3081
     11 3082
     10 3083
     13 3084
      7 3085
     17 3086
      3 3087
     13 3088
      9 3089
      8 3090
     11 3091
     15 3092
      5 3093
      6 3094
     15 3095
      9 3096
     11 3097
      6 3098
      9 3099
     10 3100
     21 3101
     14 3102
      8 3103
     13 3104
     17 3105
      9 3106
     12 3107
      9 3108
      9 3109
     10 3110
      8 3111
      6 3112
      6 3113
     12 3114
     13 3115
     10 3116
      9 3117
     10 3118
      6 3119
     13 3120
      9 3121
     15 3122
     12 3123
      4 3124
     12 3125
      9 3126
     11 3127
      9 3128
      7 3129
     11 3130
     19 3131
     16 3132
     13 3133
     14 3134
     10 3135
     19 3136
      7 3137
     10 3138
     10 3139
     11 3140
     12 3141
      9 3142
     17 3143
     16 3144
     17 3145
      9 3146
     10 3147
     14 3148
     12 3149
      6 3150
     10 3151
     12 3152
      9 3153
      6 3154
      9 3155
     11 3156
      8 3157
     11 3158
      6 3159
      8 3160
     14 3161
     13 3162
      8 3163
      9 3164
     15 3165
     13 3166
     16 3167
      9 3168
     19 3169
      9 3170
     16 3171
      6 3172
     11 3173
     13 3174
      7 3175
     11 3176
     10 3177
     10 3178
      9 3179
     15 3180
     12 3181
     10 3182
     10 3183
     10 3184
     10 3185
      6 3186
     10 3187
      7 3188
      9 3189
     13 3190
     10 3191
      8 3192
     14 3193
      9 3194
     14 3195
      9 3196
      9 3197
      8 3198
     12 3199
      6 3200
      9 3201
      7 3202
      9 3203
     13 3204
     10 3205
      9 3206
     12 3207
     11 3208
      7 3209
     17 3210
      8 3211
      5 3212
     12 3213
      9 3214
     10 3215
     12 3216
      8 3217
     12 3218
      5 3219
     14 3220
     10 3221
     18 3222
     12 3223
     11 3224
     14 3225
     12 3226
     13 3227
      8 3228
     11 3229
     16 3230
     13 3231
     15 3232
     14 3233
     12 3234
     12 3235
      9 3236
      8 3237
      3 3238
      8 3239
     10 3240
      7 3241
     14 3242
      7 3243
     12 3244
      8 3245
     10 3246
     11 3247
     10 3248
      8 3249
     10 3250
     10 3251
     14 3252
     10 3253
     12 3254
     10 3255
      9 3256
      6 3257
      5 3258
     13 3259
     12 3260
      8 3261
     14 3262
     10 3263
     11 3264
     14 3265
      9 3266
     14 3267
     11 3268
     14 3269
     14 3270
      9 3271
     15 3272
     10 3273
      8 3274
     12 3275
      6 3276
      9 3277
      9 3278
     13 3279
     11 3280
     11 3281
      7 3282
     11 3283
      9 3284
     14 3285
     12 3286
      7 3287
     10 3288
     12 3289
     13 3290
     12 3291
     14 3292
     13 3293
     13 3294
     10 3295
     13 3296
      7 3297
      8 3298
     10 3299
      9 3300
     10 3301
     13 3302
      8 3303
     10 3304
      6 3305
     14 3306
      8 3307
      7 3308
     11 3309
     12 3310
      7 3311
     13 3312
     11 3313
      9 3314
      7 3315
      3 3316
      9 3317
     10 3318
      9 3319
     14 3320
      7 3321
      2 3322
     11 3323
      9 3324
     11 3325
      9 3326
      6 3327
      8 3328
     10 3329
     11 3330
     11 3331
     13 3332
     13 3333
     13 3334
      9 3335
      8 3336
     14 3337
      8 3338
      8 3339
      6 3340
      6 3341
     11 3342
     10 3343
     10 3344
     10 3345
     11 3346
     10 3347
      9 3348
     10 3349
      9 3350
      6 3351
      8 3352
      9 3353
      8 3354
     14 3355
     11 3356
      8 3357
     11 3358
     10 3359
     16 3360
     12 3361
     12 3362
     11 3363
     15 3364
     12 3365
      8 3366
      8 3367
     18 3368
     11 3369
      8 3370
     11 3371
      9 3372
     18 3373
     13 3374
      9 3375
     11 3376
     11 3377
      6 3378
      9 3379
      8 3380
      7 3381
     11 3382
     14 3383
      6 3384
      7 3385
     10 3386
     13 3387
      8 3388
      7 3389
      9 3390
      9 3391
      4 3392
     16 3393
     11 3394
      8 3395
      6 3396
     10 3397
     11 3398
      4 3399
     11 3400
     10 3401
      8 3402
     10 3403
     14 3404
     10 3405
     10 3406
     17 3407
      9 3408
      9 3409
      7 3410
      9 3411
     14 3412
     11 3413
      8 3414
     14 3415
     12 3416
     18 3417
     10 3418
     12 3419
     12 3420
      8 3421
      8 3422
     12 3423
      6 3424
      7 3425
      8 3426
     13 3427
     17 3428
     14 3429
     12 3430
      7 3431
     15 3432
     12 3433
      8 3434
      7 3435
     10 3436
     14 3437
      9 3438
     15 3439
      6 3440
     14 3441
     10 3442
      7 3443
     11 3444
      9 3445
     11 3446
     16 3447
     17 3448
     18 3449
     10 3450
     11 3451
      8 3452
     14 3453
     17 3454
     15 3455
     11 3456
      6 3457
      8 3458
      8 3459
      7 3460
      9 3461
      6 3462
     13 3463
      5 3464
      8 3465
      8 3466
      9 3467
     17 3468
     10 3469
      7 3470
     10 3471
     11 3472
     10 3473
      4 3474
      8 3475
     12 3476
      8 3477
      5 3478
      5 3479
      6 3480
      9 3481
      6 3482
     12 3483
      9 3484
     10 3485
      9 3486
      4 3487
      8 3488
      7 3489
     10 3490
      8 3491
      3 3492
      5 3493
      4 3494
     13 3495
      4 3496
      9 3497
      7 3498
     13 3499
      7 3500
     10 3501
      9 3502
      7 3503
      6 3504
     13 3505
     11 3506
      6 3507
      3 3508
      7 3509
      8 3510
      4 3511
     10 3512
      3 3513
      8 3514
     11 3515
      6 3516
      5 3517
      8 3518
      7 3519
     11 3520
     12 3521
      9 3522
      7 3523
      9 3524
     10 3525
      9 3526
      9 3527
      5 3528
      8 3529
      8 3530
      8 3531
     15 3532
     12 3533
      7 3534
      6 3535
     14 3536
      3 3537
      7 3538
      5 3539
     12 3540
     11 3541
      7 3542
     15 3543
      5 3544
      7 3545
      6 3546
      3 3547
      7 3548
     11 3549
      9 3550
      6 3551
      3 3552
      8 3553
      7 3554
     12 3555
      6 3556
      7 3557
      7 3558
      9 3559
     11 3560
      8 3561
     11 3562
     11 3563
      9 3564
     13 3565
      7 3566
      9 3567
      3 3568
     15 3569
     15 3570
      8 3571
      6 3572
     15 3573
     15 3574
      9 3575
     11 3576
     13 3577
     14 3578
     12 3579
      5 3580
     10 3581
     12 3582
      8 3583
      6 3584
      8 3585
     10 3586
      9 3587
      6 3588
     10 3589
     12 3590
      8 3591
     11 3592
      9 3593
      7 3594
     10 3595
      9 3596
      8 3597
     13 3598
     11 3599
     10 3600
      6 3601
      7 3602
      5 3603
     10 3604
     11 3605
     10 3606
     10 3607
      4 3608
     13 3609
      8 3610
      6 3611
      9 3612
      6 3613
     11 3614
      7 3615
      6 3616
      6 3617
      8 3618
     10 3619
     11 3620
     10 3621
      7 3622
      9 3623
      5 3624
      8 3625
      6 3626
      9 3627
      7 3628
      8 3629
      7 3630
      7 3631
      6 3632
      5 3633
      4 3634
     11 3635
      9 3636
      4 3637
      9 3638
      4 3639
      8 3640
      9 3641
      7 3642
      9 3643
      4 3644
     10 3645
      5 3646
      6 3647
     10 3648
     14 3649
      5 3650
     10 3651
      7 3652
      7 3653
      6 3654
      8 3655
     12 3656
      5 3657
      7 3658
      7 3659
      4 3660
      6 3661
      8 3662
      6 3663
     12 3664
      5 3665
      6 3666
      6 3667
      6 3668
      9 3669
      6 3670
      8 3671
      4 3672
      2 3673
      6 3674
      4 3675
      3 3676
      5 3677
      5 3678
     10 3679
      4 3680
      1 3681
      6 3682
      2 3683
      7 3684
      4 3685
      4 3686
      4 3687
      4 3688
      7 3689
      1 3690
      6 3691
      3 3692
      5 3693
      6 3694
      9 3695
      7 3696
      5 3697
     11 3698
      5 3699
      8 3700
      3 3701
      6 3702
      8 3703
      4 3704
      6 3705
      5 3706
      7 3707
      4 3708
      6 3709
      6 3710
      6 3711
      7 3712
      5 3713
      8 3714
      4 3715
      5 3716
      5 3717
      6 3718
      7 3719
      6 3720
      7 3721
      6 3722
      6 3723
      5 3724
      5 3725
      6 3726
     10 3727
     12 3728
      7 3729
      5 3730
      2 3731
      5 3732
      5 3733
      8 3734
      4 3735
      8 3736
     12 3737
      7 3738
      5 3739
      9 3740
      7 3741
      5 3742
      7 3743
      8 3744
      7 3745
      5 3746
     13 3747
      6 3748
      8 3749
      6 3750
      5 3751
      8 3752
      7 3753
      7 3754
      6 3755
      8 3756
     10 3757
      3 3758
      7 3759
      2 3760
      4 3761
      5 3762
      7 3763
      9 3764
      1 3765
      5 3766
      2 3767
      6 3768
      4 3769
      6 3770
      8 3771
      7 3772
      4 3773
      8 3774
     10 3775
      4 3776
      1 3777
      9 3778
      8 3779
      9 3780
      9 3781
      8 3782
      8 3783
      4 3784
     10 3785
      7 3786
      8 3787
      8 3788
     11 3789
      7 3790
      8 3791
      5 3792
      9 3793
      6 3794
      3 3795
      8 3796
      4 3797
     10 3798
      8 3799
      6 3800
      6 3801
      5 3802
      3 3803
     11 3804
      3 3805
      5 3806
      2 3807
      6 3808
      3 3809
      6 3810
      7 3811
      3 3812
     12 3813
      3 3814
      5 3815
      6 3816
      4 3817
      3 3818
      4 3819
      4 3820
      7 3821
      5 3822
      6 3823
      5 3824
      6 3825
      4 3826
      5 3827
      7 3828
      3 3829
      7 3830
      8 3831
      8 3832
      6 3833
      4 3834
      5 3835
      9 3836
      4 3837
      3 3838
      5 3839
      6 3840
      5 3841
      5 3842
      6 3843
      7 3844
      5 3845
      5 3846
      8 3847
      5 3848
      6 3849
      1 3850
      8 3851
      4 3852
      3 3853
     11 3854
      5 3855
      2 3856
      6 3857
      5 3858
      4 3859
      6 3860
      6 3862
      7 3863
      6 3864
     13 3865
      7 3866
      5 3867
      5 3868
      8 3869
      7 3870
      4 3871
      5 3872
      8 3873
      2 3874
      6 3875
      3 3876
      6 3877
      5 3878
     11 3879
      1 3880
      9 3881
      5 3882
      6 3883
      7 3884
      7 3885
     10 3886
      2 3887
      5 3888
     10 3889
      8 3890
      5 3891
     11 3892
      6 3893
      2 3894
      9 3895
      6 3896
      3 3897
      6 3898
      8 3899
      6 3900
      4 3901
      7 3902
      6 3903
      6 3904
      7 3905
      3 3906
      5 3907
      2 3908
      4 3909
      9 3910
     10 3911
      3 3912
      4 3913
      2 3914
      4 3915
      6 3916
      5 3917
      2 3918
      9 3919
      4 3920
      3 3921
      8 3922
      3 3923
      3 3924
      3 3925
      5 3926
      3 3927
      3 3928
      5 3929
      4 3930
      2 3931
      1 3933
      5 3934
      3 3935
      1 3936
      8 3937
      3 3938
      5 3939
      3 3940
      3 3941
      4 3942
      6 3943
      3 3944
      3 3945
      2 3946
      4 3947
      1 3948
      3 3949
      5 3950
      7 3951
      4 3952
      3 3953
      3 3954
      4 3955
      3 3956
      3 3957
      3 3958
      3 3959
      3 3960
      6 3961
      3 3962
      4 3963
      3 3964
      4 3965
      8 3966
      4 3967
      7 3968
      5 3969
      2 3970
      4 3971
      4 3972
      6 3973
      7 3974
      2 3975
      3 3976
      4 3977
      1 3978
      2 3979
      2 3980
      9 3981
      4 3982
      6 3983
      6 3984
      4 3985
      3 3986
      2 3987
      2 3988
      4 3989
      6 3990
      6 3991
      5 3992
      3 3993
      8 3994
      4 3995
      4 3996
      9 3997
      4 3998
      2 3999
      5 4000
      6 4001
      4 4002
      5 4003
      3 4004
      7 4005
      6 4006
      4 4007
      6 4008
      6 4009
      8 4010
      6 4011
      5 4012
      3 4013
      7 4014
      7 4015
      7 4016
      3 4017
      5 4018
      5 4019
      3 4020
      4 4021
      3 4022
      5 4023
      8 4024
     10 4025
      8 4026
      4 4027
      5 4028
      8 4029
      8 4031
      6 4032
      7 4033
      8 4034
      7 4035
      8 4036
      5 4037
      5 4038
      5 4039
      7 4040
      3 4041
      3 4042
      6 4043
      6 4044
      3 4045
      4 4046
      5 4047
      6 4048
      7 4049
      7 4050
      7 4051
      6 4052
      5 4053
      7 4054
      9 4055
      9 4056
      5 4057
      6 4058
      5 4059
      5 4060
      4 4061
      4 4062
      8 4063
     10 4064
      9 4065
      7 4066
      2 4067
      3 4068
      8 4069
     11 4070
     10 4071
      5 4072
      5 4073
      6 4074
      2 4075
      8 4076
      9 4077
      5 4078
      3 4079
      5 4080
     10 4081
      5 4082
      6 4083
      8 4084
      4 4085
      7 4086
      2 4087
      5 4088
      6 4089
      5 4090
      4 4091
      5 4092
      4 4093
      3 4094
      4 4095
      7 4096
      2 4097
      8 4098
      7 4099
      7 4100
      6 4101
      3 4102
      7 4103
      7 4104
      2 4105
      1 4106
      4 4107
      2 4108
      3 4109
      4 4110
      5 4111
      3 4112
      5 4113
      3 4114
      6 4115
      4 4116
      4 4117
      4 4118
      5 4119
      9 4120
      6 4121
      3 4122
      2 4123
      1 4124
      1 4125
      8 4126
      2 4127
      4 4128
      4 4129
      4 4130
      3 4131
      7 4132
      4 4133
      7 4134
      3 4135
      3 4136
      3 4137
      6 4138
      5 4139
      3 4140
      1 4141
      3 4142
      3 4143
      2 4144
      6 4145
      3 4146
      5 4147
      5 4148
      2 4149
      2 4150
      8 4151
     11 4152
     10 4153
      2 4154
      8 4155
      4 4156
      7 4157
      9 4158
      4 4159
      3 4160
      4 4161
      1 4162
      6 4163
      5 4164
      3 4165
      7 4166
      6 4167
      6 4168
      3 4169
      1 4170
      3 4171
      4 4172
      6 4173
      3 4174
      8 4175
      4 4176
      3 4177
      5 4178
      8 4179
      4 4180
      3 4181
      6 4182
      5 4183
      5 4184
      2 4185
      4 4186
      4 4187
      3 4188
      1 4189
      3 4190
      4 4191
      4 4192
      5 4193
      6 4194
      4 4195
      4 4196
      6 4197
      5 4198
      3 4199
      6 4200
      2 4201
      6 4202
      2 4203
      2 4204
      2 4205
      3 4206
      5 4207
      3 4208
      6 4209
      3 4210
      2 4211
      7 4212
      5 4213
      4 4214
      6 4215
      6 4216
      7 4217
      6 4218
      1 4219
      3 4220
      6 4221
      9 4223
      1 4224
      2 4225
      2 4226
      3 4227
      6 4228
      2 4229
      2 4230
      4 4231
      3 4232
      3 4233
      5 4234
      5 4235
      3 4236
      4 4237
      8 4238
      2 4239
      5 4240
      6 4241
      4 4242
      5 4243
      2 4244
      6 4245
      7 4246
      6 4247
      3 4248
      2 4249
      6 4250
      1 4251
      4 4252
      5 4253
      6 4254
      3 4255
      2 4256
      2 4257
      2 4258
      5 4259
      2 4260
      3 4261
      4 4262
      3 4263
      1 4264
      4 4265
      3 4266
      5 4267
      5 4268
      3 4269
      4 4271
      1 4272
      4 4273
      9 4274
      5 4275
      6 4276
      4 4277
      3 4278
      6 4279
      2 4280
      2 4281
      6 4282
      5 4283
      5 4284
      5 4285
      5 4286
      1 4287
      4 4288
      2 4289
      2 4290
      3 4291
      5 4292
      3 4293
      4 4294
      5 4295
      4 4296
      1 4297
      1 4298
      5 4299
      6 4300
      3 4302
      1 4303
      5 4304
      4 4305
      2 4306
      3 4307
      3 4308
      3 4309
      6 4310
      2 4311
      6 4312
      4 4313
      3 4314
      1 4315
      5 4316
      5 4317
      4 4318
      8 4319
      1 4320
      3 4321
      2 4322
      4 4324
      2 4325
      5 4327
      1 4328
      1 4329
      4 4330
      4 4331
      5 4332
      4 4333
      1 4334
      4 4335
      1 4336
      2 4337
      4 4338
      6 4339
      4 4340
      1 4341
      2 4342
      5 4343
      2 4344
      3 4345
      3 4346
      2 4347
      2 4348
      3 4349
      2 4350
      4 4351
      2 4352
      1 4353
      1 4354
      4 4355
      3 4356
      3 4357
      4 4358
      3 4360
      4 4361
      7 4362
      5 4363
      3 4364
      1 4365
      3 4366
      1 4367
      3 4368
      2 4369
      2 4370
      3 4371
      3 4372
      2 4373
      3 4374
      3 4375
      1 4376
      6 4378
      5 4379
      1 4380
      1 4381
      1 4382
      3 4383
      2 4384
      2 4385
      4 4386
      3 4387
      6 4388
      4 4389
      2 4390
      3 4392
      3 4393
      3 4394
      4 4395
      1 4396
      2 4397
      3 4398
      4 4399
      5 4400
      3 4401
      3 4402
      1 4403
      4 4404
      1 4405
      4 4406
      4 4407
      2 4408
      4 4409
      2 4410
      3 4411
      4 4412
      2 4413
      1 4414
      2 4415
      1 4416
      6 4417
      1 4419
      6 4420
      3 4421
      2 4422
      1 4423
      2 4424
      1 4425
      2 4426
      4 4427
      1 4429
      6 4430
      1 4431
      4 4432
      4 4433
      1 4434
      3 4435
      2 4436
      1 4438
      1 4439
      1 4440
      2 4441
      3 4444
      3 4445
      2 4446
      3 4448
      2 4449
      2 4450
      5 4451
      4 4452
      4 4453
      1 4454
      2 4455
      3 4456
      2 4457
      3 4458
      3 4459
      2 4460
      3 4462
      1 4463
      2 4464
      2 4465
      1 4466
      2 4467
      2 4468
      2 4469
      4 4470
      1 4471
      3 4472
      3 4474
      5 4475
      2 4476
      6 4477
      3 4478
      1 4479
      3 4480
      3 4481
      2 4482
      5 4483
      1 4484
      5 4485
      4 4486
      1 4487
      3 4488
      5 4489
      3 4490
      3 4491
      1 4492
      6 4493
      2 4494
      5 4495
      1 4496
      3 4497
      2 4498
      2 4499
      2 4500
      3 4501
      1 4502
      1 4503
      3 4505
      3 4506
      1 4507
      1 4508
      2 4509
      6 4511
      2 4512
      3 4513
      3 4514
      2 4515
      1 4516
      2 4517
      1 4518
      3 4519
      2 4521
      4 4523
      4 4524
      2 4525
      3 4526
      1 4527
      2 4528
      2 4529
      2 4530
      2 4531
      3 4532
      2 4533
      4 4535
      1 4536
      2 4537
      4 4538
      2 4539
      2 4540
      2 4541
      2 4542
      1 4543
      2 4545
      1 4546
      3 4549
      3 4550
      5 4551
      1 4552
      1 4553
      1 4554
      6 4555
      1 4556
      1 4558
      4 4559
      3 4560
      2 4561
      1 4562
      3 4563
      2 4564
      2 4565
      2 4566
      3 4568
      2 4569
      2 4570
      2 4572
      1 4573
      1 4574
      2 4575
      1 4577
      2 4578
      2 4579
      1 4580
      2 4581
      4 4582
      2 4583
      2 4584
      3 4585
      2 4586
      3 4587
      2 4588
      3 4589
      3 4590
      1 4591
      2 4594
      6 4595
      1 4596
      2 4597
      2 4598
      4 4599
      3 4600
      1 4601
      3 4602
      1 4603
      1 4604
      5 4605
      2 4606
      2 4607
      1 4608
      3 4609
      2 4610
      4 4611
      3 4612
      1 4613
      5 4614
      3 4616
      3 4618
      1 4619
      2 4620
      2 4621
      1 4622
      3 4623
      4 4624
      3 4626
      1 4627
      4 4629
      4 4631
      1 4632
      1 4633
      4 4634
      4 4636
      2 4637
      2 4639
      1 4640
      3 4641
      4 4643
      2 4645
      2 4647
      2 4648
      2 4649
      3 4650
      3 4651
      4 4652
      3 4653
      3 4654
      3 4655
      2 4656
      2 4657
      3 4658
      2 4659
      1 4660
      1 4661
      1 4664
      4 4665
      6 4666
      1 4667
      4 4668
      5 4669
      1 4670
      4 4671
      5 4672
      3 4673
      3 4674
      5 4675
      4 4677
      3 4678
      2 4679
      5 4680
      6 4681
      1 4683
      2 4684
      2 4685
      1 4686
      3 4687
      2 4688
      4 4690
      3 4691
      3 4692
      2 4693
      5 4695
      2 4696
      2 4697
      2 4698
      1 4699
      2 4700
      1 4701
      3 4702
      3 4703
      4 4704
      2 4705
      1 4706
      1 4708
      4 4709
      1 4710
      2 4711
      5 4713
      1 4714
      3 4715
      5 4716
      2 4718
      2 4719
      1 4721
      2 4722
      4 4723
      2 4724
      1 4725
      4 4727
      3 4728
      3 4729
      2 4730
      3 4731
      4 4732
      1 4733
      5 4735
      1 4736
      1 4737
      1 4738
      3 4739
      2 4740
      2 4741
      5 4743
      1 4745
      2 4746
      1 4748
      2 4749
      4 4750
      5 4752
      1 4753
      1 4754
      2 4755
      3 4756
      2 4757
      3 4758
      1 4759
      5 4761
      3 4762
      3 4764
      3 4765
      3 4766
      3 4767
      3 4768
      5 4770
      2 4771
      4 4772
      2 4773
      3 4774
      1 4775
      3 4776
      3 4777
      2 4778
      2 4779
      1 4780
      3 4781
      3 4782
      3 4783
      1 4784
      2 4785
      2 4786
      1 4787
      4 4788
      1 4789
      1 4790
      4 4791
      3 4792
      1 4793
      1 4794
      1 4795
      3 4796
      3 4798
      3 4799
      2 4800
      6 4801
      1 4802
      3 4803
      1 4804
      4 4805
      3 4806
      5 4807
      1 4808
      3 4809
      3 4810
      1 4811
      3 4812
      1 4813
      4 4815
      4 4816
      5 4817
      1 4818
      3 4819
      1 4820
      1 4822
      1 4823
      8 4824
      4 4825
      3 4826
      3 4827
      2 4829
      5 4830
      1 4831
      2 4832
      3 4833
      7 4834
      3 4835
      2 4836
      3 4837
      1 4839
      2 4840
      2 4841
      5 4842
      1 4843
      1 4844
      1 4846
      5 4847
      1 4849
      3 4850
      4 4851
      4 4852
      2 4855
      2 4857
      2 4858
      2 4861
      1 4862
      4 4863
      2 4864
      3 4867
      1 4868
      7 4870
      3 4871
      3 4872
      6 4873
      2 4875
      1 4876
      2 4877
      1 4878
      3 4879
      2 4880
      3 4881
      2 4882
      2 4883
      3 4884
      3 4885
      2 4887
      1 4888
      2 4889
      6 4890
      4 4891
      1 4892
      2 4895
      5 4896
      1 4897
      4 4898
      1 4900
      2 4902
      4 4903
      1 4905
      4 4907
      3 4909
      1 4910
      1 4911
      1 4912
      1 4913
      1 4914
      1 4915
      7 4916
      1 4917
      3 4918
      1 4919
      2 4920
      3 4922
      4 4923
      4 4924
      3 4925
      2 4926
      3 4928
      1 4929
      1 4930
      4 4931
      3 4933
      3 4934
      1 4935
      1 4936
      4 4937
      2 4938
      5 4939
      4 4941
      2 4942
      4 4943
      2 4944
      2 4945
      5 4946
      1 4947
      2 4948
      1 4949
      1 4950
      2 4951
      1 4952
      2 4953
      2 4954
      2 4955
      4 4956
      3 4957
      6 4958
      3 4959
      2 4961
      1 4962
      1 4964
      4 4965
      1 4967
      1 4968
      4 4970
      2 4971
      4 4972
      1 4973
      3 4974
      2 4975
      4 4976
      1 4977
      4 4978
      1 4979
      2 4981
      2 4982
      1 4983
      1 4984
      1 4985
      3 4986
      2 4987
      3 4989
      2 4990
      3 4991
      1 4992
      1 4993
      2 4994
      2 4995
      2 4996
      4 4997
      1 4998
      4 4999
      3 5000
      2 5001
      2 5003
      3 5004
      2 5005
      1 5006
      1 5007
      4 5010
      2 5011
      5 5012
      2 5013
      2 5014
      2 5015
      3 5017
      1 5019
      3 5020
      1 5021
      1 5022
      1 5023
      5 5024
      2 5025
      3 5026
      2 5027
      3 5028
      1 5029
      1 5030
      4 5031
      1 5032
      2 5033
      2 5034
      2 5036
      1 5037
      2 5038
      2 5039
      2 5040
      1 5041
      5 5042
      3 5044
      2 5046
      2 5047
      2 5048
      1 5049
      1 5051
      2 5052
      1 5053
      3 5054
      2 5055
      3 5056
      1 5057
      2 5058
      4 5059
      6 5060
      1 5061
      2 5062
      1 5064
      4 5065
      3 5066
      3 5067
      1 5068
      2 5069
      3 5070
      1 5071
      3 5072
      2 5073
      2 5074
      2 5076
      4 5077
      2 5078
      2 5079
      3 5081
      4 5082
      4 5083
      2 5084
      8 5085
      3 5086
      1 5087
      4 5089
      2 5090
      4 5091
      2 5092
      7 5093
      1 5094
      3 5095
      2 5096
      6 5097
      1 5098
      4 5099
      3 5100
      3 5101
      2 5103
      1 5104
      3 5105
      4 5106
      3 5107
      1 5108
      4 5109
      2 5110
      4 5111
      1 5112
      2 5113
      2 5115
      4 5116
      1 5118
      2 5119
      3 5120
      1 5121
      4 5122
      4 5123
      5 5124
      2 5125
      3 5127
      1 5128
      3 5129
      1 5130
      4 5131
      2 5132
      3 5133
      3 5134
      4 5136
      3 5137
      1 5138
      2 5139
      3 5140
      1 5141
      3 5142
      1 5143
      2 5144
      2 5145
      1 5146
      2 5147
      2 5148
      4 5149
      2 5150
      4 5151
      1 5152
      4 5154
      3 5155
      4 5156
      2 5157
      2 5158
      3 5159
      5 5160
      1 5161
      7 5162
      3 5163
      3 5164
      4 5165
      3 5166
      3 5167
      3 5168
      8 5170
      1 5171
      5 5172
      3 5173
      1 5174
      2 5176
      5 5177
      3 5178
      3 5179
      4 5180
      5 5181
      1 5182
      2 5184
      2 5185
      3 5186
      1 5187
      4 5188
      3 5192
      7 5193
      1 5194
      4 5196
      5 5197
      3 5198
      2 5199
      3 5200
      2 5201
      2 5202
      4 5203
      5 5204
      6 5205
      2 5206
      2 5207
      1 5208
      2 5209
      1 5210
      5 5211
      1 5213
      1 5214
      1 5215
      2 5216
      1 5217
      3 5218
      6 5219
      1 5220
      3 5221
      3 5223
      4 5224
      5 5225
      2 5226
      5 5227
      2 5228
      5 5229
      1 5231
      2 5233
      3 5235
      2 5236
      2 5237
      1 5238
      3 5240
      3 5241
      3 5242
      2 5243
      5 5244
      1 5245
      2 5246
      5 5247
      1 5248
      2 5249
      4 5250
      1 5251
      2 5252
      1 5253
      7 5254
      1 5255
      2 5256
      2 5257
      2 5258
      2 5259
      4 5260
      1 5261
      4 5262
      4 5263
      1 5264
      3 5265
      1 5266
      1 5268
      3 5270
      4 5271
      2 5272
      3 5273
      2 5274
      4 5275
      2 5276
      1 5278
      1 5279
      2 5280
      5 5281
      3 5282
      1 5283
      1 5284
      3 5285
      1 5286
      4 5287
      3 5288
      1 5289
      3 5290
      1 5291
      2 5292
      2 5293
      2 5294
      3 5295
      3 5296
      1 5297
      3 5298
      4 5299
      1 5300
      2 5301
      2 5302
      2 5303
      2 5304
      1 5305
      5 5306
      3 5307
      1 5308
      4 5309
      1 5310
      3 5311
      1 5312
      4 5313
      4 5314
      2 5315
      3 5316
      2 5317
      2 5318
      1 5319
      1 5321
      2 5322
      3 5323
      1 5324
      1 5325
      4 5326
      1 5327
      1 5328
      4 5329
      1 5330
      2 5331
      4 5332
      2 5333
      2 5334
      2 5336
      2 5338
      2 5339
      3 5340
      2 5341
      2 5342
      3 5344
      3 5345
      6 5346
      1 5347
      1 5348
      2 5349
      1 5351
      1 5352
      2 5354
      1 5355
      5 5356
      3 5357
      1 5358
      5 5359
      5 5360
      1 5361
      2 5362
      3 5363
      1 5364
      2 5365
      3 5367
      2 5368
      1 5369
      2 5370
      1 5371
      2 5372
      3 5373
      1 5374
      1 5376
      2 5378
      2 5380
      2 5381
      1 5383
      3 5384
      3 5385
      1 5386
      1 5387
      3 5388
      4 5389
      1 5390
      1 5391
      3 5392
      4 5393
      2 5394
      1 5395
      1 5396
      2 5397
      3 5398
      2 5399
      1 5400
      2 5401
      2 5402
      1 5404
      3 5406
      1 5407
      4 5408
      1 5409
      2 5410
      2 5411
      1 5412
      1 5413
      1 5415
      4 5416
      3 5417
      3 5418
      2 5419
      2 5420
      2 5421
      2 5422
      3 5423
      1 5424
      4 5425
      2 5426
      2 5427
      1 5428
      5 5429
      2 5430
      2 5431
      2 5432
      2 5433
      5 5434
      1 5435
      3 5436
      2 5437
      1 5438
      1 5439
      5 5440
      3 5441
      4 5442
      2 5443
      1 5444
      3 5445
      4 5446
      2 5447
      3 5448
      5 5449
      1 5452
      6 5453
      2 5454
      1 5455
      1 5456
      4 5458
      4 5459
      2 5460
      4 5461
      4 5463
      3 5464
      1 5465
      2 5466
      4 5467
      6 5468
      3 5469
      1 5470
      4 5472
      3 5473
      1 5474
      1 5476
      3 5477
      4 5478
      1 5479
      2 5481
      1 5482
      4 5483
      2 5484
      3 5485
      2 5486
      1 5487
      2 5488
      4 5489
      3 5490
      4 5491
      1 5494
      3 5495
      4 5496
      3 5497
      1 5498
      4 5499
      8 5500
      2 5502
      2 5503
      3 5505
      1 5506
      3 5508
      3 5510
      1 5511
      2 5512
      1 5513
      1 5514
      4 5515
      6 5516
      3 5517
      3 5519
      1 5521
      3 5522
      4 5523
      1 5524
      1 5525
      4 5526
      4 5527
      1 5528
      4 5529
      2 5530
      1 5531
      3 5532
      2 5533
      2 5534
      1 5535
      1 5536
      4 5537
      4 5538
      3 5539
      2 5540
      4 5541
      5 5542
      2 5543
      6 5544
      2 5545
      2 5546
      2 5547
      2 5548
      2 5549
      5 5550
      2 5551
      3 5552
      2 5553
      1 5554
      2 5555
      1 5556
      4 5557
      3 5558
      2 5559
      1 5560
      4 5561
      3 5562
      3 5563
      5 5564
      2 5565
      3 5566
      3 5568
      4 5569
      1 5570
      3 5572
      2 5573
      7 5574
      3 5575
      4 5576
      2 5577
      1 5578
      1 5580
      5 5581
      3 5582
      4 5583
      5 5585
      5 5586
      4 5587
      2 5588
      2 5589
      3 5590
      4 5591
      5 5592
      2 5593
      3 5594
      4 5595
      5 5596
      1 5597
      3 5598
      2 5599
      3 5600
      2 5602
      2 5603
      5 5604
      1 5605
      3 5606
      1 5607
      2 5608
      4 5609
      1 5610
      2 5611
      4 5612
      3 5614
      5 5615
      5 5616
      1 5617
      1 5618
      2 5619
      5 5620
      3 5621
      1 5622
      2 5623
      4 5624
      3 5625
      3 5626
      3 5627
      4 5628
      3 5629
      2 5630
      5 5631
      3 5632
      1 5633
      1 5634
      2 5636
      3 5637
      3 5638
      1 5639
      3 5640
      3 5641
      1 5642
      3 5643
      1 5645
      4 5646
      2 5648
      2 5649
      6 5650
      3 5651
      2 5652
      3 5653
      3 5654
      1 5655
      2 5656
      3 5657
      1 5659
      2 5660
      1 5661
      2 5662
      2 5663
      3 5664
      1 5665
      3 5666
      3 5668
      2 5669
      5 5671
      3 5672
      1 5675
      1 5676
      3 5677
      3 5679
      3 5680
      3 5682
      2 5683
      1 5684
      1 5685
      3 5686
      1 5687
      2 5689
      2 5690
      2 5691
      2 5692
      1 5693
      3 5695
      4 5697
      1 5698
      1 5700
      2 5701
      1 5702
      4 5703
      1 5704
      1 5705
      3 5706
      1 5707
      2 5708
      3 5709
      1 5710
      3 5711
      1 5712
      1 5713
      4 5714
      3 5715
      2 5717
      4 5718
      3 5720
      2 5721
      4 5722
      4 5723
      1 5724
      1 5725
      2 5726
      2 5727
      2 5729
      3 5730
      2 5731
      1 5732
      2 5733
      1 5734
      3 5736
      2 5737
      1 5738
      1 5740
      1 5741
      1 5742
      3 5743
      2 5744
      3 5745
      1 5746
      4 5748
      2 5749
      2 5750
      1 5751
      1 5752
      2 5753
      1 5754
      2 5755
      1 5756
      2 5758
      3 5759
      3 5760
      2 5761
      1 5762
      1 5763
      2 5764
      2 5765
      1 5766
      2 5767
      3 5768
      2 5769
      1 5772
      3 5773
      1 5774
      2 5775
      3 5777
      2 5778
      1 5779
      3 5780
      1 5782
      5 5783
      2 5785
      3 5787
      1 5789
      1 5790
      4 5791
      1 5792
      1 5793
      1 5794
      4 5796
      4 5797
      3 5798
      1 5800
      1 5801
      1 5802
      2 5803
      2 5804
      2 5805
      1 5806
      1 5808
      1 5809
      1 5810
      1 5811
      2 5812
      1 5813
      1 5814
      3 5815
      1 5816
      1 5817
      3 5818
      2 5820
      1 5822
      1 5823
      2 5824
      2 5825
      1 5826
      1 5827
      2 5828
      3 5829
      2 5830
      1 5831
      2 5832
      1 5833
      1 5835
      2 5836
      2 5837
      1 5840
      2 5842
      1 5843
      2 5844
      3 5845
      2 5846
      1 5847
      3 5848
      1 5849
      1 5850
      2 5851
      1 5852
      1 5854
      1 5855
      2 5856
      1 5859
      3 5862
      2 5863
      2 5864
      3 5865
      1 5868
      3 5869
      1 5870
      2 5872
      1 5873
      2 5874
      1 5875
      2 5876
      4 5877
      1 5878
      1 5879
      4 5880
      2 5881
      2 5882
      1 5885
      2 5886
      2 5887
      3 5888
      5 5890
      2 5891
      1 5892
      1 5893
      2 5897
      1 5898
      1 5900
      1 5902
      1 5903
      1 5904
      2 5905
      1 5906
      3 5909
      1 5910
      2 5911
      1 5912
      3 5913
      2 5914
      1 5915
      1 5917
      2 5921
      2 5922
      1 5923
      3 5925
      1 5927
      4 5929
      1 5931
      2 5932
      2 5933
      1 5934
      4 5935
      1 5937
      1 5938
      1 5939
      2 5941
      1 5943
      3 5945
      3 5946
      4 5947
      2 5948
      2 5949
      1 5950
      1 5951
      1 5953
      2 5954
      1 5955
      2 5956
      1 5957
      2 5958
      1 5959
      1 5960
      2 5961
      2 5962
      1 5963
      1 5964
      2 5965
      3 5966
      2 5968
      2 5969
      1 5970
      3 5971
      1 5972
      2 5973
      2 5976
      2 5980
      1 5981
      1 5982
      2 5987
      1 5989
      3 5992
      1 5995
      2 5997
      3 5999
      1 6000
      3 6001
      1 6002
      2 6003
      1 6004
      1 6005
      3 6006
      1 6007
      1 6008
      4 6010
      1 6011
      1 6012
      1 6013
      1 6016
      1 6017
      3 6019
      2 6020
      1 6022
      1 6023
      1 6024
      1 6025
      2 6026
      3 6027
      3 6028
      1 6029
      3 6030
      2 6032
      1 6034
      4 6035
      2 6036
      2 6039
      1 6041
      1 6043
      1 6044
      2 6045
      1 6046
      1 6047
      6 6049
      1 6050
      1 6051
      3 6052
      1 6055
      3 6056
      1 6058
      2 6061
      1 6063
      1 6068
      1 6069
      2 6070
      1 6071
      3 6072
      1 6073
      1 6077
      2 6079
      2 6080
      1 6083
      2 6084
      2 6087
      3 6088
      3 6089
      3 6090
      2 6091
      1 6093
      1 6096
      2 6097
      1 6098
      1 6099
      1 6100
      3 6101
      2 6102
      1 6103
      1 6104
      1 6105
      4 6106
      2 6107
      2 6109
      2 6111
      1 6113
      1 6114
      4 6118
      2 6119
      2 6120
      1 6121
      1 6122
      1 6124
      1 6125
      1 6126
      1 6127
      3 6128
      2 6129
      1 6130
      1 6133
      5 6134
      1 6136
      2 6138
      2 6139
      1 6140
      2 6141
      1 6142
      3 6145
      1 6146
      4 6148
      3 6150
      1 6151
      2 6152
      1 6154
      3 6155
      3 6156
      2 6157
      2 6160
      3 6161
      1 6164
      2 6166
      1 6167
      2 6168
      2 6170
      1 6171
      1 6172
      2 6176
      2 6177
      1 6179
      2 6180
      2 6181
      1 6182
      1 6183
      1 6184
      2 6185
      2 6186
      1 6187
      1 6188
      2 6189
      2 6191
      2 6192
      1 6193
      1 6194
      1 6196
      1 6198
      3 6199
      2 6201
      1 6202
      2 6204
      3 6205
      2 6207
      2 6208
      3 6209
      4 6211
      2 6213
      2 6214
      1 6215
      1 6218
      2 6219
      2 6220
      2 6221
      1 6223
      1 6224
      3 6226
      5 6229
      1 6230
      1 6231
      2 6232
      1 6233
      2 6234
      2 6235
      4 6239
      1 6240
      2 6242
      1 6243
      2 6244
      2 6245
      1 6246
      3 6247
      1 6252
      1 6253
      3 6256
      2 6257
      1 6258
      2 6260
      2 6262
      3 6263
      1 6264
      2 6266
      1 6267
      1 6268
      2 6269
      1 6270
      1 6271
      1 6272
      2 6273
      1 6274
      2 6275
      1 6277
      1 6278
      2 6282
      1 6283
      3 6284
      1 6286
      1 6287
      2 6288
      4 6289
      2 6290
      1 6291
      3 6292
      2 6294
      1 6296
      2 6298
      2 6301
      1 6304
      2 6305
      2 6306
      1 6307
      2 6309
      2 6310
      2 6312
      1 6314
      3 6316
      2 6317
      2 6319
      1 6320
      3 6321
      2 6323
      1 6324
      1 6325
      2 6326
      3 6327
      1 6328
      2 6329
      1 6330
      1 6331
      1 6333
      1 6335
      2 6336
      1 6338
      1 6339
      2 6341
      2 6342
      2 6343
      1 6345
      2 6348
      1 6349
      4 6350
      2 6351
      1 6353
      3 6355
      1 6356
      1 6358
      2 6359
      2 6360
      2 6361
      1 6367
      3 6369
      1 6370
      2 6372
      3 6373
      2 6376
      2 6377
      2 6378
      3 6379
      3 6380
      2 6381
      1 6382
      2 6383
      1 6384
      1 6388
      1 6389
      5 6391
      2 6394
      4 6395
      2 6397
      2 6398
      1 6399
      3 6400
      1 6401
      1 6402
      2 6403
      1 6404
      4 6406
      3 6407
      4 6408
      3 6413
      2 6414
      3 6415
      2 6416
      2 6419
      2 6421
      1 6422
      2 6423
      1 6424
      1 6425
      2 6426
      1 6427
      3 6428
      1 6429
      3 6431
      2 6432
      4 6433
      2 6434
      1 6435
      1 6436
      4 6437
      1 6438
      1 6439
      1 6440
      3 6441
      1 6442
      1 6443
      1 6444
      2 6445
      3 6446
      2 6449
      2 6450
      2 6454
      2 6455
      4 6456
      1 6458
      1 6459
      1 6460
      1 6461
      1 6462
      1 6463
      2 6465
      2 6466
      1 6467
      2 6469
      1 6472
      1 6473
      1 6474
      1 6475
      2 6476
      1 6478
      2 6479
      3 6481
      2 6482
      2 6483
      1 6484
      2 6485
      3 6488
      1 6489
      2 6491
      3 6492
      2 6493
      1 6494
      2 6495
      3 6501
      1 6502
      2 6503
      1 6505
      1 6506
      1 6508
      2 6509
      1 6510
      2 6512
      2 6514
      1 6515
      1 6516
      4 6517
      2 6518
      1 6520
      2 6522
      1 6524
      1 6525
      2 6527
      3 6528
      1 6530
      1 6531
      1 6532
      2 6534
      2 6535
      1 6536
      3 6537
      2 6538
      1 6540
      3 6541
      1 6544
      1 6546
      3 6547
      3 6548
      1 6549
      1 6550
      1 6551
      1 6552
      1 6553
      2 6554
      2 6555
      3 6556
      3 6558
      3 6559
      2 6560
      2 6562
      1 6563
      1 6564
      1 6566
      3 6567
      2 6569
      1 6570
      1 6571
      3 6572
      4 6573
      2 6574
      4 6575
      2 6576
      4 6577
      1 6578
      2 6579
      1 6581
      2 6583
      2 6584
      2 6585
      1 6586
      4 6587
      1 6588
      4 6589
      1 6591
      5 6592
      2 6594
      2 6595
      2 6596
      2 6597
      2 6598
      3 6599
      4 6600
      1 6601
      3 6602
      2 6603
      2 6604
      1 6605
      1 6606
      1 6607
      4 6608
      1 6609
      3 6610
      1 6611
      1 6612
      1 6614
      1 6616
      3 6617
      2 6618
      2 6619
      1 6620
      5 6621
      3 6622
      3 6623
      2 6624
      4 6625
      1 6626
      4 6627
      2 6628
      1 6629
      2 6630
      1 6632
      3 6634
      3 6635
      1 6636
      1 6637
      1 6638
      1 6639
      1 6640
      3 6641
      1 6644
      1 6645
      1 6646
      4 6647
      1 6648
      1 6649
      3 6650
      4 6651
      2 6652
      5 6653
      2 6654
      2 6655
      4 6656
      3 6658
      2 6659
      2 6661
      1 6663
      1 6666
      2 6667
      1 6668
      5 6669
      3 6670
      1 6671
      1 6672
      1 6673
      1 6675
      2 6676
      1 6677
      2 6678
      1 6679
      3 6680
      2 6681
      1 6682
      1 6683
      2 6684
      2 6685
      3 6686
      1 6687
      1 6688
      3 6690
      3 6691
      1 6692
      1 6694
      2 6696
      1 6697
      2 6698
      2 6699
      1 6701
      1 6702
      1 6703
      1 6704
      1 6706
      2 6707
      2 6709
      1 6711
      4 6712
      3 6713
      1 6714
      3 6715
      2 6716
      1 6717
      1 6718
      1 6720
      2 6721
      2 6722
      2 6723
      2 6724
      2 6726
      2 6727
      1 6728
      1 6729
      1 6730
      3 6731
      2 6733
      2 6734
      2 6735
      2 6736
      3 6737
      2 6738
      1 6739
      1 6740
      4 6741
      1 6742
      2 6743
      5 6744
      2 6745
      3 6746
      1 6747
      2 6748
      2 6749
      2 6750
      2 6751
      3 6752
      2 6753
      2 6754
      4 6755
      5 6757
      1 6758
      2 6759
      2 6760
      1 6761
      2 6762
      2 6763
      1 6764
      6 6765
      2 6766
      3 6767
      4 6768
      3 6769
      1 6770
      2 6771
      3 6772
      3 6773
      1 6775
      2 6776
      2 6777
      3 6778
      2 6779
      2 6780
      1 6781
      1 6784
      2 6785
      1 6786
      2 6787
      1 6788
      1 6789
      6 6790
      3 6791
      2 6792
      1 6793
      3 6794
      2 6795
      2 6796
      3 6797
      2 6798
      2 6799
      1 6800
      4 6801
      1 6804
      1 6805
      3 6806
      2 6807
      4 6808
      2 6809
      1 6812
      2 6813
      1 6814
      2 6815
      1 6816
      4 6818
      1 6819
      1 6822
      1 6823
      1 6824
      1 6827
      1 6828
      1 6830
      1 6831
      2 6833
      1 6834
      2 6837
      2 6838
      2 6839
      3 6841
      3 6842
      2 6843
      3 6844
      2 6845
      1 6846
      1 6847
      2 6849
      1 6851
      1 6856
      1 6857
      1 6858
      3 6860
      2 6861
      2 6862
      1 6863
      2 6864
      1 6865
      1 6866
      1 6867
      1 6869
      1 6872
      1 6874
      5 6875
      1 6877
      1 6878
      1 6880
      1 6881
      1 6882
      2 6885
      2 6886
      2 6887
      2 6888
      2 6890
      3 6891
      1 6892
      1 6893
      2 6894
      1 6895
      2 6896
      1 6898
      2 6900
      1 6901
      1 6903
      3 6905
      3 6908
      1 6909
      1 6910
      1 6911
      2 6914
      2 6916
      2 6919
      1 6923
      1 6924
      2 6925
      1 6926
      1 6928
      2 6930
      1 6931
      1 6932
      1 6933
      1 6935
      3 6938
      4 6942
      1 6943
      1 6944
      1 6945
      1 6947
      1 6948
      1 6949
      1 6950
      3 6953
      1 6957
      1 6961
      2 6962
      3 6963
      2 6964
      1 6965
      2 6966
      2 6968
      1 6969
      2 6970
      1 6971
      2 6973
      3 6975
      1 6977
      1 6978
      1 6979
      1 6980
      2 6983
      3 6987
      3 6988
      1 6990
      1 6991
      1 6992
      1 6995
      1 6996
      1 6997
      1 6998
      2 6999
      2 7000
      2 7002
      2 7003
      2 7004
      4 7006
      1 7007
      1 7008
      1 7010
      1 7012
      1 7018
      1 7019
      3 7021
      1 7022
      2 7023
      1 7024
      1 7027
      3 7028
      1 7029
      1 7030
      1 7031
      3 7032
      4 7033
      2 7034
      1 7035
      4 7036
      4 7037
      2 7038
      4 7039
      3 7040
      1 7041
      1 7042
      3 7043
      2 7045
      1 7046
      5 7047
      1 7048
      3 7049
      4 7050
      1 7051
      1 7053
      1 7054
      4 7055
      2 7056
      2 7057
      1 7059
      3 7060
      1 7061
      1 7062
      1 7063
      2 7064
      2 7065
      2 7068
      1 7069
      1 7071
      1 7072
      2 7073
      1 7074
      2 7075
      1 7076
      1 7077
      1 7079
      1 7081
      1 7082
      1 7083
      1 7085
      1 7087
      2 7088
      2 7089
      1 7093
      1 7094
      2 7095
      1 7097
      1 7099
      2 7101
      1 7102
      1 7105
      2 7106
      2 7109
      1 7110
      1 7111
      1 7112
      1 7113
      1 7118
      1 7119
      1 7121
      1 7123
      2 7124
      2 7126
      1 7127
      1 7128
      1 7129
      3 7132
      1 7133
      1 7134
      2 7136
      1 7138
      1 7140
      1 7143
      2 7151
      2 7154
      1 7155
      1 7157
      2 7158
      1 7159
      2 7161
      1 7162
      1 7163
      2 7164
      1 7166
      3 7167
      1 7169
      1 7170
      2 7172
      1 7174
      1 7180
      1 7185
      2 7186
      1 7189
      3 7190
      1 7195
      1 7196
      1 7197
      1 7200
      1 7203
      1 7204
      1 7207
      1 7209
      1 7210
      2 7211
      1 7213
      2 7214
      2 7218
      1 7220
      2 7221
      1 7222
      1 7223
      2 7225
      3 7231
      1 7233
      2 7237
      1 7238
      1 7240
      2 7246
      2 7248
      2 7249
      1 7251
      2 7252
      1 7254
      1 7256
      2 7257
      1 7258
      1 7260
      1 7261
      1 7266
      1 7268
      1 7271
      1 7272
      1 7276
      1 7277
      1 7278
      2 7280
      1 7283
      4 7284
      1 7285
      2 7287
      2 7288
      1 7289
      1 7290
      2 7291
      3 7292
      1 7293
      2 7294
      1 7295
      1 7298
      2 7301
      1 7303
      1 7304
      1 7305
      1 7306
      1 7308
      1 7309
      1 7310
      1 7312
      1 7314
      2 7315
      2 7316
      2 7317
      1 7319
      1 7320
      1 7321
      1 7322
      1 7326
      1 7328
      3 7334
      1 7336
      2 7337
      2 7338
      1 7339
      1 7342
      2 7343
      2 7345
      2 7346
      1 7347
      1 7348
      2 7349
      1 7355
      1 7356
      2 7358
      1 7360
      2 7361
      3 7363
      1 7364
      2 7365
      1 7366
      1 7367
      1 7368
      1 7370
      2 7372
      1 7374
      1 7375
      1 7376
      1 7377
      3 7378
      1 7379
      1 7381
      2 7382
      1 7383
      1 7385
      1 7386
      1 7393
      2 7396
      1 7397
      1 7399
      1 7400
      1 7401
      2 7403
      1 7404
      1 7405
      1 7408
      1 7409
      2 7414
      1 7416
      3 7421
      1 7424
      1 7425
      2 7431
      2 7433
      1 7435
      1 7437
      1 7440
      1 7442
      2 7444
      2 7448
      1 7453
      1 7454
      1 7456
      1 7457
      3 7459
      2 7460
      1 7461
      4 7462
      2 7467
      2 7471
      2 7472
      1 7473
      1 7476
      1 7477
      2 7480
      1 7481
      1 7485
      1 7486
      1 7487
      1 7488
      2 7490
      3 7491
      2 7493
      2 7494
      1 7495
      1 7496
      1 7498
      1 7503
      1 7507
      1 7512
      1 7517
      1 7518
      1 7519
      2 7520
      1 7523
      1 7524
      1 7526
      2 7531
      1 7532
      1 7533
      2 7536
      3 7537
      1 7546
      1 7552
      1 7554
      1 7558
      1 7559
      1 7560
      1 7562
      1 7565
      2 7567
      1 7573
      1 7574
      2 7575
      1 7576
      1 7577
      1 7578
      1 7580
      1 7581
      1 7585
      1 7593
      1 7595
      1 7596
      1 7600
      2 7603
      1 7605
      1 7606
      1 7607
      3 7609
      1 7611
      2 7612
      1 7615
      2 7616
      1 7619
      1 7621
      2 7622
      1 7623
      2 7624
      2 7629
      3 7633
      2 7634
      1 7635
      1 7637
      3 7641
      2 7642
      2 7645
      2 7649
      3 7650
      1 7651
      1 7652
      1 7653
      2 7654
      1 7655
      1 7656
      1 7658
      1 7659
      2 7660
      2 7661
      1 7665
      1 7666
      2 7667
      2 7670
      1 7673
      1 7674
      2 7675
      2 7676
      1 7677
      1 7678
      3 7679
      1 7682
      1 7683
      2 7684
      1 7689
      1 7695
      1 7701
      1 7702
      1 7707
      1 7710
      2 7711
      2 7712
      1 7713
      1 7714
      1 7715
      1 7717
      1 7722
      2 7726
      1 7727
      1 7730
      1 7731
      1 7732
      1 7734
      1 7736
      3 7738
      1 7740
      2 7744
      1 7745
      1 7747
      1 7748
      1 7749
      2 7750
      1 7754
      1 7758
      1 7762
      1 7764
      1 7765
      2 7769
      1 7772
      1 7773
      2 7774
      1 7777
      1 7778
      1 7779
      1 7781
      2 7782
      1 7783
      2 7784
      1 7786
      1 7788
      1 7789
      2 7790
      2 7793
      2 7796
      1 7797
      1 7803
      1 7805
      1 7807
      1 7810
      2 7813
      1 7814
      2 7815
      2 7822
      1 7825
      1 7826
      1 7827
      1 7829
      1 7830
      1 7832
      1 7840
      1 7841
      1 7842
      2 7843
      1 7844
      1 7845
      1 7846
      1 7847
      1 7849
      1 7850
      1 7853
      2 7855
      2 7857
      1 7862
      3 7864
      1 7865
      1 7866
      2 7867
      2 7871
      1 7872
      1 7874
      3 7875
      1 7876
      2 7878
      1 7880
      1 7881
      3 7882
      5 7883
      2 7886
      2 7887
      1 7888
      2 7889
      2 7890
      2 7892
      1 7893
      4 7894
      3 7895
      1 7896
      1 7897
      2 7898
      2 7899
      3 7901
      1 7902
      1 7903
      4 7905
      7 7906
      3 7907
      3 7908
      3 7909
      6 7910
      2 7911
      2 7912
      5 7913
      1 7914
      3 7915
      2 7916
      3 7917
      5 7918
      6 7919
      4 7920
      7 7921
      6 7922
      9 7923
      9 7924
      3 7925
      7 7926
      7 7927
     12 7928
     12 7929
      4 7930
     11 7931
      4 7932
      4 7933
      6 7934
      8 7935
     12 7936
     10 7937
      3 7938
      6 7939
      8 7940
      9 7941
      5 7942
      8 7943
      9 7944
      6 7945
      7 7946
     12 7947
      1 7948
      2 7949
      7 7950
      6 7951
      4 7952
      4 7953
      3 7954
      4 7955
      2 7956
      5 7957
      5 7958
      7 7959
      2 7960
      4 7962
      2 7963
      2 7964
      4 7965
      1 7966
      2 7967
      2 7968
      5 7969
      5 7970
      6 7971
      3 7972
      7 7973
      3 7974
      6 7975
      9 7976
      7 7977
      2 7978
      8 7979
      5 7980
     10 7981
      3 7982
      3 7983
      4 7984
      3 7985
      3 7986
      3 7987
      6 7988
      2 7989
      3 7990
      3 7991
      5 7992
      8 7993
      7 7994
      6 7995
     13 7996
     11 7997
     12 7998
      6 7999
