 263907 0
495412926 1
579662181 2
528932400 3
403553995 4
267464715 5
157848761 6
84796833 7
42210213 8
19915942 9
9145787 10
4269156 11
2137806 12
1200027 13
 762810 14
 545736 15
 417675 16
 337835 17
 279596 18
 237052 19
 200733 20
 175380 21
 153673 22
 137464 23
 121745 24
 108475 25
  99210 26
  89030 27
  83243 28
  75945 29
  70458 30
  64586 31
  61501 32
  57622 33
  54186 34
  50723 35
  47904 36
  45879 37
  43236 38
  41143 39
  39211 40
  37770 41
  36435 42
  35401 43
  33565 44
  32552 45
  31894 46
  30426 47
  29295 48
  28414 49
  27067 50
  25983 51
  25064 52
  24226 53
  23407 54
  22317 55
  21818 56
  21078 57
  20747 58
  19660 59
  19013 60
  18365 61
  17932 62
  17360 63
  16779 64
  16505 65
  16222 66
  15722 67
  15343 68
  14840 69
  14359 70
  14223 71
  13923 72
  13419 73
  12940 74
  12645 75
  12437 76
  12254 77
  11811 78
  11603 79
  11333 80
  11027 81
  10808 82
  10698 83
  10500 84
  10219 85
  10103 86
   9851 87
   9724 88
   9669 89
   9174 90
   8966 91
   9019 92
   8637 93
   8602 94
   8522 95
   8375 96
   8104 97
   8105 98
   7771 99
   7612 100
   7657 101
   7607 102
   7344 103
   7412 104
   7121 105
   6985 106
   6813 107
   6784 108
   6587 109
   6636 110
   6524 111
   6479 112
   6444 113
   6380 114
   6338 115
   6256 116
   6170 117
   6033 118
   5861 119
   5776 120
   5651 121
   5668 122
   5580 123
   5513 124
   5306 125
   5128 126
   5095 127
   5182 128
   5019 129
   5158 130
   4949 131
   4948 132
   4827 133
   4788 134
   4574 135
   4596 136
   4587 137
   4518 138
   4472 139
   4422 140
   4259 141
   4246 142
   4022 143
   4027 144
   4151 145
   4293 146
   4049 147
   4073 148
   3914 149
   3851 150
   3824 151
   3741 152
   3583 153
   3571 154
   3526 155
   3597 156
   3408 157
   3389 158
   3383 159
   3298 160
   3352 161
   3181 162
   3287 163
   3115 164
   3155 165
   3132 166
   3055 167
   3090 168
   3031 169
   2921 170
   2961 171
   2981 172
   2868 173
   2880 174
   2852 175
   2812 176
   2933 177
   2770 178
   2823 179
   2806 180
   2822 181
   2811 182
   2731 183
   2834 184
   2690 185
   2702 186
   2703 187
   2554 188
   2595 189
   2642 190
   2551 191
   2494 192
   2437 193
   2430 194
   2490 195
   2431 196
   2449 197
   2347 198
   2316 199
   2333 200
   2253 201
   2337 202
   2409 203
   2275 204
   2263 205
   2327 206
   2339 207
   2292 208
   2233 209
   2195 210
   2193 211
   2238 212
   2264 213
   2177 214
   2136 215
   2104 216
   2124 217
   2115 218
   2065 219
   1975 220
   2004 221
   1921 222
   1971 223
   2016 224
   1970 225
   1980 226
   1991 227
   2086 228
   1941 229
   1878 230
   1835 231
   1976 232
   1966 233
   1864 234
   1918 235
   1822 236
   1862 237
   1832 238
   1891 239
   1868 240
   1855 241
   1913 242
   1826 243
   1832 244
   1912 245
   1935 246
   1753 247
   1868 248
   1803 249
   1842 250
   1842 251
   1832 252
   1774 253
   1804 254
   1792 255
   1778 256
   1688 257
   1787 258
   1746 259
   1781 260
   1740 261
   1755 262
   1638 263
   1710 264
   1732 265
   1623 266
   1661 267
   1729 268
   1697 269
   1681 270
   1659 271
   1703 272
   1626 273
   1783 274
   1730 275
   1724 276
   1731 277
   1687 278
   1720 279
   1755 280
   1702 281
   1675 282
   1658 283
   1705 284
   1674 285
   1588 286
   1629 287
   1677 288
   1651 289
   1523 290
   1563 291
   1615 292
   1583 293
   1683 294
   1643 295
   1690 296
   1689 297
   1638 298
   1598 299
   1608 300
   1643 301
   1631 302
   1554 303
   1579 304
   1648 305
   1575 306
   1606 307
   1556 308
   1579 309
   1543 310
   1549 311
   1639 312
   1528 313
   1548 314
   1627 315
   1496 316
   1521 317
   1530 318
   1425 319
   1516 320
   1518 321
   1530 322
   1413 323
   1541 324
   1580 325
   1573 326
   1461 327
   1423 328
   1495 329
   1429 330
   1433 331
   1398 332
   1510 333
   1394 334
   1400 335
   1456 336
   1444 337
   1428 338
   1414 339
   1394 340
   1387 341
   1361 342
   1395 343
   1467 344
   1460 345
   1414 346
   1424 347
   1434 348
   1364 349
   1343 350
   1357 351
   1419 352
   1287 353
   1289 354
   1384 355
   1315 356
   1241 357
   1258 358
   1232 359
   1234 360
   1243 361
   1275 362
   1292 363
   1265 364
   1191 365
   1174 366
   1180 367
   1257 368
   1209 369
   1250 370
   1191 371
   1138 372
   1157 373
   1185 374
   1189 375
   1187 376
   1164 377
   1166 378
   1129 379
   1181 380
   1169 381
   1164 382
   1099 383
   1130 384
   1091 385
   1091 386
   1091 387
   1075 388
   1115 389
   1106 390
   1044 391
   1127 392
   1064 393
   1062 394
   1045 395
   1097 396
   1028 397
   1108 398
   1063 399
    994 400
   1049 401
    974 402
    967 403
   1002 404
    978 405
    959 406
    986 407
    976 408
    936 409
    921 410
    976 411
    882 412
    935 413
    920 414
    876 415
    947 416
    874 417
    855 418
    868 419
    856 420
    890 421
    837 422
    956 423
    841 424
    895 425
    876 426
    876 427
    923 428
    825 429
    845 430
    826 431
    847 432
    832 433
    824 434
    772 435
    773 436
    772 437
    833 438
    773 439
    769 440
    818 441
    755 442
    774 443
    753 444
    744 445
    791 446
    797 447
    772 448
    765 449
    672 450
    760 451
    699 452
    716 453
    706 454
    701 455
    686 456
    718 457
    685 458
    654 459
    677 460
    693 461
    657 462
    623 463
    682 464
    658 465
    667 466
    668 467
    601 468
    650 469
    604 470
    648 471
    602 472
    630 473
    615 474
    602 475
    603 476
    630 477
    565 478
    575 479
    546 480
    534 481
    538 482
    554 483
    575 484
    574 485
    562 486
    524 487
    544 488
    517 489
    541 490
    485 491
    519 492
    476 493
    482 494
    484 495
    491 496
    451 497
    461 498
    497 499
    442 500
    444 501
    461 502
    483 503
    460 504
    439 505
    382 506
    417 507
    425 508
    430 509
    430 510
    460 511
    403 512
    409 513
    427 514
    455 515
    427 516
    425 517
    402 518
    372 519
    434 520
    375 521
    409 522
    393 523
    396 524
    400 525
    432 526
    414 527
    382 528
    393 529
    389 530
    359 531
    376 532
    334 533
    344 534
    354 535
    382 536
    352 537
    359 538
    350 539
    347 540
    309 541
    334 542
    355 543
    349 544
    370 545
    340 546
    349 547
    333 548
    344 549
    301 550
    384 551
    320 552
    340 553
    345 554
    347 555
    325 556
    329 557
    322 558
    317 559
    337 560
    339 561
    320 562
    325 563
    311 564
    346 565
    337 566
    316 567
    336 568
    278 569
    346 570
    315 571
    301 572
    284 573
    337 574
    333 575
    313 576
    320 577
    284 578
    294 579
    305 580
    302 581
    327 582
    295 583
    299 584
    304 585
    291 586
    327 587
    279 588
    252 589
    322 590
    315 591
    286 592
    305 593
    293 594
    277 595
    289 596
    282 597
    277 598
    278 599
    265 600
    293 601
    294 602
    291 603
    250 604
    299 605
    291 606
    275 607
    266 608
    270 609
    324 610
    320 611
    299 612
    298 613
    286 614
    273 615
    277 616
    282 617
    275 618
    264 619
    281 620
    268 621
    287 622
    268 623
    304 624
    270 625
    271 626
    249 627
    272 628
    277 629
    260 630
    244 631
    250 632
    289 633
    229 634
    244 635
    264 636
    226 637
    255 638
    226 639
    255 640
    236 641
    248 642
    229 643
    229 644
    227 645
    253 646
    242 647
    228 648
    242 649
    271 650
    248 651
    257 652
    247 653
    226 654
    221 655
    239 656
    210 657
    237 658
    236 659
    231 660
    212 661
    249 662
    239 663
    232 664
    234 665
    210 666
    223 667
    204 668
    217 669
    193 670
    221 671
    213 672
    235 673
    229 674
    216 675
    227 676
    232 677
    192 678
    230 679
    195 680
    204 681
    235 682
    238 683
    229 684
    193 685
    194 686
    221 687
    184 688
    210 689
    186 690
    233 691
    213 692
    197 693
    193 694
    216 695
    228 696
    223 697
    214 698
    234 699
    231 700
    237 701
    216 702
    214 703
    201 704
    252 705
    207 706
    201 707
    208 708
    180 709
    227 710
    208 711
    213 712
    222 713
    226 714
    206 715
    220 716
    209 717
    220 718
    193 719
    218 720
    190 721
    227 722
    175 723
    205 724
    210 725
    195 726
    202 727
    191 728
    203 729
    201 730
    208 731
    205 732
    198 733
    211 734
    193 735
    177 736
    193 737
    200 738
    186 739
    207 740
    170 741
    185 742
    200 743
    157 744
    186 745
    186 746
    165 747
    182 748
    180 749
    168 750
    176 751
    180 752
    155 753
    159 754
    151 755
    173 756
    190 757
    176 758
    166 759
    156 760
    141 761
    147 762
    165 763
    151 764
    169 765
    144 766
    162 767
    182 768
    171 769
    158 770
    142 771
    188 772
    185 773
    165 774
    165 775
    165 776
    184 777
    179 778
    162 779
    154 780
    145 781
    134 782
    154 783
    179 784
    171 785
    157 786
    177 787
    169 788
    196 789
    154 790
    155 791
    214 792
    175 793
    176 794
    157 795
    168 796
    164 797
    163 798
    169 799
    188 800
    131 801
    183 802
    158 803
    162 804
    160 805
    162 806
    163 807
    158 808
    187 809
    166 810
    160 811
    160 812
    166 813
    156 814
    190 815
    183 816
    156 817
    123 818
    159 819
    157 820
    150 821
    148 822
    172 823
    135 824
    151 825
    163 826
    152 827
    151 828
    155 829
    142 830
    172 831
    142 832
    176 833
    158 834
    158 835
    171 836
    181 837
    155 838
    159 839
    157 840
    175 841
    183 842
    161 843
    135 844
    169 845
    175 846
    166 847
    138 848
    152 849
    141 850
    173 851
    162 852
    147 853
    144 854
    179 855
    175 856
    162 857
    145 858
    167 859
    167 860
    184 861
    160 862
    159 863
    176 864
    166 865
    166 866
    146 867
    154 868
    180 869
    168 870
    177 871
    167 872
    159 873
    169 874
    179 875
    161 876
    137 877
    168 878
    155 879
    160 880
    152 881
    152 882
    166 883
    168 884
    159 885
    144 886
    135 887
    129 888
    169 889
    152 890
    141 891
    155 892
    128 893
    140 894
    159 895
    139 896
    160 897
    148 898
    154 899
    145 900
    158 901
    175 902
    138 903
    132 904
    128 905
    123 906
    177 907
    141 908
    133 909
    145 910
    145 911
    140 912
    150 913
    143 914
    129 915
    138 916
    141 917
    158 918
    142 919
    141 920
    138 921
    140 922
    159 923
    131 924
    129 925
    131 926
    121 927
    132 928
    135 929
    139 930
    127 931
    135 932
    138 933
    107 934
    132 935
    149 936
    137 937
    152 938
    144 939
    144 940
    156 941
    121 942
    157 943
    154 944
    153 945
    128 946
    117 947
    133 948
    137 949
    159 950
    125 951
    126 952
    121 953
    130 954
    146 955
    136 956
    125 957
    127 958
    141 959
    147 960
    111 961
    133 962
    114 963
    121 964
    127 965
    122 966
    133 967
    146 968
    140 969
    136 970
    139 971
    143 972
    130 973
    144 974
    147 975
    129 976
    120 977
    125 978
    121 979
    125 980
    129 981
    119 982
    115 983
    132 984
    123 985
    128 986
    127 987
    133 988
    132 989
    130 990
    121 991
    128 992
    118 993
    118 994
    134 995
    129 996
    135 997
    120 998
    128 999
    117 1000
    108 1001
    136 1002
    121 1003
    126 1004
    150 1005
    138 1006
    121 1007
    118 1008
    121 1009
    138 1010
    123 1011
    145 1012
    133 1013
    117 1014
    126 1015
    117 1016
    123 1017
    131 1018
    115 1019
    114 1020
    114 1021
    126 1022
    132 1023
    115 1024
    137 1025
    104 1026
    132 1027
    108 1028
    117 1029
    116 1030
    124 1031
    123 1032
    123 1033
    121 1034
    135 1035
    119 1036
    115 1037
    120 1038
    125 1039
    109 1040
    126 1041
    143 1042
    115 1043
    128 1044
    140 1045
    130 1046
    139 1047
    132 1048
    135 1049
    128 1050
    145 1051
    158 1052
    117 1053
    130 1054
    127 1055
    116 1056
    139 1057
    124 1058
    125 1059
    124 1060
    137 1061
    144 1062
    136 1063
    134 1064
    137 1065
    113 1066
    114 1067
    113 1068
    113 1069
    117 1070
    114 1071
    113 1072
    118 1073
    100 1074
    117 1075
     99 1076
    115 1077
    119 1078
    112 1079
    123 1080
    108 1081
    111 1082
    123 1083
    121 1084
    120 1085
    133 1086
    113 1087
    118 1088
    125 1089
    101 1090
    115 1091
    110 1092
    106 1093
    103 1094
    113 1095
    114 1096
    104 1097
    120 1098
    104 1099
    107 1100
    123 1101
     96 1102
    121 1103
    105 1104
    105 1105
    107 1106
    108 1107
    114 1108
    127 1109
    126 1110
     96 1111
     84 1112
    113 1113
    125 1114
    132 1115
    121 1116
     95 1117
    114 1118
    113 1119
    126 1120
    116 1121
    114 1122
    104 1123
    122 1124
    124 1125
    111 1126
    109 1127
    127 1128
    128 1129
    110 1130
    117 1131
    123 1132
    114 1133
    129 1134
    106 1135
     90 1136
    126 1137
    112 1138
    124 1139
    109 1140
    127 1141
     99 1142
    104 1143
    115 1144
    109 1145
    101 1146
    116 1147
    112 1148
    118 1149
    131 1150
    114 1151
    114 1152
    139 1153
    125 1154
    111 1155
    121 1156
     91 1157
    117 1158
    120 1159
    112 1160
    114 1161
    121 1162
    104 1163
    122 1164
    103 1165
    115 1166
     94 1167
     97 1168
    108 1169
    115 1170
    102 1171
    102 1172
     86 1173
     90 1174
    104 1175
    114 1176
    100 1177
    107 1178
    109 1179
     96 1180
     97 1181
     87 1182
     98 1183
    117 1184
    115 1185
     94 1186
    105 1187
    110 1188
     98 1189
    115 1190
    107 1191
    119 1192
    101 1193
    106 1194
    102 1195
    109 1196
    109 1197
    122 1198
    103 1199
     99 1200
    115 1201
    133 1202
    101 1203
    115 1204
    109 1205
     93 1206
    100 1207
    112 1208
    100 1209
     99 1210
    119 1211
     86 1212
    116 1213
    119 1214
    105 1215
    126 1216
    122 1217
     88 1218
    107 1219
    107 1220
    108 1221
    110 1222
    105 1223
     90 1224
    116 1225
    121 1226
    112 1227
     96 1228
    112 1229
    126 1230
    120 1231
    106 1232
    110 1233
    105 1234
     99 1235
    110 1236
     91 1237
    105 1238
     91 1239
    101 1240
    111 1241
     83 1242
     86 1243
     92 1244
    104 1245
    101 1246
    101 1247
     95 1248
     75 1249
     94 1250
    100 1251
    128 1252
    110 1253
     99 1254
    101 1255
     85 1256
    112 1257
     94 1258
    110 1259
    105 1260
     95 1261
     77 1262
     85 1263
     90 1264
    101 1265
     79 1266
     89 1267
     86 1268
     77 1269
     94 1270
     90 1271
     88 1272
     87 1273
    101 1274
     83 1275
     95 1276
    100 1277
     87 1278
     84 1279
    107 1280
     93 1281
     84 1282
     91 1283
     88 1284
     76 1285
     85 1286
     71 1287
     83 1288
     86 1289
     89 1290
     92 1291
     69 1292
     79 1293
     59 1294
    106 1295
     83 1296
     83 1297
     80 1298
     86 1299
     71 1300
     76 1301
     74 1302
     76 1303
     99 1304
    100 1305
     90 1306
     75 1307
     73 1308
     72 1309
     82 1310
     70 1311
     77 1312
     84 1313
     74 1314
     81 1315
     70 1316
     73 1317
     86 1318
     78 1319
     85 1320
     81 1321
     76 1322
     73 1323
     69 1324
     61 1325
     91 1326
     84 1327
     68 1328
     77 1329
     77 1330
     72 1331
     83 1332
     86 1333
     82 1334
     88 1335
     90 1336
     85 1337
     71 1338
     88 1339
     88 1340
     68 1341
     87 1342
     88 1343
     75 1344
     79 1345
     83 1346
     86 1347
     89 1348
     99 1349
     89 1350
     58 1351
     87 1352
     88 1353
     77 1354
     97 1355
     69 1356
     86 1357
     83 1358
     78 1359
     81 1360
     86 1361
     87 1362
     75 1363
     96 1364
     80 1365
     92 1366
     70 1367
     78 1368
     75 1369
     82 1370
     90 1371
     89 1372
     74 1373
     93 1374
     88 1375
     82 1376
     83 1377
     74 1378
     84 1379
     52 1380
     65 1381
     72 1382
     90 1383
     69 1384
     88 1385
     76 1386
     75 1387
     84 1388
     78 1389
     83 1390
     81 1391
     85 1392
     65 1393
     60 1394
     86 1395
     88 1396
     68 1397
     68 1398
     75 1399
     78 1400
     79 1401
     66 1402
     69 1403
     65 1404
     85 1405
     72 1406
     80 1407
     63 1408
     78 1409
     72 1410
     63 1411
     69 1412
     59 1413
     66 1414
     84 1415
     72 1416
     63 1417
     68 1418
     58 1419
     61 1420
     73 1421
     74 1422
     76 1423
     80 1424
     68 1425
     78 1426
     58 1427
     66 1428
     48 1429
     81 1430
     78 1431
     72 1432
     65 1433
     53 1434
     64 1435
     80 1436
     60 1437
     79 1438
     71 1439
     73 1440
     68 1441
     73 1442
     62 1443
     77 1444
     83 1445
     82 1446
     75 1447
     62 1448
     70 1449
     74 1450
     80 1451
     75 1452
     73 1453
     57 1454
     72 1455
     61 1456
     86 1457
     72 1458
     57 1459
     54 1460
     71 1461
     66 1462
     70 1463
     53 1464
     72 1465
     61 1466
     77 1467
     50 1468
     82 1469
     60 1470
     56 1471
     58 1472
     52 1473
     68 1474
     58 1475
     50 1476
     80 1477
     76 1478
     66 1479
     59 1480
     60 1481
     57 1482
     58 1483
     59 1484
     68 1485
     58 1486
     64 1487
     62 1488
     62 1489
     64 1490
     48 1491
     64 1492
     65 1493
     62 1494
     48 1495
     55 1496
     72 1497
     67 1498
     48 1499
     74 1500
     43 1501
     53 1502
     62 1503
     62 1504
     56 1505
     71 1506
     57 1507
     61 1508
     54 1509
     58 1510
     66 1511
     63 1512
     70 1513
     54 1514
     58 1515
     58 1516
     64 1517
     58 1518
     57 1519
     68 1520
     59 1521
     63 1522
     56 1523
     72 1524
     68 1525
     54 1526
     49 1527
     54 1528
     63 1529
     76 1530
     65 1531
     63 1532
     49 1533
     45 1534
     45 1535
     49 1536
     57 1537
     65 1538
     43 1539
     56 1540
     64 1541
     57 1542
     49 1543
     54 1544
     57 1545
     54 1546
     63 1547
     65 1548
     55 1549
     59 1550
     54 1551
     55 1552
     58 1553
     67 1554
     64 1555
     53 1556
     44 1557
     63 1558
     47 1559
     63 1560
     64 1561
     62 1562
     59 1563
     65 1564
     78 1565
     51 1566
     56 1567
     71 1568
     57 1569
     56 1570
     64 1571
     52 1572
     44 1573
     50 1574
     50 1575
     63 1576
     67 1577
     68 1578
     63 1579
     59 1580
     52 1581
     65 1582
     43 1583
     59 1584
     50 1585
     51 1586
     59 1587
     39 1588
     47 1589
     55 1590
     53 1591
     67 1592
     43 1593
     61 1594
     52 1595
     56 1596
     58 1597
     46 1598
     80 1599
     45 1600
     51 1601
     50 1602
     69 1603
     57 1604
     50 1605
     52 1606
     55 1607
     58 1608
     71 1609
     67 1610
     50 1611
     51 1612
     48 1613
     53 1614
     56 1615
     51 1616
     51 1617
     63 1618
     57 1619
     42 1620
     47 1621
     62 1622
     63 1623
     49 1624
     57 1625
     54 1626
     46 1627
     47 1628
     47 1629
     42 1630
     52 1631
     54 1632
     45 1633
     39 1634
     57 1635
     51 1636
     52 1637
     47 1638
     53 1639
     55 1640
     60 1641
     45 1642
     35 1643
     38 1644
     50 1645
     46 1646
     53 1647
     45 1648
     53 1649
     46 1650
     57 1651
     31 1652
     49 1653
     52 1654
     66 1655
     52 1656
     51 1657
     44 1658
     37 1659
     55 1660
     44 1661
     50 1662
     40 1663
     45 1664
     60 1665
     40 1666
     50 1667
     39 1668
     43 1669
     39 1670
     42 1671
     37 1672
     39 1673
     29 1674
     48 1675
     40 1676
     40 1677
     42 1678
     50 1679
     47 1680
     42 1681
     39 1682
     42 1683
     38 1684
     54 1685
     52 1686
     52 1687
     43 1688
     38 1689
     42 1690
     53 1691
     57 1692
     46 1693
     42 1694
     38 1695
     39 1696
     40 1697
     44 1698
     50 1699
     53 1700
     40 1701
     45 1702
     51 1703
     47 1704
     55 1705
     38 1706
     50 1707
     38 1708
     46 1709
     53 1710
     48 1711
     50 1712
     40 1713
     34 1714
     46 1715
     39 1716
     45 1717
     40 1718
     46 1719
     44 1720
     38 1721
     36 1722
     58 1723
     46 1724
     43 1725
     43 1726
     42 1727
     54 1728
     50 1729
     33 1730
     43 1731
     50 1732
     51 1733
     37 1734
     56 1735
     52 1736
     38 1737
     50 1738
     53 1739
     50 1740
     52 1741
     55 1742
     40 1743
     47 1744
     39 1745
     43 1746
     54 1747
     43 1748
     46 1749
     38 1750
     42 1751
     40 1752
     38 1753
     52 1754
     48 1755
     55 1756
     51 1757
     45 1758
     40 1759
     45 1760
     53 1761
     46 1762
     42 1763
     51 1764
     38 1765
     32 1766
     54 1767
     48 1768
     41 1769
     50 1770
     57 1771
     42 1772
     53 1773
     42 1774
     45 1775
     48 1776
     65 1777
     58 1778
     54 1779
     59 1780
     53 1781
     37 1782
     49 1783
     33 1784
     50 1785
     53 1786
     37 1787
     45 1788
     40 1789
     56 1790
     43 1791
     47 1792
     41 1793
     47 1794
     48 1795
     43 1796
     42 1797
     35 1798
     36 1799
     34 1800
     40 1801
     38 1802
     49 1803
     43 1804
     37 1805
     44 1806
     39 1807
     35 1808
     39 1809
     42 1810
     39 1811
     40 1812
     46 1813
     32 1814
     33 1815
     41 1816
     41 1817
     46 1818
     44 1819
     43 1820
     32 1821
     36 1822
     37 1823
     40 1824
     29 1825
     41 1826
     51 1827
     36 1828
     43 1829
     45 1830
     50 1831
     56 1832
     34 1833
     36 1834
     39 1835
     38 1836
     32 1837
     43 1838
     41 1839
     52 1840
     38 1841
     44 1842
     47 1843
     39 1844
     40 1845
     47 1846
     41 1847
     37 1848
     29 1849
     55 1850
     54 1851
     44 1852
     35 1853
     38 1854
     38 1855
     54 1856
     41 1857
     45 1858
     44 1859
     44 1860
     35 1861
     44 1862
     44 1863
     35 1864
     38 1865
     38 1866
     40 1867
     40 1868
     23 1869
     51 1870
     30 1871
     34 1872
     45 1873
     35 1874
     41 1875
     32 1876
     40 1877
     44 1878
     36 1879
     33 1880
     32 1881
     35 1882
     38 1883
     36 1884
     30 1885
     45 1886
     50 1887
     28 1888
     36 1889
     40 1890
     36 1891
     28 1892
     36 1893
     28 1894
     31 1895
     28 1896
     33 1897
     23 1898
     38 1899
     24 1900
     33 1901
     37 1902
     26 1903
     26 1904
     28 1905
     27 1906
     38 1907
     37 1908
     30 1909
     35 1910
     35 1911
     22 1912
     26 1913
     33 1914
     30 1915
     28 1916
     22 1917
     25 1918
     24 1919
     20 1920
     30 1921
     30 1922
     24 1923
     28 1924
     28 1925
     28 1926
     36 1927
     26 1928
     24 1929
     32 1930
     28 1931
     32 1932
     37 1933
     25 1934
     33 1935
     24 1936
     27 1937
     24 1938
     40 1939
     33 1940
     33 1941
     24 1942
     18 1943
     26 1944
     22 1945
     29 1946
     23 1947
     22 1948
     28 1949
     33 1950
     33 1951
     28 1952
     31 1953
     43 1954
     26 1955
     30 1956
     31 1957
     32 1958
     30 1959
     30 1960
     29 1961
     31 1962
     28 1963
     23 1964
     26 1965
     34 1966
     27 1967
     26 1968
     30 1969
     27 1970
     18 1971
     36 1972
     32 1973
     17 1974
     23 1975
     31 1976
     27 1977
     28 1978
     37 1979
     41 1980
     32 1981
     32 1982
     19 1983
     32 1984
     27 1985
     32 1986
     22 1987
     25 1988
     25 1989
     24 1990
     19 1991
     19 1992
     31 1993
     26 1994
     20 1995
     23 1996
     30 1997
     25 1998
     33 1999
     30 2000
     28 2001
     28 2002
     29 2003
     29 2004
     35 2005
     28 2006
     27 2007
     32 2008
     35 2009
     24 2010
     24 2011
     32 2012
     29 2013
     36 2014
     19 2015
     23 2016
     24 2017
     30 2018
     26 2019
     24 2020
     12 2021
     30 2022
     20 2023
     26 2024
     26 2025
     30 2026
     25 2027
     28 2028
     27 2029
     24 2030
     24 2031
     23 2032
     30 2033
     25 2034
     26 2035
     17 2036
     21 2037
     24 2038
     26 2039
     17 2040
     21 2041
     26 2042
     22 2043
     17 2044
     18 2045
     18 2046
     25 2047
     29 2048
     29 2049
     23 2050
     24 2051
     22 2052
     33 2053
     25 2054
     17 2055
     22 2056
     23 2057
     27 2058
     23 2059
     19 2060
     18 2061
     25 2062
     21 2063
     21 2064
     22 2065
     17 2066
     26 2067
     31 2068
     17 2069
     29 2070
     20 2071
     23 2072
     13 2073
     29 2074
     15 2075
     30 2076
     33 2077
     32 2078
     23 2079
     23 2080
     20 2081
     25 2082
     17 2083
     26 2084
     28 2085
     25 2086
     12 2087
     23 2088
     29 2089
     14 2090
     19 2091
     25 2092
     22 2093
     25 2094
     27 2095
     31 2096
     25 2097
     25 2098
     35 2099
     18 2100
     25 2101
     23 2102
     13 2103
     37 2104
     23 2105
     20 2106
     16 2107
     22 2108
     28 2109
     20 2110
     13 2111
     23 2112
     15 2113
     32 2114
     22 2115
     27 2116
      9 2117
     19 2118
     14 2119
     19 2120
     13 2121
     17 2122
     20 2123
     18 2124
     16 2125
     14 2126
     23 2127
     24 2128
     17 2129
     14 2130
     16 2131
     19 2132
     17 2133
     27 2134
     17 2135
     19 2136
     14 2137
     23 2138
     21 2139
     21 2140
     17 2141
     19 2142
     22 2143
     23 2144
     27 2145
     17 2146
     17 2147
     20 2148
     16 2149
     18 2150
     16 2151
     20 2152
     20 2153
     12 2154
     19 2155
     12 2156
     15 2157
     19 2158
     12 2159
     12 2160
     10 2161
     23 2162
     17 2163
     20 2164
     23 2165
     23 2166
     13 2167
     14 2168
     18 2169
     19 2170
     18 2171
     12 2172
     12 2173
     12 2174
     18 2175
     24 2176
     12 2177
     14 2178
     22 2179
     19 2180
     19 2181
     16 2182
     23 2183
     18 2184
     21 2185
     22 2186
     14 2187
     21 2188
     25 2189
     18 2190
     26 2191
     15 2192
     17 2193
     18 2194
     14 2195
     14 2196
     19 2197
     16 2198
     17 2199
     25 2200
     13 2201
     14 2202
     21 2203
     18 2204
     14 2205
     16 2206
     12 2207
     15 2208
     21 2209
     16 2210
     13 2211
     31 2212
     10 2213
     13 2214
     24 2215
     20 2216
     17 2217
     20 2218
     17 2219
     16 2220
     13 2221
     21 2222
     20 2223
     18 2224
     13 2225
     19 2226
     28 2227
     27 2228
     13 2229
     17 2230
     16 2231
     10 2232
     21 2233
     19 2234
     18 2235
     11 2236
     17 2237
     14 2238
     15 2239
     14 2240
     19 2241
     22 2242
     16 2243
     18 2244
     14 2245
     25 2246
     19 2247
     12 2248
     18 2249
     21 2250
     18 2251
     13 2252
     14 2253
     20 2254
     17 2255
     17 2256
     15 2257
     17 2258
     14 2259
     15 2260
     13 2261
     12 2262
     17 2263
     15 2264
     21 2265
     17 2266
     17 2267
     22 2268
     10 2269
     17 2270
     13 2271
     13 2272
     18 2273
     18 2274
     13 2275
     19 2276
     21 2277
     16 2278
     14 2279
     15 2280
     20 2281
     18 2282
     12 2283
     20 2284
     15 2285
     20 2286
     14 2287
     18 2288
     19 2289
     19 2290
     18 2291
     16 2292
     20 2293
     24 2294
     21 2295
     21 2296
     20 2297
     22 2298
     21 2299
     13 2300
     19 2301
     18 2302
     11 2303
     16 2304
     15 2305
     19 2306
     25 2307
     20 2308
     16 2309
     21 2310
     11 2311
     15 2312
     16 2313
     15 2314
     14 2315
     13 2316
     12 2317
      8 2318
     11 2319
     10 2320
     13 2321
     16 2322
     11 2323
     13 2324
     16 2325
     14 2326
     14 2327
     13 2328
     10 2329
      9 2330
     14 2331
     10 2332
     15 2333
     20 2334
     16 2335
     19 2336
     12 2337
     10 2338
     12 2339
     10 2340
     10 2341
      4 2342
     13 2343
      9 2344
      8 2345
      9 2346
     16 2347
     15 2348
     12 2349
     13 2350
     15 2351
      9 2352
      8 2353
     10 2354
     12 2355
     10 2356
     12 2357
     11 2358
     14 2359
     10 2360
     24 2361
      9 2362
     11 2363
     11 2364
     11 2365
      7 2366
     11 2367
     13 2368
     12 2369
      9 2370
     12 2371
     13 2372
     12 2373
     11 2374
      9 2375
      9 2376
     13 2377
      8 2378
      9 2379
      9 2380
      9 2381
     11 2382
      7 2383
      9 2384
      8 2385
      5 2386
      9 2387
      7 2388
      9 2389
      6 2390
     12 2391
      7 2392
      8 2393
     17 2394
      6 2395
     13 2396
      9 2397
      8 2398
      6 2399
      7 2400
     16 2401
     15 2402
      8 2403
      8 2404
     13 2405
     17 2406
      7 2407
      7 2408
      8 2409
      9 2410
     13 2411
     11 2412
     14 2413
      6 2414
     14 2415
     11 2416
     11 2417
      9 2418
      9 2419
     13 2420
     12 2421
     13 2422
      8 2423
      9 2424
     13 2425
     10 2426
     12 2427
      7 2428
      9 2429
     10 2430
     15 2431
      8 2432
     16 2433
      9 2434
     15 2435
      8 2436
      8 2437
      6 2438
      7 2439
      8 2440
     13 2441
      7 2442
      7 2443
      8 2444
      8 2445
     12 2446
      5 2447
      8 2448
      9 2449
     10 2450
      6 2451
      7 2452
      5 2453
      4 2454
      7 2455
      3 2456
      4 2457
      7 2458
      7 2459
     11 2460
      9 2461
      8 2462
      4 2463
      8 2464
      9 2465
      8 2466
      4 2467
     11 2468
      9 2469
      4 2470
      7 2471
      8 2472
     10 2473
     13 2474
      4 2475
      6 2476
     12 2477
      6 2478
      8 2479
     12 2480
      8 2481
     12 2482
      3 2483
      9 2484
     12 2485
      8 2486
      8 2487
     10 2488
     12 2489
      9 2490
      8 2491
      8 2492
      9 2493
      9 2494
      8 2495
      8 2496
     11 2497
     11 2498
      8 2499
      9 2500
      9 2501
     10 2502
      6 2503
      8 2504
      9 2505
      8 2506
      6 2507
      4 2508
      6 2509
      8 2510
      7 2511
      8 2512
      6 2513
      9 2514
      6 2515
      8 2516
      4 2517
      8 2518
      5 2519
      7 2520
      8 2521
     10 2522
      7 2523
      2 2524
      6 2525
      5 2526
      3 2527
      5 2528
      2 2529
      7 2530
      4 2531
      6 2532
      7 2533
      4 2534
     12 2535
     10 2536
      7 2537
      6 2538
      4 2539
      4 2540
      7 2541
      4 2542
      4 2543
      4 2544
      9 2545
      7 2546
      3 2547
      7 2548
      6 2549
      9 2550
      5 2551
      6 2552
      5 2553
      8 2554
      5 2555
      8 2556
      3 2557
      7 2558
      4 2559
     11 2560
      4 2561
      8 2562
      7 2563
      3 2564
      6 2565
      8 2566
      8 2567
      8 2568
      9 2569
      9 2570
     10 2571
      7 2572
      8 2573
      8 2574
     13 2575
      5 2576
     10 2577
      6 2578
      4 2579
      3 2580
      8 2581
      7 2582
      5 2583
      7 2584
     10 2585
      8 2586
      5 2587
      9 2588
      4 2589
      5 2590
      6 2591
      7 2592
      5 2593
     11 2594
      6 2595
      4 2596
      6 2597
      8 2598
      4 2599
      5 2600
      7 2601
      9 2602
      9 2603
      9 2604
      8 2605
      4 2606
      9 2607
     10 2608
      6 2609
      8 2610
      8 2611
      9 2612
      5 2613
      5 2614
      6 2615
      7 2616
      1 2617
     11 2618
      8 2619
      4 2620
      6 2621
     10 2622
      7 2623
      7 2624
      6 2625
      7 2626
      6 2627
      8 2628
     12 2629
      6 2630
      5 2631
      5 2632
     12 2633
      8 2634
      8 2635
      6 2636
      6 2637
      8 2638
      8 2639
      7 2640
      9 2641
      5 2642
      6 2643
      9 2644
      4 2645
      7 2646
     12 2647
     11 2648
      8 2649
     10 2650
     15 2651
      4 2652
      7 2653
      6 2654
      7 2655
      9 2656
      4 2657
      4 2658
      7 2659
      6 2660
      5 2661
      5 2662
      6 2663
      9 2664
      4 2665
      9 2666
      7 2667
      1 2668
      2 2669
      2 2670
      4 2671
      9 2672
      4 2673
     10 2674
     10 2675
      3 2676
      5 2677
      2 2678
      3 2679
      7 2680
      5 2681
      1 2682
      3 2683
      2 2684
      7 2685
      9 2686
      3 2687
      4 2688
      3 2689
      3 2690
      8 2691
      9 2692
      5 2693
      7 2694
      7 2695
      4 2696
      3 2697
      5 2698
      4 2699
      2 2700
      4 2701
      6 2702
      2 2703
      6 2704
      5 2705
      2 2706
      4 2707
      3 2708
      2 2709
      9 2710
      1 2711
      4 2712
      4 2713
     10 2714
      4 2715
      3 2716
      3 2717
      8 2718
      7 2719
      6 2720
      5 2721
      3 2722
      5 2723
      1 2724
      1 2725
      4 2726
      8 2727
      3 2728
      6 2729
      2 2730
      7 2731
      6 2732
      5 2733
      3 2734
      4 2735
      6 2736
      6 2737
      6 2738
      6 2739
      2 2740
      3 2741
      4 2742
      1 2743
      4 2744
      2 2745
      6 2746
      4 2747
     10 2748
      4 2750
      3 2751
      4 2752
      4 2753
      2 2754
      7 2755
      2 2756
      7 2757
      6 2758
      8 2759
      3 2760
      4 2761
      4 2762
      3 2763
      6 2764
      6 2765
      7 2766
      1 2767
      5 2769
      5 2770
      7 2771
      8 2772
      4 2773
      5 2774
      4 2775
      5 2776
      5 2777
      2 2778
      4 2779
      6 2780
      4 2781
      4 2782
      2 2783
      8 2784
      6 2785
      4 2786
      2 2787
      2 2788
      6 2789
      4 2790
      5 2791
      7 2792
      9 2793
      4 2794
      6 2795
      7 2796
      3 2797
     10 2798
      7 2799
      5 2800
      3 2801
      3 2802
      1 2803
      3 2804
      7 2805
      9 2806
      7 2807
      5 2808
      8 2809
      5 2810
      5 2811
      4 2812
      6 2813
      6 2814
      4 2815
      4 2816
      8 2817
      7 2818
      3 2819
      4 2820
      5 2821
      6 2822
      6 2823
      4 2824
     11 2825
      5 2826
      7 2827
     11 2828
      9 2829
      7 2830
      5 2831
      6 2832
      4 2833
      6 2834
      7 2835
      8 2836
      6 2837
      6 2838
      5 2839
      5 2840
      4 2841
      1 2842
      4 2843
      7 2844
      5 2845
      5 2846
      9 2847
      5 2848
      7 2849
      8 2850
      5 2851
      3 2852
     10 2853
      7 2854
      6 2855
      3 2856
      4 2857
      5 2858
      5 2859
     11 2860
      6 2861
      3 2862
      7 2863
      4 2864
      2 2865
      6 2866
      6 2867
      6 2868
      7 2869
      7 2870
      4 2871
     12 2872
      5 2873
      3 2874
      3 2875
      5 2876
      9 2877
      7 2878
      6 2879
      5 2880
      6 2881
      4 2882
      5 2883
      6 2884
      3 2885
      5 2886
      9 2887
      1 2888
      4 2889
      3 2890
      2 2891
      4 2892
      3 2894
      5 2895
      2 2896
      3 2897
      5 2898
      2 2899
      5 2900
      8 2901
      2 2902
      2 2903
      4 2904
      1 2905
      3 2906
      2 2907
      3 2908
      6 2909
      7 2910
      3 2911
      2 2912
      9 2913
      2 2914
      8 2915
      3 2916
      1 2917
      1 2919
      3 2920
      3 2921
      5 2922
      2 2923
      2 2924
      5 2925
      1 2926
      3 2927
      2 2928
      1 2929
      3 2930
      3 2931
      4 2932
      6 2933
      7 2934
      7 2935
      1 2936
      7 2937
      6 2938
      2 2939
      2 2940
      3 2941
      2 2942
      2 2943
      2 2944
      4 2945
      1 2946
      1 2947
      1 2948
      5 2949
      4 2950
      5 2951
      3 2952
      4 2953
      3 2954
      6 2955
      3 2956
      1 2957
      6 2958
      4 2959
      5 2960
      7 2962
      5 2963
      4 2964
      5 2965
      3 2966
      3 2967
      3 2968
      3 2969
      3 2970
      3 2971
      4 2972
      2 2973
      4 2974
      5 2975
      3 2976
      6 2977
      4 2978
      5 2979
      4 2980
      6 2981
      3 2982
      3 2983
      5 2984
      2 2985
      5 2986
      2 2987
      4 2988
      6 2989
      3 2990
      3 2991
      5 2992
      3 2993
      4 2994
      4 2995
      2 2996
      4 2997
      2 2998
      2 2999
      1 3000
      6 3001
      2 3002
      2 3003
      2 3004
      1 3005
      5 3006
      7 3007
      4 3008
      2 3009
      2 3010
      7 3011
      2 3012
      2 3013
      2 3014
      3 3015
      3 3016
      1 3017
      4 3018
      3 3019
      7 3020
      5 3021
      2 3022
      4 3023
      1 3024
      3 3025
      1 3026
      3 3027
      4 3028
      2 3029
      5 3030
      5 3031
      6 3032
      3 3033
      2 3034
      6 3035
      2 3036
      5 3037
      2 3038
      2 3039
      3 3040
      3 3041
      6 3042
      7 3043
      3 3044
      3 3045
      2 3046
      6 3047
      4 3048
      1 3049
      4 3050
      3 3052
      5 3053
      2 3054
      5 3055
      3 3056
      4 3057
      4 3058
      4 3059
     10 3060
      3 3061
      6 3062
      3 3063
      5 3064
      3 3065
      2 3066
      1 3067
      2 3068
      3 3069
      2 3070
      7 3071
      3 3072
      6 3073
      4 3074
      3 3075
      4 3076
      2 3077
      4 3078
      3 3079
      4 3080
      5 3081
      2 3082
      5 3083
      6 3084
      2 3085
      4 3086
      6 3087
      3 3088
      6 3090
      2 3091
      4 3092
      3 3093
      4 3094
      4 3095
      2 3096
      3 3097
      4 3098
      5 3099
      4 3100
      4 3101
      6 3102
      3 3103
      2 3104
      5 3105
      4 3107
      4 3108
      2 3109
      7 3110
      5 3111
      5 3112
      6 3113
      4 3114
      6 3115
      9 3116
      6 3117
      7 3118
      3 3119
      2 3120
      6 3121
      3 3122
      2 3123
      4 3124
      3 3126
      2 3127
      2 3128
      4 3129
      2 3130
      2 3131
     10 3132
      3 3133
      2 3134
      4 3135
      6 3136
      2 3137
      6 3138
      6 3139
      6 3140
      3 3141
      2 3142
      3 3143
      2 3144
      2 3145
      4 3146
      3 3147
      1 3149
      4 3150
      8 3151
      4 3152
      8 3153
      2 3154
      4 3155
      3 3156
      6 3157
      3 3158
      5 3159
      6 3160
      4 3161
      6 3162
      2 3163
      2 3164
      4 3165
      7 3166
      4 3167
      3 3168
      2 3169
      3 3170
      4 3171
      2 3172
      4 3173
      2 3174
      2 3175
      3 3176
      1 3177
      2 3178
      5 3179
      2 3181
      3 3182
      4 3183
      1 3184
      4 3185
      1 3186
      1 3187
      1 3189
      5 3191
      5 3192
      1 3193
      4 3195
      2 3196
      2 3197
      3 3198
      1 3199
      1 3200
      1 3201
      2 3202
      1 3203
      6 3204
      2 3205
      3 3206
      2 3207
      2 3208
      4 3209
      2 3210
      3 3211
      2 3212
      2 3213
      2 3214
      1 3215
      3 3216
      4 3217
      4 3219
      2 3220
      3 3221
      4 3222
      3 3223
      2 3224
      3 3225
      3 3227
      1 3228
      1 3229
      4 3230
      1 3231
      4 3232
      4 3233
      1 3236
      1 3237
      4 3238
      2 3239
      1 3240
      7 3241
      2 3242
      1 3243
      4 3244
      1 3245
      1 3246
      2 3247
      3 3248
      3 3249
      1 3250
      1 3251
      2 3252
      2 3253
      1 3254
      3 3255
      3 3256
      2 3257
      3 3258
      1 3260
      2 3261
      4 3262
      5 3263
      3 3264
      1 3265
      2 3266
      3 3267
      2 3268
      2 3269
      3 3270
      2 3271
      3 3272
      2 3273
      3 3274
      1 3275
      3 3276
      4 3278
      1 3279
      2 3280
      3 3283
      4 3284
      6 3285
      1 3286
      1 3288
      4 3290
      3 3291
      2 3292
      1 3293
      3 3294
      3 3295
      7 3296
      1 3297
      2 3299
      1 3301
      4 3302
      2 3303
      2 3304
      1 3305
      3 3306
      1 3307
      2 3308
      1 3309
      3 3310
      2 3311
      1 3312
      3 3313
      8 3314
      3 3315
      5 3316
      1 3317
      7 3318
      2 3319
      2 3320
      1 3322
      1 3323
      5 3324
      1 3325
      2 3326
      1 3328
      2 3329
      3 3331
      2 3332
      2 3333
      1 3335
      1 3336
      1 3337
      1 3338
      3 3339
      5 3341
      4 3342
      2 3344
      1 3345
      2 3346
      3 3347
      6 3348
      4 3349
      2 3350
      4 3351
      1 3353
      1 3354
      2 3355
      3 3356
      3 3357
      1 3358
      4 3359
      2 3360
      3 3361
      3 3362
      4 3363
      1 3364
      3 3365
      1 3366
      4 3367
      5 3368
      4 3369
      3 3370
      4 3371
      4 3372
      2 3373
      2 3374
      1 3375
      3 3376
      1 3377
      2 3378
      1 3379
      3 3380
      3 3381
      2 3382
      4 3383
      1 3384
      4 3385
      4 3386
      4 3387
      2 3389
      2 3390
      1 3391
      6 3392
      1 3393
      2 3394
      1 3395
      2 3396
      3 3397
      1 3398
      2 3399
      3 3400
      4 3401
      2 3402
      1 3403
      2 3405
      3 3406
      3 3407
      2 3408
      3 3409
      1 3410
      1 3412
      2 3415
      1 3416
      1 3417
      1 3418
      3 3419
      4 3420
      1 3421
      2 3423
      1 3425
      1 3426
      4 3427
      4 3428
      2 3429
      3 3430
      2 3433
      1 3434
      2 3435
      4 3436
      2 3438
      2 3439
      1 3441
      2 3442
      2 3443
      1 3444
      1 3445
      3 3446
      2 3447
      1 3448
      3 3449
      2 3450
      2 3451
      3 3452
      1 3455
      1 3456
      2 3457
      2 3458
      2 3459
      3 3460
      2 3461
      3 3463
      1 3464
      1 3467
      1 3468
      3 3469
      2 3470
      4 3471
      1 3472
      2 3474
      2 3475
      1 3476
      3 3478
      3 3479
      3 3480
      3 3481
      5 3482
      2 3483
      3 3484
      2 3486
      4 3487
      6 3488
      1 3489
      1 3490
      3 3491
      4 3492
      1 3493
      2 3494
      3 3495
      3 3496
      3 3497
      1 3498
      5 3499
      2 3500
      4 3501
      4 3502
      5 3503
      5 3504
      4 3505
      4 3506
      2 3507
      3 3508
      3 3509
      3 3510
      2 3511
      2 3512
      1 3513
      2 3514
      4 3515
      4 3516
      2 3517
      4 3518
      3 3519
      3 3520
      2 3521
      1 3522
      4 3523
      1 3524
      3 3525
      3 3526
      2 3527
      4 3528
      3 3529
      2 3530
      1 3531
      2 3533
      1 3534
      3 3538
      4 3540
      2 3541
      3 3544
      3 3545
      2 3546
      1 3547
      1 3552
      1 3553
      2 3555
      1 3556
      2 3557
      2 3559
      1 3560
      2 3562
      2 3566
      1 3568
      1 3571
      1 3572
      2 3573
      3 3575
      2 3576
      3 3578
      4 3579
      2 3580
      2 3581
      1 3582
      3 3583
      3 3584
      1 3585
      2 3586
      1 3587
      4 3588
      1 3590
      2 3591
      1 3592
      1 3593
      2 3597
      1 3598
      3 3599
      3 3600
      2 3601
      2 3602
      2 3603
      3 3604
      2 3606
      1 3607
      2 3609
      1 3610
      1 3611
      1 3612
      1 3613
      2 3614
      1 3615
      2 3617
      1 3619
      1 3625
      2 3627
      1 3631
      1 3632
      1 3633
      1 3634
      1 3635
      1 3636
      2 3638
      4 3641
      1 3642
      1 3645
      1 3647
      1 3648
      1 3650
      1 3653
      1 3657
      1 3662
      1 3663
      1 3665
      1 3668
      1 3675
      1 3678
      1 3682
      1 3683
      1 3685
      1 3688
      1 3698
      1 3709
      1 3713
      1 3714
      1 3719
      1 3728
      1 3730
      1 3733
      1 3736
      1 3743
      1 3749
      1 3755
      1 3765
      1 3767
      1 3778
      1 3779
      1 3785
      1 3786
      1 3799
      1 3801
      1 3805
      1 3812
      1 3822
      1 3823
      1 3832
      1 3835
      1 3841
      1 3842
      1 3849
      1 3853
      1 3864
      1 3865
      1 3876
      1 3877
      1 3878
      1 3883
      1 3887
      1 3901
      1 3902
      1 3916
      1 3917
      1 3931
      1 3932
      1 3941
      1 3945
      1 3956
      1 3966
      1 3977
      1 3981
      2 3982
      2 3990
      1 3999
      1 4001
      1 4015
      1 4017
      1 4029
      1 4032
      1 4038
      1 4040
      1 4044
      1 4049
      1 4062
      1 4065
      1 4077
      2 4080
      1 4084
      1 4087
      2 4091
      1 4092
      1 4096
      1 4100
      1 4101
      1 4102
      2 4104
      2 4105
      1 4106
      1 4107
      3 4108
      2 4112
      1 4114
      1 4115
      2 4117
      2 4118
      1 4119
      1 4120
      1 4122
      3 4123
      1 4124
      2 4125
      2 4128
      1 4131
      1 4134
      1 4135
      1 4137
      3 4138
      1 4140
      1 4142
      1 4143
      1 4144
      1 4145
      3 4147
      1 4148
      2 4149
      3 4150
      2 4152
      2 4153
      2 4155
      1 4158
      2 4160
      2 4161
      1 4162
      1 4165
      1 4166
      1 4167
      1 4169
      1 4170
      1 4172
      2 4175
      1 4176
      1 4178
      1 4179
      1 4182
      1 4184
      1 4188
      2 4192
      3 4195
      1 4199
      3 4200
      1 4201
      1 4202
      1 4205
      1 4208
      1 4209
      3 4215
      1 4217
      1 4219
      1 4224
      1 4225
      1 4227
      1 4233
      1 4234
      3 4237
      1 4241
      1 4244
      1 4245
      1 4248
      2 4253
      1 4260
      1 4262
      1 4265
      1 4266
      2 4267
      1 4268
      1 4274
      1 4277
      1 4279
      1 4280
      1 4289
      1 4290
      1 4295
      2 4296
      1 4299
      1 4300
      1 4301
      1 4304
      1 4306
      1 4310
      1 4316
      1 4325
      1 4336
      1 4337
      1 4343
      1 4345
      1 4349
      1 4353
      1 4363
      1 4367
      1 4371
      1 4376
      1 4377
      1 4384
      2 4390
      1 4391
      1 4414
      1 4420
      1 4431
      1 4444
      1 4448
      1 4450
      1 4467
      1 4492
      1 4495
      2 4499
      1 4504
      1 4522
      1 4531
      1 4532
      1 4557
      1 4558
      1 4563
      1 4579
      2 4581
      1 4606
      1 4610
      1 4611
      1 4630
      1 4633
      1 4645
      1 4650
      1 4668
      1 4677
      1 4680
      1 4692
      1 4708
      1 4710
      1 4731
      1 4737
      1 4740
      1 4741
      1 4748
      1 4750
      1 4765
      1 4766
      1 4769
      1 4772
      1 4784
      1 4786
      1 4804
      1 4809
      1 4810
      1 4820
      1 4823
      1 4837
      1 4844
      1 4856
      1 4857
      1 4858
      1 4862
      1 4872
      1 4878
      1 4883
      1 4886
      1 4889
      1 4894
      1 4901
      1 4910
      1 4911
      1 4913
      1 4946
      1 4950
      1 4975
      1 4996
      1 5000
      1 5010
      1 5028
      1 5034
      1 5049
      1 5053
      1 5055
      1 5076
      1 5080
      1 5084
      1 5098
      2 5111
      1 5136
      1 5150
      1 5154
      1 5158
      1 5173
      1 5178
      1 5182
      1 5190
      1 5211
      1 5216
      1 5225
      1 5227
      1 5228
      1 5242
      1 5253
      1 5256
      1 5283
      1 5289
      1 5297
      1 5303
      1 5305
      1 5308
      1 5309
      1 5314
      2 5316
      1 5317
      1 5321
      1 5324
      1 5326
      1 5327
      1 5329
      1 5330
      1 5331
      1 5334
      1 5336
      1 5341
      4 5343
      2 5346
      1 5348
      1 5350
      1 5351
      1 5352
      2 5356
      1 5357
      1 5361
      1 5364
      1 5366
      1 5368
      1 5374
      1 5375
      1 5381
      1 5383
      1 5398
      1 5401
      1 5406
      1 5430
      1 5438
      1 5454
      1 5457
      1 5472
      1 5473
      1 5475
      1 5497
      1 5502
      1 5522
      1 5537
      1 5543
      1 5569
      1 5579
      1 5600
      1 5611
      1 5636
      1 5638
      1 5648
      1 5669
      1 5682
      1 5698
      1 5701
      1 5710
      1 5712
      1 5726
      1 5733
      1 5745
      1 5750
      1 5760
      1 5764
      1 5772
      1 5786
      1 5794
      1 5799
      1 5808
      1 5826
      1 5855
      1 5856
      1 5862
      1 5872
      1 5894
      1 5897
      1 5912
      1 5917
      1 5924
      1 5932
      1 5939
      1 5949
      1 5967
      1 5970
      1 5972
      1 5976
      1 5978
      1 5992
      1 5995
      1 5997
      1 5998
      1 5999
      1 6000
      1 6001
      1 6004
      1 6010
      1 6012
      2 6013
      1 6016
      1 6017
      1 6018
      2 6019
      2 6020
      1 6021
      2 6024
      1 6025
      1 6027
      1 6028
      1 6030
      1 6032
      2 6034
      1 6035
      2 6036
      1 6037
      1 6039
      2 6040
      1 6041
      1 6042
      3 6043
      1 6044
      1 6045
      1 6048
      1 6053
      1 6054
      1 6057
      1 6059
      1 6063
      1 6068
      1 6071
