 157229 0
40443437 1
92500605 2
165279797 3
247395664 4
320906729 5
367023591 6
374728380 7
344957460 8
289010706 9
222101744 10
157765910 11
104393057 12
64829477 13
38075188 14
21394052 15
11638115 16
6293759 17
3468350 18
2039909 19
1318589 20
 941449 21
 734257 22
 606412 23
 516991 24
 452230 25
 400498 26
 355914 27
 317073 28
 286511 29
 260632 30
 237660 31
 218524 32
 199839 33
 184029 34
 170115 35
 157019 36
 147256 37
 137060 38
 127090 39
 120231 40
 111115 41
 102698 42
  94368 43
  88581 44
  81630 45
  76351 46
  70858 47
  65554 48
  61253 49
  58059 50
  54816 51
  52263 52
  48132 53
  45435 54
  42695 55
  39879 56
  38778 57
  37110 58
  35655 59
  33241 60
  31720 61
  30770 62
  29285 63
  28319 64
  27108 65
  26282 66
  25314 67
  24502 68
  23733 69
  23162 70
  22616 71
  22296 72
  21945 73
  20980 74
  20716 75
  19975 76
  19121 77
  18782 78
  18491 79
  17957 80
  17946 81
  17690 82
  17583 83
  16820 84
  16669 85
  15909 86
  15549 87
  15502 88
  15058 89
  14522 90
  14663 91
  14236 92
  14098 93
  13946 94
  13808 95
  13433 96
  13204 97
  12961 98
  13010 99
  12767 100
  12483 101
  12292 102
  12379 103
  11862 104
  11612 105
  11576 106
  11261 107
  11175 108
  10992 109
  10817 110
  10544 111
  10389 112
  10144 113
   9929 114
   9896 115
   9901 116
   9895 117
   9565 118
   9573 119
   9478 120
   9317 121
   9259 122
   9182 123
   9077 124
   8994 125
   8967 126
   9131 127
   9099 128
   8962 129
   8954 130
   8794 131
   8817 132
   8865 133
   8698 134
   8484 135
   8494 136
   8618 137
   8220 138
   8045 139
   8315 140
   8400 141
   8093 142
   8220 143
   7976 144
   8181 145
   7923 146
   7997 147
   7990 148
   7817 149
   7901 150
   7751 151
   7631 152
   7899 153
   8019 154
   7870 155
   7998 156
   7776 157
   7951 158
   7855 159
   7903 160
   7888 161
   7735 162
   7698 163
   7572 164
   7526 165
   7521 166
   7357 167
   7241 168
   7219 169
   7129 170
   7235 171
   7158 172
   7185 173
   7035 174
   6878 175
   6920 176
   6713 177
   6760 178
   6574 179
   6451 180
   6518 181
   6337 182
   6149 183
   6070 184
   5954 185
   5863 186
   5921 187
   5791 188
   5673 189
   5544 190
   5519 191
   5236 192
   5165 193
   5074 194
   5045 195
   4902 196
   4903 197
   4803 198
   4724 199
   4806 200
   4729 201
   4637 202
   4584 203
   4498 204
   4502 205
   4402 206
   4337 207
   4122 208
   4304 209
   4054 210
   4097 211
   3975 212
   4022 213
   3956 214
   3926 215
   3772 216
   3676 217
   3821 218
   3742 219
   3640 220
   3679 221
   3694 222
   3586 223
   3556 224
   3423 225
   3385 226
   3384 227
   3363 228
   3233 229
   3275 230
   3267 231
   3236 232
   3224 233
   3113 234
   3121 235
   3128 236
   2982 237
   3071 238
   3094 239
   2967 240
   2993 241
   2944 242
   2803 243
   2851 244
   2802 245
   2708 246
   2718 247
   2711 248
   2618 249
   2672 250
   2635 251
   2706 252
   2627 253
   2546 254
   2554 255
   2481 256
   2557 257
   2407 258
   2456 259
   2293 260
   2438 261
   2334 262
   2379 263
   2429 264
   2355 265
   2300 266
   2275 267
   2285 268
   2274 269
   2232 270
   2285 271
   2139 272
   2194 273
   2158 274
   2133 275
   1994 276
   2019 277
   2102 278
   2112 279
   1977 280
   1979 281
   1988 282
   1948 283
   2048 284
   1985 285
   1925 286
   1908 287
   1930 288
   1947 289
   1839 290
   1976 291
   1921 292
   1812 293
   1926 294
   1922 295
   1807 296
   1860 297
   1765 298
   1842 299
   1768 300
   1756 301
   1781 302
   1790 303
   1719 304
   1736 305
   1798 306
   1792 307
   1676 308
   1790 309
   1747 310
   1773 311
   1740 312
   1678 313
   1728 314
   1710 315
   1785 316
   1650 317
   1601 318
   1631 319
   1707 320
   1648 321
   1646 322
   1620 323
   1708 324
   1611 325
   1575 326
   1578 327
   1630 328
   1557 329
   1571 330
   1530 331
   1594 332
   1509 333
   1602 334
   1598 335
   1522 336
   1582 337
   1551 338
   1475 339
   1536 340
   1454 341
   1500 342
   1538 343
   1488 344
   1514 345
   1403 346
   1474 347
   1487 348
   1426 349
   1384 350
   1384 351
   1451 352
   1417 353
   1470 354
   1440 355
   1413 356
   1448 357
   1404 358
   1389 359
   1352 360
   1334 361
   1351 362
   1308 363
   1374 364
   1341 365
   1250 366
   1337 367
   1305 368
   1283 369
   1260 370
   1390 371
   1306 372
   1388 373
   1260 374
   1329 375
   1288 376
   1275 377
   1252 378
   1239 379
   1249 380
   1249 381
   1183 382
   1199 383
   1138 384
   1201 385
   1115 386
   1110 387
   1131 388
   1209 389
   1165 390
   1205 391
   1100 392
   1150 393
   1172 394
   1180 395
   1119 396
   1137 397
   1176 398
   1120 399
   1152 400
   1157 401
   1140 402
   1152 403
   1145 404
   1112 405
   1188 406
   1184 407
   1095 408
   1115 409
   1104 410
   1100 411
   1059 412
   1028 413
   1095 414
   1105 415
   1133 416
   1076 417
   1094 418
   1096 419
   1053 420
   1080 421
   1053 422
   1115 423
   1079 424
   1014 425
   1098 426
   1079 427
   1124 428
   1006 429
   1025 430
   1114 431
   1036 432
   1027 433
   1012 434
    979 435
   1011 436
    993 437
   1019 438
   1027 439
   1017 440
   1009 441
   1007 442
    998 443
   1015 444
    993 445
    944 446
   1055 447
    991 448
    983 449
   1023 450
   1022 451
    992 452
    972 453
   1012 454
    951 455
    974 456
    974 457
    982 458
    958 459
    952 460
    919 461
    915 462
    966 463
    938 464
    967 465
    938 466
    868 467
    925 468
    972 469
    917 470
    884 471
    964 472
    907 473
    946 474
    899 475
    857 476
    860 477
    890 478
    886 479
    919 480
    833 481
    851 482
    882 483
    851 484
    877 485
    859 486
    841 487
    867 488
    813 489
    840 490
    811 491
    805 492
    855 493
    794 494
    836 495
    808 496
    856 497
    794 498
    794 499
    787 500
    794 501
    791 502
    762 503
    771 504
    814 505
    814 506
    756 507
    778 508
    774 509
    790 510
    773 511
    775 512
    747 513
    734 514
    735 515
    767 516
    797 517
    726 518
    713 519
    673 520
    726 521
    737 522
    695 523
    696 524
    686 525
    758 526
    693 527
    706 528
    728 529
    696 530
    748 531
    722 532
    710 533
    767 534
    709 535
    740 536
    679 537
    733 538
    700 539
    678 540
    704 541
    659 542
    698 543
    684 544
    680 545
    695 546
    682 547
    705 548
    665 549
    697 550
    706 551
    631 552
    667 553
    643 554
    705 555
    653 556
    637 557
    648 558
    623 559
    659 560
    624 561
    566 562
    608 563
    618 564
    620 565
    613 566
    606 567
    576 568
    607 569
    583 570
    581 571
    654 572
    564 573
    593 574
    570 575
    559 576
    549 577
    542 578
    569 579
    605 580
    533 581
    572 582
    623 583
    540 584
    553 585
    564 586
    530 587
    558 588
    574 589
    520 590
    551 591
    512 592
    585 593
    554 594
    522 595
    539 596
    514 597
    521 598
    523 599
    487 600
    531 601
    522 602
    491 603
    531 604
    531 605
    492 606
    522 607
    508 608
    541 609
    504 610
    548 611
    502 612
    505 613
    492 614
    458 615
    511 616
    478 617
    457 618
    469 619
    504 620
    498 621
    531 622
    478 623
    515 624
    470 625
    489 626
    473 627
    480 628
    488 629
    508 630
    489 631
    493 632
    511 633
    474 634
    456 635
    489 636
    477 637
    503 638
    512 639
    478 640
    459 641
    448 642
    509 643
    513 644
    474 645
    433 646
    441 647
    481 648
    449 649
    462 650
    449 651
    443 652
    474 653
    411 654
    466 655
    435 656
    443 657
    411 658
    414 659
    451 660
    436 661
    436 662
    461 663
    424 664
    414 665
    413 666
    404 667
    409 668
    441 669
    387 670
    415 671
    411 672
    424 673
    403 674
    398 675
    424 676
    409 677
    416 678
    372 679
    393 680
    396 681
    441 682
    405 683
    471 684
    403 685
    421 686
    405 687
    439 688
    419 689
    425 690
    438 691
    421 692
    427 693
    430 694
    432 695
    401 696
    405 697
    392 698
    388 699
    411 700
    395 701
    377 702
    397 703
    380 704
    388 705
    382 706
    451 707
    421 708
    369 709
    392 710
    384 711
    401 712
    370 713
    386 714
    355 715
    395 716
    403 717
    369 718
    364 719
    377 720
    399 721
    353 722
    397 723
    380 724
    360 725
    347 726
    355 727
    358 728
    389 729
    337 730
    348 731
    366 732
    348 733
    337 734
    322 735
    331 736
    334 737
    380 738
    345 739
    337 740
    314 741
    366 742
    356 743
    385 744
    358 745
    372 746
    354 747
    361 748
    364 749
    340 750
    334 751
    346 752
    340 753
    336 754
    334 755
    320 756
    300 757
    312 758
    330 759
    313 760
    334 761
    314 762
    345 763
    320 764
    307 765
    306 766
    303 767
    293 768
    304 769
    314 770
    324 771
    324 772
    328 773
    308 774
    318 775
    294 776
    323 777
    284 778
    318 779
    307 780
    307 781
    279 782
    322 783
    314 784
    290 785
    305 786
    306 787
    333 788
    325 789
    321 790
    309 791
    321 792
    303 793
    294 794
    300 795
    271 796
    274 797
    301 798
    302 799
    309 800
    291 801
    310 802
    303 803
    286 804
    290 805
    333 806
    286 807
    263 808
    289 809
    264 810
    303 811
    322 812
    304 813
    295 814
    314 815
    284 816
    283 817
    276 818
    273 819
    287 820
    292 821
    250 822
    302 823
    286 824
    257 825
    274 826
    259 827
    267 828
    269 829
    300 830
    270 831
    273 832
    290 833
    276 834
    281 835
    269 836
    261 837
    297 838
    266 839
    275 840
    288 841
    289 842
    261 843
    266 844
    283 845
    280 846
    261 847
    252 848
    257 849
    284 850
    254 851
    315 852
    281 853
    241 854
    272 855
    295 856
    276 857
    270 858
    249 859
    310 860
    257 861
    292 862
    295 863
    292 864
    276 865
    289 866
    277 867
    319 868
    279 869
    320 870
    277 871
    265 872
    276 873
    275 874
    228 875
    304 876
    249 877
    270 878
    305 879
    254 880
    261 881
    274 882
    268 883
    269 884
    258 885
    278 886
    272 887
    262 888
    248 889
    281 890
    254 891
    249 892
    257 893
    233 894
    263 895
    256 896
    286 897
    281 898
    249 899
    265 900
    268 901
    274 902
    252 903
    280 904
    261 905
    283 906
    273 907
    247 908
    263 909
    262 910
    289 911
    236 912
    253 913
    290 914
    297 915
    264 916
    250 917
    263 918
    251 919
    291 920
    253 921
    248 922
    283 923
    260 924
    239 925
    277 926
    288 927
    274 928
    254 929
    261 930
    284 931
    290 932
    269 933
    294 934
    280 935
    263 936
    281 937
    261 938
    266 939
    268 940
    304 941
    282 942
    230 943
    269 944
    234 945
    279 946
    251 947
    272 948
    262 949
    253 950
    256 951
    255 952
    244 953
    228 954
    232 955
    270 956
    256 957
    275 958
    216 959
    233 960
    232 961
    215 962
    224 963
    266 964
    260 965
    233 966
    252 967
    230 968
    243 969
    238 970
    248 971
    258 972
    229 973
    228 974
    253 975
    233 976
    230 977
    245 978
    244 979
    237 980
    232 981
    218 982
    239 983
    233 984
    225 985
    217 986
    218 987
    221 988
    259 989
    220 990
    241 991
    211 992
    225 993
    255 994
    216 995
    260 996
    235 997
    220 998
    246 999
    238 1000
    231 1001
    238 1002
    246 1003
    225 1004
    233 1005
    249 1006
    244 1007
    266 1008
    256 1009
    254 1010
    207 1011
    225 1012
    226 1013
    232 1014
    264 1015
    214 1016
    227 1017
    243 1018
    264 1019
    210 1020
    220 1021
    227 1022
    223 1023
    231 1024
    245 1025
    223 1026
    226 1027
    246 1028
    219 1029
    221 1030
    222 1031
    219 1032
    212 1033
    215 1034
    209 1035
    203 1036
    211 1037
    230 1038
    224 1039
    213 1040
    214 1041
    206 1042
    215 1043
    228 1044
    240 1045
    218 1046
    258 1047
    216 1048
    236 1049
    230 1050
    227 1051
    246 1052
    230 1053
    250 1054
    240 1055
    237 1056
    223 1057
    243 1058
    195 1059
    214 1060
    234 1061
    224 1062
    240 1063
    243 1064
    213 1065
    172 1066
    239 1067
    185 1068
    251 1069
    214 1070
    251 1071
    214 1072
    213 1073
    219 1074
    205 1075
    184 1076
    197 1077
    233 1078
    207 1079
    212 1080
    205 1081
    217 1082
    214 1083
    206 1084
    226 1085
    231 1086
    183 1087
    193 1088
    201 1089
    180 1090
    218 1091
    210 1092
    190 1093
    203 1094
    202 1095
    216 1096
    199 1097
    209 1098
    209 1099
    200 1100
    200 1101
    198 1102
    223 1103
    208 1104
    207 1105
    204 1106
    198 1107
    227 1108
    201 1109
    206 1110
    205 1111
    208 1112
    233 1113
    185 1114
    199 1115
    199 1116
    203 1117
    196 1118
    214 1119
    219 1120
    233 1121
    210 1122
    223 1123
    207 1124
    211 1125
    223 1126
    194 1127
    194 1128
    203 1129
    203 1130
    200 1131
    207 1132
    210 1133
    183 1134
    198 1135
    183 1136
    184 1137
    199 1138
    197 1139
    201 1140
    184 1141
    196 1142
    183 1143
    207 1144
    213 1145
    198 1146
    195 1147
    209 1148
    188 1149
    166 1150
    199 1151
    211 1152
    219 1153
    196 1154
    216 1155
    225 1156
    198 1157
    205 1158
    206 1159
    197 1160
    224 1161
    179 1162
    207 1163
    195 1164
    198 1165
    191 1166
    240 1167
    188 1168
    196 1169
    184 1170
    199 1171
    210 1172
    202 1173
    210 1174
    207 1175
    183 1176
    203 1177
    206 1178
    183 1179
    183 1180
    218 1181
    187 1182
    223 1183
    195 1184
    166 1185
    175 1186
    193 1187
    200 1188
    197 1189
    181 1190
    184 1191
    196 1192
    207 1193
    183 1194
    183 1195
    184 1196
    182 1197
    180 1198
    161 1199
    209 1200
    174 1201
    174 1202
    184 1203
    179 1204
    192 1205
    203 1206
    177 1207
    183 1208
    189 1209
    194 1210
    199 1211
    189 1212
    175 1213
    188 1214
    170 1215
    178 1216
    199 1217
    167 1218
    186 1219
    179 1220
    190 1221
    186 1222
    207 1223
    184 1224
    189 1225
    198 1226
    158 1227
    187 1228
    179 1229
    165 1230
    196 1231
    211 1232
    167 1233
    189 1234
    164 1235
    174 1236
    168 1237
    186 1238
    174 1239
    204 1240
    161 1241
    165 1242
    177 1243
    190 1244
    164 1245
    172 1246
    165 1247
    179 1248
    190 1249
    185 1250
    181 1251
    185 1252
    166 1253
    164 1254
    177 1255
    163 1256
    189 1257
    181 1258
    171 1259
    170 1260
    167 1261
    167 1262
    166 1263
    163 1264
    165 1265
    185 1266
    185 1267
    176 1268
    164 1269
    170 1270
    148 1271
    179 1272
    168 1273
    190 1274
    179 1275
    135 1276
    187 1277
    166 1278
    156 1279
    197 1280
    175 1281
    164 1282
    191 1283
    168 1284
    167 1285
    178 1286
    172 1287
    184 1288
    190 1289
    188 1290
    183 1291
    167 1292
    185 1293
    179 1294
    174 1295
    195 1296
    196 1297
    174 1298
    171 1299
    169 1300
    154 1301
    163 1302
    148 1303
    165 1304
    148 1305
    175 1306
    147 1307
    179 1308
    170 1309
    170 1310
    166 1311
    174 1312
    168 1313
    164 1314
    176 1315
    160 1316
    158 1317
    166 1318
    187 1319
    164 1320
    168 1321
    146 1322
    157 1323
    165 1324
    172 1325
    165 1326
    167 1327
    170 1328
    161 1329
    173 1330
    154 1331
    159 1332
    155 1333
    147 1334
    154 1335
    170 1336
    148 1337
    160 1338
    162 1339
    146 1340
    163 1341
    153 1342
    150 1343
    146 1344
    152 1345
    170 1346
    169 1347
    155 1348
    186 1349
    135 1350
    132 1351
    184 1352
    158 1353
    164 1354
    142 1355
    177 1356
    155 1357
    150 1358
    184 1359
    160 1360
    155 1361
    174 1362
    146 1363
    170 1364
    145 1365
    131 1366
    151 1367
    155 1368
    139 1369
    170 1370
    119 1371
    153 1372
    135 1373
    154 1374
    144 1375
    162 1376
    146 1377
    149 1378
    137 1379
    137 1380
    163 1381
    163 1382
    151 1383
    143 1384
    141 1385
    161 1386
    150 1387
    142 1388
    158 1389
    117 1390
    146 1391
    153 1392
    134 1393
    151 1394
    135 1395
    149 1396
    187 1397
    149 1398
    151 1399
    146 1400
    158 1401
    114 1402
    135 1403
    154 1404
    134 1405
    158 1406
    173 1407
    141 1408
    153 1409
    156 1410
    138 1411
    127 1412
    123 1413
    160 1414
    133 1415
    142 1416
    122 1417
    136 1418
    111 1419
    120 1420
    131 1421
    130 1422
    138 1423
    140 1424
    150 1425
    139 1426
    123 1427
    135 1428
    126 1429
    124 1430
    133 1431
    148 1432
    136 1433
    112 1434
    135 1435
    125 1436
    125 1437
     99 1438
    131 1439
    141 1440
    139 1441
    115 1442
    126 1443
    127 1444
    133 1445
    145 1446
    114 1447
    122 1448
    146 1449
    140 1450
    146 1451
    146 1452
    126 1453
    141 1454
    122 1455
    124 1456
    119 1457
    132 1458
    128 1459
    142 1460
    133 1461
    111 1462
    130 1463
    119 1464
    125 1465
    139 1466
    123 1467
    115 1468
    143 1469
    133 1470
    115 1471
    115 1472
    108 1473
    116 1474
    118 1475
    136 1476
    109 1477
    125 1478
    143 1479
    116 1480
    123 1481
    129 1482
    137 1483
    114 1484
    132 1485
    131 1486
    128 1487
    136 1488
    110 1489
    108 1490
    123 1491
    126 1492
    123 1493
    132 1494
    146 1495
    117 1496
    104 1497
    118 1498
    118 1499
    127 1500
    121 1501
    130 1502
    134 1503
    126 1504
    127 1505
    140 1506
    128 1507
    118 1508
    113 1509
    121 1510
    135 1511
    113 1512
    102 1513
    131 1514
    120 1515
    109 1516
    122 1517
    116 1518
    107 1519
    104 1520
    113 1521
    101 1522
    127 1523
     97 1524
    117 1525
    125 1526
    113 1527
    107 1528
     98 1529
     99 1530
    103 1531
    117 1532
    141 1533
    106 1534
     97 1535
    106 1536
    108 1537
    113 1538
     93 1539
    104 1540
    115 1541
    124 1542
     89 1543
    131 1544
    105 1545
    122 1546
     99 1547
    120 1548
     87 1549
    132 1550
     99 1551
    115 1552
    115 1553
     97 1554
    108 1555
     98 1556
    107 1557
    109 1558
    118 1559
    114 1560
    128 1561
    107 1562
    116 1563
    108 1564
    101 1565
    116 1566
    100 1567
    102 1568
    107 1569
     97 1570
     84 1571
    104 1572
    107 1573
     91 1574
    102 1575
    114 1576
    120 1577
     85 1578
     98 1579
    100 1580
     93 1581
     92 1582
    106 1583
    112 1584
    108 1585
     91 1586
     94 1587
    102 1588
    101 1589
    116 1590
     93 1591
     76 1592
     92 1593
     91 1594
     91 1595
    103 1596
     95 1597
     95 1598
    100 1599
     79 1600
     89 1601
     94 1602
     90 1603
     90 1604
     85 1605
     90 1606
    104 1607
     97 1608
     96 1609
    112 1610
    106 1611
     95 1612
     83 1613
     92 1614
    105 1615
     85 1616
     87 1617
     85 1618
    103 1619
     97 1620
     89 1621
     81 1622
     93 1623
    105 1624
     98 1625
    105 1626
    108 1627
    118 1628
    106 1629
     82 1630
     98 1631
     78 1632
     93 1633
     95 1634
     96 1635
    107 1636
     74 1637
     78 1638
    100 1639
     83 1640
     90 1641
     82 1642
     84 1643
     88 1644
     81 1645
     98 1646
     84 1647
     77 1648
     93 1649
    105 1650
     80 1651
    111 1652
     84 1653
     90 1654
     93 1655
     95 1656
     98 1657
    100 1658
     91 1659
     87 1660
     80 1661
     75 1662
     79 1663
     91 1664
    115 1665
     89 1666
     94 1667
    100 1668
     83 1669
    103 1670
     82 1671
     89 1672
     75 1673
     75 1674
     98 1675
     79 1676
     83 1677
    101 1678
     77 1679
     85 1680
     87 1681
     93 1682
     97 1683
     88 1684
     78 1685
     91 1686
     94 1687
     97 1688
    102 1689
     95 1690
     98 1691
    106 1692
    107 1693
     72 1694
    107 1695
     98 1696
     88 1697
     72 1698
     85 1699
     86 1700
     78 1701
     88 1702
     97 1703
    109 1704
     89 1705
     86 1706
    100 1707
     90 1708
     84 1709
    111 1710
    109 1711
    115 1712
     90 1713
     93 1714
     82 1715
     96 1716
     94 1717
     97 1718
     83 1719
     86 1720
     96 1721
    101 1722
     98 1723
    117 1724
     80 1725
     92 1726
    107 1727
     82 1728
     85 1729
     88 1730
     92 1731
     99 1732
     77 1733
     93 1734
     74 1735
     95 1736
     96 1737
     77 1738
    101 1739
     94 1740
     82 1741
     85 1742
     97 1743
     95 1744
     79 1745
     65 1746
     91 1747
     87 1748
    106 1749
    101 1750
     93 1751
     78 1752
     94 1753
     81 1754
     89 1755
     91 1756
     69 1757
     88 1758
     87 1759
     80 1760
     87 1761
     90 1762
     93 1763
     77 1764
     72 1765
     87 1766
     86 1767
     89 1768
     75 1769
     93 1770
    106 1771
     88 1772
     84 1773
     89 1774
     82 1775
     86 1776
     99 1777
     87 1778
     74 1779
     90 1780
     90 1781
     82 1782
     89 1783
     91 1784
     86 1785
    106 1786
     73 1787
     73 1788
     97 1789
     82 1790
    101 1791
     62 1792
     80 1793
     82 1794
     83 1795
     81 1796
     63 1797
     91 1798
     73 1799
     88 1800
     76 1801
    100 1802
     77 1803
     79 1804
     82 1805
     80 1806
     80 1807
     90 1808
     90 1809
     86 1810
     71 1811
     81 1812
     73 1813
     88 1814
     72 1815
     73 1816
     88 1817
     85 1818
     70 1819
     79 1820
     82 1821
     78 1822
    100 1823
     79 1824
     61 1825
     74 1826
     73 1827
     73 1828
     74 1829
     79 1830
     72 1831
     77 1832
     75 1833
     88 1834
     87 1835
     69 1836
     68 1837
     90 1838
     75 1839
     64 1840
     80 1841
     82 1842
     68 1843
     73 1844
     81 1845
     73 1846
     87 1847
     62 1848
     79 1849
     90 1850
     78 1851
     83 1852
     74 1853
     61 1854
     77 1855
     66 1856
     62 1857
     78 1858
     49 1859
     66 1860
     86 1861
     77 1862
     60 1863
     62 1864
     75 1865
     70 1866
     64 1867
     83 1868
     71 1869
     75 1870
     88 1871
     79 1872
     62 1873
     75 1874
     67 1875
     72 1876
     65 1877
     67 1878
     90 1879
     73 1880
     67 1881
     67 1882
     59 1883
     75 1884
     67 1885
     78 1886
     84 1887
     68 1888
     90 1889
     69 1890
     67 1891
     78 1892
     79 1893
     68 1894
     76 1895
     69 1896
     65 1897
     63 1898
     76 1899
     62 1900
     56 1901
     69 1902
     55 1903
     59 1904
     60 1905
     72 1906
     57 1907
     73 1908
     64 1909
     77 1910
     62 1911
     60 1912
     58 1913
     78 1914
     75 1915
     65 1916
     60 1917
     69 1918
     65 1919
     65 1920
     65 1921
     53 1922
     59 1923
     62 1924
     63 1925
     63 1926
     82 1927
     73 1928
     65 1929
     58 1930
     60 1931
     68 1932
     49 1933
     78 1934
     65 1935
     60 1936
     62 1937
     71 1938
     64 1939
     64 1940
     63 1941
     64 1942
     68 1943
     51 1944
     74 1945
     70 1946
     71 1947
     67 1948
     66 1949
     62 1950
     71 1951
     72 1952
     67 1953
     76 1954
     71 1955
     72 1956
     61 1957
     71 1958
     82 1959
     75 1960
     66 1961
     70 1962
     67 1963
     73 1964
     71 1965
     67 1966
     82 1967
     63 1968
     68 1969
     69 1970
     60 1971
     75 1972
     58 1973
     74 1974
     71 1975
     67 1976
     71 1977
     89 1978
     72 1979
     63 1980
     76 1981
     63 1982
     82 1983
     69 1984
     56 1985
     72 1986
     92 1987
     72 1988
     55 1989
     66 1990
     65 1991
     81 1992
     70 1993
     55 1994
     63 1995
     65 1996
     61 1997
     63 1998
     70 1999
     68 2000
     63 2001
     65 2002
     70 2003
     78 2004
     78 2005
     63 2006
     59 2007
     68 2008
     55 2009
     66 2010
     80 2011
     61 2012
     75 2013
     46 2014
     72 2015
     55 2016
     65 2017
     63 2018
     62 2019
     58 2020
     47 2021
     57 2022
     59 2023
     55 2024
     62 2025
     61 2026
     58 2027
     69 2028
     57 2029
     77 2030
     68 2031
     54 2032
     74 2033
     71 2034
     70 2035
     72 2036
     70 2037
     51 2038
     53 2039
     63 2040
     64 2041
     58 2042
     65 2043
     53 2044
     57 2045
     66 2046
     59 2047
     79 2048
     62 2049
     56 2050
     63 2051
     56 2052
     59 2053
     68 2054
     59 2055
     71 2056
     51 2057
     51 2058
     47 2059
     48 2060
     53 2061
     53 2062
     61 2063
     49 2064
     61 2065
     50 2066
     64 2067
     57 2068
     58 2069
     60 2070
     58 2071
     54 2072
     46 2073
     66 2074
     50 2075
     63 2076
     54 2077
     59 2078
     69 2079
     59 2080
     58 2081
     63 2082
     64 2083
     55 2084
     52 2085
     52 2086
     58 2087
     46 2088
     54 2089
     49 2090
     64 2091
     45 2092
     69 2093
     57 2094
     53 2095
     65 2096
     54 2097
     60 2098
     56 2099
     50 2100
     59 2101
     51 2102
     64 2103
     53 2104
     43 2105
     64 2106
     38 2107
     56 2108
     46 2109
     62 2110
     47 2111
     48 2112
     61 2113
     55 2114
     54 2115
     53 2116
     45 2117
     50 2118
     42 2119
     65 2120
     52 2121
     49 2122
     39 2123
     51 2124
     55 2125
     52 2126
     55 2127
     45 2128
     53 2129
     47 2130
     56 2131
     53 2132
     35 2133
     60 2134
     53 2135
     51 2136
     47 2137
     55 2138
     52 2139
     52 2140
     64 2141
     68 2142
     47 2143
     57 2144
     58 2145
     39 2146
     53 2147
     50 2148
     42 2149
     49 2150
     55 2151
     62 2152
     60 2153
     56 2154
     50 2155
     54 2156
     45 2157
     63 2158
     64 2159
     62 2160
     49 2161
     56 2162
     67 2163
     61 2164
     49 2165
     61 2166
     61 2167
     50 2168
     48 2169
     43 2170
     54 2171
     54 2172
     59 2173
     47 2174
     67 2175
     60 2176
     53 2177
     60 2178
     46 2179
     66 2180
     57 2181
     54 2182
     48 2183
     58 2184
     43 2185
     44 2186
     61 2187
     52 2188
     58 2189
     49 2190
     44 2191
     61 2192
     56 2193
     44 2194
     64 2195
     71 2196
     44 2197
     53 2198
     58 2199
     64 2200
     56 2201
     62 2202
     66 2203
     58 2204
     45 2205
     67 2206
     58 2207
     61 2208
     59 2209
     44 2210
     52 2211
     55 2212
     53 2213
     64 2214
     50 2215
     49 2216
     49 2217
     65 2218
     54 2219
     76 2220
     56 2221
     52 2222
     60 2223
     57 2224
     61 2225
     55 2226
     52 2227
     48 2228
     51 2229
     47 2230
     59 2231
     47 2232
     58 2233
     53 2234
     56 2235
     55 2236
     44 2237
     79 2238
     62 2239
     61 2240
     53 2241
     61 2242
     48 2243
     56 2244
     67 2245
     53 2246
     57 2247
     56 2248
     61 2249
     55 2250
     50 2251
     62 2252
     61 2253
     48 2254
     63 2255
     63 2256
     49 2257
     57 2258
     58 2259
     49 2260
     52 2261
     52 2262
     44 2263
     59 2264
     54 2265
     64 2266
     58 2267
     56 2268
     61 2269
     50 2270
     55 2271
     57 2272
     53 2273
     52 2274
     74 2275
     59 2276
     48 2277
     64 2278
     55 2279
     53 2280
     51 2281
     60 2282
     59 2283
     39 2284
     59 2285
     55 2286
     61 2287
     35 2288
     53 2289
     52 2290
     54 2291
     57 2292
     67 2293
     60 2294
     58 2295
     47 2296
     58 2297
     54 2298
     50 2299
     61 2300
     65 2301
     43 2302
     54 2303
     53 2304
     75 2305
     41 2306
     48 2307
     56 2308
     68 2309
     50 2310
     44 2311
     61 2312
     57 2313
     54 2314
     48 2315
     53 2316
     56 2317
     51 2318
     60 2319
     54 2320
     53 2321
     59 2322
     44 2323
     59 2324
     62 2325
     52 2326
     62 2327
     49 2328
     48 2329
     44 2330
     49 2331
     45 2332
     56 2333
     48 2334
     45 2335
     74 2336
     48 2337
     51 2338
     45 2339
     52 2340
     61 2341
     55 2342
     43 2343
     51 2344
     49 2345
     39 2346
     46 2347
     67 2348
     50 2349
     71 2350
     46 2351
     45 2352
     41 2353
     52 2354
     46 2355
     51 2356
     50 2357
     49 2358
     43 2359
     57 2360
     47 2361
     47 2362
     59 2363
     60 2364
     53 2365
     53 2366
     43 2367
     41 2368
     56 2369
     57 2370
     57 2371
     50 2372
     53 2373
     56 2374
     56 2375
     55 2376
     65 2377
     43 2378
     48 2379
     49 2380
     59 2381
     50 2382
     46 2383
     42 2384
     51 2385
     63 2386
     49 2387
     49 2388
     49 2389
     54 2390
     66 2391
     47 2392
     41 2393
     46 2394
     50 2395
     50 2396
     40 2397
     49 2398
     53 2399
     59 2400
     63 2401
     58 2402
     56 2403
     43 2404
     42 2405
     62 2406
     58 2407
     48 2408
     55 2409
     46 2410
     59 2411
     55 2412
     44 2413
     48 2414
     54 2415
     48 2416
     55 2417
     56 2418
     60 2419
     43 2420
     53 2421
     43 2422
     49 2423
     60 2424
     60 2425
     45 2426
     53 2427
     48 2428
     63 2429
     41 2430
     66 2431
     64 2432
     49 2433
     62 2434
     58 2435
     55 2436
     45 2437
     61 2438
     71 2439
     52 2440
     54 2441
     61 2442
     59 2443
     57 2444
     55 2445
     72 2446
     57 2447
     62 2448
     48 2449
     61 2450
     53 2451
     54 2452
     75 2453
     57 2454
     56 2455
     67 2456
     52 2457
     46 2458
     66 2459
     50 2460
     50 2461
     53 2462
     72 2463
     67 2464
     63 2465
     64 2466
     55 2467
     63 2468
     67 2469
     54 2470
     60 2471
     47 2472
     70 2473
     70 2474
     58 2475
     50 2476
     45 2477
     62 2478
     59 2479
     62 2480
     60 2481
     52 2482
     48 2483
     55 2484
     47 2485
     56 2486
     61 2487
     46 2488
     52 2489
     51 2490
     64 2491
     60 2492
     67 2493
     61 2494
     62 2495
     51 2496
     63 2497
     49 2498
     52 2499
     63 2500
     50 2501
     66 2502
     49 2503
     45 2504
     58 2505
     63 2506
     67 2507
     51 2508
     50 2509
     48 2510
     52 2511
     53 2512
     55 2513
     55 2514
     46 2515
     66 2516
     56 2517
     51 2518
     46 2519
     55 2520
     53 2521
     33 2522
     50 2523
     43 2524
     64 2525
     62 2526
     47 2527
     51 2528
     58 2529
     52 2530
     62 2531
     48 2532
     45 2533
     61 2534
     57 2535
     61 2536
     50 2537
     54 2538
     45 2539
     56 2540
     49 2541
     49 2542
     53 2543
     57 2544
     56 2545
     48 2546
     59 2547
     55 2548
     48 2549
     44 2550
     44 2551
     61 2552
     58 2553
     55 2554
     46 2555
     51 2556
     48 2557
     56 2558
     59 2559
     44 2560
     51 2561
     59 2562
     54 2563
     59 2564
     58 2565
     46 2566
     52 2567
     62 2568
     52 2569
     41 2570
     62 2571
     48 2572
     56 2573
     44 2574
     57 2575
     58 2576
     39 2577
     54 2578
     46 2579
     52 2580
     47 2581
     51 2582
     69 2583
     45 2584
     49 2585
     50 2586
     51 2587
     52 2588
     53 2589
     41 2590
     50 2591
     41 2592
     55 2593
     57 2594
     48 2595
     44 2596
     43 2597
     43 2598
     46 2599
     60 2600
     47 2601
     50 2602
     57 2603
     46 2604
     52 2605
     47 2606
     49 2607
     51 2608
     46 2609
     50 2610
     47 2611
     49 2612
     52 2613
     51 2614
     52 2615
     51 2616
     45 2617
     43 2618
     48 2619
     57 2620
     51 2621
     50 2622
     44 2623
     47 2624
     50 2625
     55 2626
     37 2627
     50 2628
     41 2629
     51 2630
     45 2631
     40 2632
     47 2633
     43 2634
     54 2635
     55 2636
     49 2637
     56 2638
     42 2639
     56 2640
     47 2641
     56 2642
     70 2643
     34 2644
     53 2645
     41 2646
     53 2647
     49 2648
     66 2649
     45 2650
     59 2651
     58 2652
     42 2653
     66 2654
     67 2655
     63 2656
     55 2657
     55 2658
     54 2659
     52 2660
     56 2661
     47 2662
     53 2663
     58 2664
     45 2665
     46 2666
     47 2667
     48 2668
     53 2669
     53 2670
     58 2671
     41 2672
     59 2673
     37 2674
     45 2675
     57 2676
     51 2677
     51 2678
     46 2679
     53 2680
     53 2681
     55 2682
     43 2683
     52 2684
     56 2685
     54 2686
     47 2687
     45 2688
     52 2689
     39 2690
     65 2691
     58 2692
     49 2693
     54 2694
     57 2695
     41 2696
     51 2697
     49 2698
     45 2699
     45 2700
     44 2701
     62 2702
     62 2703
     65 2704
     69 2705
     54 2706
     51 2707
     50 2708
     62 2709
     49 2710
     50 2711
     58 2712
     49 2713
     50 2714
     67 2715
     59 2716
     50 2717
     64 2718
     54 2719
     61 2720
     74 2721
     57 2722
     58 2723
     51 2724
     65 2725
     42 2726
     52 2727
     58 2728
     50 2729
     56 2730
     56 2731
     53 2732
     56 2733
     54 2734
     51 2735
     50 2736
     49 2737
     48 2738
     63 2739
     52 2740
     57 2741
     63 2742
     48 2743
     49 2744
     56 2745
     47 2746
     46 2747
     50 2748
     70 2749
     60 2750
     52 2751
     43 2752
     63 2753
     59 2754
     55 2755
     46 2756
     50 2757
     55 2758
     52 2759
     45 2760
     34 2761
     65 2762
     63 2763
     50 2764
     41 2765
     53 2766
     69 2767
     51 2768
     59 2769
     50 2770
     55 2771
     51 2772
     59 2773
     43 2774
     44 2775
     58 2776
     57 2777
     52 2778
     53 2779
     55 2780
     57 2781
     55 2782
     66 2783
     52 2784
     48 2785
     47 2786
     58 2787
     53 2788
     50 2789
     49 2790
     57 2791
     48 2792
     70 2793
     65 2794
     60 2795
     69 2796
     48 2797
     50 2798
     57 2799
     68 2800
     50 2801
     51 2802
     61 2803
     51 2804
     52 2805
     50 2806
     51 2807
     40 2808
     55 2809
     54 2810
     51 2811
     49 2812
     63 2813
     52 2814
     60 2815
     57 2816
     62 2817
     53 2818
     71 2819
     51 2820
     56 2821
     55 2822
     71 2823
     51 2824
     46 2825
     55 2826
     54 2827
     56 2828
     54 2829
     48 2830
     47 2831
     50 2832
     50 2833
     72 2834
     49 2835
     70 2836
     53 2837
     66 2838
     47 2839
     59 2840
     56 2841
     70 2842
     47 2843
     65 2844
     54 2845
     57 2846
     57 2847
     49 2848
     51 2849
     51 2850
     48 2851
     47 2852
     57 2853
     65 2854
     61 2855
     59 2856
     66 2857
     55 2858
     61 2859
     66 2860
     63 2861
     52 2862
     63 2863
     64 2864
     51 2865
     53 2866
     69 2867
     38 2868
     44 2869
     42 2870
     51 2871
     33 2872
     49 2873
     45 2874
     50 2875
     62 2876
     56 2877
     49 2878
     44 2879
     41 2880
     56 2881
     45 2882
     61 2883
     50 2884
     53 2885
     40 2886
     51 2887
     52 2888
     51 2889
     57 2890
     36 2891
     53 2892
     43 2893
     52 2894
     48 2895
     50 2896
     49 2897
     46 2898
     46 2899
     53 2900
     57 2901
     52 2902
     53 2903
     46 2904
     60 2905
     56 2906
     51 2907
     47 2908
     60 2909
     44 2910
     45 2911
     40 2912
     45 2913
     56 2914
     62 2915
     51 2916
     51 2917
     55 2918
     49 2919
     54 2920
     36 2921
     44 2922
     49 2923
     66 2924
     48 2925
     47 2926
     49 2927
     34 2928
     57 2929
     79 2930
     51 2931
     52 2932
     57 2933
     52 2934
     56 2935
     59 2936
     42 2937
     53 2938
     50 2939
     43 2940
     46 2941
     66 2942
     59 2943
     64 2944
     47 2945
     47 2946
     66 2947
     53 2948
     74 2949
     53 2950
     51 2951
     48 2952
     69 2953
     58 2954
     54 2955
     47 2956
     52 2957
     58 2958
     56 2959
     66 2960
     36 2961
     49 2962
     50 2963
     58 2964
     50 2965
     63 2966
     39 2967
     54 2968
     40 2969
     60 2970
     53 2971
     34 2972
     47 2973
     37 2974
     40 2975
     50 2976
     44 2977
     46 2978
     48 2979
     46 2980
     40 2981
     42 2982
     43 2983
     49 2984
     50 2985
     44 2986
     39 2987
     41 2988
     48 2989
     53 2990
     46 2991
     39 2992
     42 2993
     59 2994
     50 2995
     41 2996
     31 2997
     34 2998
     39 2999
     42 3000
     56 3001
     43 3002
     43 3003
     39 3004
     48 3005
     38 3006
     45 3007
     41 3008
     37 3009
     46 3010
     41 3011
     35 3012
     50 3013
     50 3014
     40 3015
     45 3016
     51 3017
     36 3018
     46 3019
     51 3020
     57 3021
     39 3022
     46 3023
     53 3024
     48 3025
     41 3026
     37 3027
     46 3028
     51 3029
     50 3030
     45 3031
     45 3032
     40 3033
     42 3034
     45 3035
     49 3036
     57 3037
     41 3038
     48 3039
     36 3040
     37 3041
     33 3042
     49 3043
     40 3044
     46 3045
     34 3046
     35 3047
     37 3048
     34 3049
     43 3050
     51 3051
     48 3052
     36 3053
     45 3054
     42 3055
     40 3056
     36 3057
     59 3058
     49 3059
     38 3060
     66 3061
     35 3062
     58 3063
     32 3064
     52 3065
     40 3066
     40 3067
     43 3068
     44 3069
     47 3070
     46 3071
     50 3072
     34 3073
     45 3074
     40 3075
     44 3076
     41 3077
     35 3078
     43 3079
     48 3080
     38 3081
     47 3082
     48 3083
     43 3084
     48 3085
     31 3086
     37 3087
     52 3088
     41 3089
     40 3090
     47 3091
     49 3092
     47 3093
     37 3094
     31 3095
     43 3096
     40 3097
     49 3098
     42 3099
     42 3100
     33 3101
     31 3102
     35 3103
     38 3104
     38 3105
     50 3106
     45 3107
     42 3108
     48 3109
     39 3110
     48 3111
     37 3112
     45 3113
     42 3114
     35 3115
     41 3116
     38 3117
     43 3118
     38 3119
     39 3120
     35 3121
     32 3122
     45 3123
     41 3124
     31 3125
     42 3126
     34 3127
     33 3128
     46 3129
     37 3130
     42 3131
     31 3132
     37 3133
     43 3134
     29 3135
     34 3136
     47 3137
     33 3138
     33 3139
     37 3140
     40 3141
     38 3142
     36 3143
     48 3144
     43 3145
     38 3146
     42 3147
     35 3148
     45 3149
     35 3150
     36 3151
     44 3152
     38 3153
     37 3154
     36 3155
     35 3156
     45 3157
     42 3158
     35 3159
     44 3160
     38 3161
     35 3162
     42 3163
     43 3164
     32 3165
     42 3166
     38 3167
     33 3168
     34 3169
     42 3170
     34 3171
     37 3172
     33 3173
     29 3174
     41 3175
     34 3176
     32 3177
     33 3178
     41 3179
     41 3180
     52 3181
     31 3182
     38 3183
     39 3184
     46 3185
     46 3186
     35 3187
     48 3188
     50 3189
     33 3190
     42 3191
     26 3192
     42 3193
     35 3194
     40 3195
     33 3196
     33 3197
     45 3198
     41 3199
     41 3200
     43 3201
     44 3202
     33 3203
     37 3204
     40 3205
     45 3206
     45 3207
     42 3208
     36 3209
     43 3210
     34 3211
     51 3212
     30 3213
     29 3214
     33 3215
     39 3216
     38 3217
     47 3218
     49 3219
     29 3220
     35 3221
     33 3222
     41 3223
     36 3224
     32 3225
     47 3226
     37 3227
     35 3228
     40 3229
     49 3230
     26 3231
     44 3232
     36 3233
     34 3234
     45 3235
     45 3236
     41 3237
     33 3238
     33 3239
     26 3240
     41 3241
     30 3242
     21 3243
     43 3244
     38 3245
     33 3246
     49 3247
     38 3248
     34 3249
     28 3250
     30 3251
     36 3252
     34 3253
     31 3254
     38 3255
     27 3256
     43 3257
     39 3258
     36 3259
     47 3260
     33 3261
     36 3262
     35 3263
     28 3264
     33 3265
     33 3266
     27 3267
     37 3268
     31 3269
     31 3270
     27 3271
     37 3272
     27 3273
     28 3274
     32 3275
     34 3276
     36 3277
     42 3278
     26 3279
     32 3280
     33 3281
     27 3282
     32 3283
     43 3284
     26 3285
     30 3286
     27 3287
     27 3288
     22 3289
     24 3290
     25 3291
     36 3292
     29 3293
     30 3294
     37 3295
     39 3296
     23 3297
     23 3298
     30 3299
     24 3300
     34 3301
     26 3302
     26 3303
     35 3304
     24 3305
     27 3306
     31 3307
     23 3308
     15 3309
     48 3310
     30 3311
     27 3312
     37 3313
     32 3314
     32 3315
     26 3316
     24 3317
     23 3318
     32 3319
     33 3320
     23 3321
     34 3322
     24 3323
     38 3324
     32 3325
     18 3326
     32 3327
     21 3328
     17 3329
     30 3330
     22 3331
     23 3332
     28 3333
     37 3334
     33 3335
     29 3336
     27 3337
     21 3338
     23 3339
     30 3340
     17 3341
     25 3342
     34 3343
     27 3344
     17 3345
     22 3346
     21 3347
     30 3348
     27 3349
     32 3350
     27 3351
     28 3352
     32 3353
     22 3354
     35 3355
     23 3356
     32 3357
     25 3358
     38 3359
     26 3360
     30 3361
     28 3362
     27 3363
     27 3364
     30 3365
     28 3366
     33 3367
     23 3368
     23 3369
     31 3370
     24 3371
     22 3372
     28 3373
     23 3374
     23 3375
     18 3376
     27 3377
     31 3378
     32 3379
     22 3380
     18 3381
     32 3382
     24 3383
     23 3384
     24 3385
     22 3386
     20 3387
     32 3388
     22 3389
     24 3390
     30 3391
     16 3392
     20 3393
     28 3394
     24 3395
     19 3396
     33 3397
     28 3398
     21 3399
     24 3400
     24 3401
     27 3402
     29 3403
     18 3404
     18 3405
     19 3406
     22 3407
     17 3408
     19 3409
     22 3410
     24 3411
     28 3412
     23 3413
     22 3414
     23 3415
     27 3416
     24 3417
     24 3418
     14 3419
     16 3420
     30 3421
     25 3422
     27 3423
     19 3424
     25 3425
     25 3426
     17 3427
     25 3428
     22 3429
     20 3430
     29 3431
     20 3432
     18 3433
     36 3434
     25 3435
     24 3436
     22 3437
     19 3438
     28 3439
     17 3440
     25 3441
     10 3442
     26 3443
     23 3444
     25 3445
     21 3446
     24 3447
     23 3448
     22 3449
     23 3450
     19 3451
     29 3452
     19 3453
     27 3454
     15 3455
     30 3456
     30 3457
     26 3458
     16 3459
     25 3460
     21 3461
     15 3462
     17 3463
     22 3464
     22 3465
     24 3466
     22 3467
     16 3468
     25 3469
     21 3470
     20 3471
     15 3472
     28 3473
     26 3474
     28 3475
     27 3476
     21 3477
     22 3478
     17 3479
     21 3480
     27 3481
     25 3482
     16 3483
     18 3484
     16 3485
     22 3486
     15 3487
     23 3488
     24 3489
     15 3490
     23 3491
     20 3492
     18 3493
     21 3494
     30 3495
     18 3496
     27 3497
     30 3498
     19 3499
     23 3500
     10 3501
     21 3502
     24 3503
     22 3504
     25 3505
     17 3506
     14 3507
     24 3508
     27 3509
     18 3510
     20 3511
     23 3512
     14 3513
     21 3514
     12 3515
     23 3516
     14 3517
     19 3518
     26 3519
     14 3520
     19 3521
     24 3522
     21 3523
     16 3524
     15 3525
     16 3526
     21 3527
     17 3528
     17 3529
     22 3530
     24 3531
     24 3532
     28 3533
     14 3534
     16 3535
     20 3536
     15 3537
     24 3538
     16 3539
     22 3540
     15 3541
     16 3542
     19 3543
     22 3544
     12 3545
     14 3546
     24 3547
     15 3548
     23 3549
     20 3550
     26 3551
     13 3552
     14 3553
     18 3554
     19 3555
     21 3556
     20 3557
     14 3558
     17 3559
     29 3560
     27 3561
     18 3562
     19 3563
     15 3564
     20 3565
     23 3566
     31 3567
     17 3568
     25 3569
     13 3570
     18 3571
     20 3572
     23 3573
     21 3574
     21 3575
     22 3576
     17 3577
     17 3578
     20 3579
     16 3580
     22 3581
     30 3582
     22 3583
     28 3584
     26 3585
     19 3586
     26 3587
     16 3588
     26 3589
     19 3590
     17 3591
     13 3592
     15 3593
     17 3594
     13 3595
     18 3596
     15 3597
     18 3598
     23 3599
     18 3600
     19 3601
     25 3602
     25 3603
     21 3604
     20 3605
     17 3606
     22 3607
     16 3608
     18 3609
     16 3610
     24 3611
     15 3612
     22 3613
     17 3614
     18 3615
     23 3616
     21 3617
     22 3618
     16 3619
     13 3620
     24 3621
     16 3622
     23 3623
     15 3624
     21 3625
     25 3626
     16 3627
     17 3628
     22 3629
     20 3630
     14 3631
     25 3632
     18 3633
     16 3634
     20 3635
     12 3636
     13 3637
     20 3638
     17 3639
     15 3640
     19 3641
     17 3642
     19 3643
     17 3644
     26 3645
     12 3646
     22 3647
     24 3648
     14 3649
     15 3650
     24 3651
     23 3652
     18 3653
     15 3654
     20 3655
     14 3656
     17 3657
     19 3658
     29 3659
     22 3660
     17 3661
     22 3662
     29 3663
     16 3664
     21 3665
     25 3666
     12 3667
     19 3668
     20 3669
     19 3670
     28 3671
     15 3672
     14 3673
     15 3674
     24 3675
     16 3676
     15 3677
     14 3678
     13 3679
     16 3680
     18 3681
     20 3682
     21 3683
     17 3684
     18 3685
     32 3686
     21 3687
     13 3688
     16 3689
     28 3690
      9 3691
     21 3692
     14 3693
     17 3694
     20 3695
     21 3696
     16 3697
     10 3698
     23 3699
     16 3700
     21 3701
     21 3702
     21 3703
     17 3704
     19 3705
     17 3706
     14 3707
     20 3708
     21 3709
     18 3710
     16 3711
     16 3712
     21 3713
     12 3714
     13 3715
     12 3716
     12 3717
     16 3718
     10 3719
     16 3720
     18 3721
     17 3722
     21 3723
     16 3724
     18 3725
     23 3726
     23 3727
     19 3728
     14 3729
     17 3730
      8 3731
     19 3732
     19 3733
     17 3734
     14 3735
     19 3736
     20 3737
     11 3738
     16 3739
     20 3740
     12 3741
     12 3742
     13 3743
     22 3744
     19 3745
     16 3746
     21 3747
      9 3748
     19 3749
     16 3750
     19 3751
     10 3752
     19 3753
     19 3754
     13 3755
      9 3756
     16 3757
     16 3758
     11 3759
     13 3760
     18 3761
     18 3762
     18 3763
     19 3764
     14 3765
     12 3766
     16 3767
     17 3768
     19 3769
     21 3770
     20 3771
     17 3772
     21 3773
     13 3774
     14 3775
     18 3776
     15 3777
     18 3778
     24 3779
     23 3780
     17 3781
     17 3782
     20 3783
     14 3784
     14 3785
     15 3786
     13 3787
     15 3788
     14 3789
     20 3790
     12 3791
     13 3792
     12 3793
     20 3794
     15 3795
     16 3796
     18 3797
     15 3798
     12 3799
     11 3800
     14 3801
     14 3802
     21 3803
     15 3804
     16 3805
     17 3806
     12 3807
     14 3808
     17 3809
     14 3810
     13 3811
     16 3812
     19 3813
     15 3814
     22 3815
     12 3816
     14 3817
      8 3818
     16 3819
     18 3820
     10 3821
     13 3822
     24 3823
     13 3824
     14 3825
      8 3826
     11 3827
     18 3828
     10 3829
     10 3830
     21 3831
     16 3832
     12 3833
     12 3834
     15 3835
     17 3836
     17 3837
     12 3838
     19 3839
     16 3840
     19 3841
     22 3842
      8 3843
     13 3844
     13 3845
     10 3846
     24 3847
     17 3848
     23 3849
     13 3850
     22 3851
     11 3852
     12 3853
     14 3854
     13 3855
     16 3856
     17 3857
     13 3858
     16 3859
     14 3860
     16 3861
     18 3862
     14 3863
     15 3864
     10 3865
     16 3866
     13 3867
     23 3868
     15 3869
     21 3870
     15 3871
     13 3872
     18 3873
     13 3874
     13 3875
     14 3876
     10 3877
     18 3878
     26 3879
     11 3880
     11 3881
      9 3882
     14 3883
     19 3884
     14 3885
     20 3886
     19 3887
     16 3888
     13 3889
     23 3890
     15 3891
     20 3892
     14 3893
     13 3894
     14 3895
     12 3896
     18 3897
     11 3898
     22 3899
     20 3900
     12 3901
     14 3902
      8 3903
     15 3904
     17 3905
     18 3906
     18 3907
     17 3908
     11 3909
     11 3910
     16 3911
     11 3912
     10 3913
     14 3914
     11 3915
     11 3916
     14 3917
      9 3918
     12 3919
      8 3920
     12 3921
     13 3922
     19 3923
     16 3924
     14 3925
     19 3926
     20 3927
     16 3928
     15 3929
     13 3930
     15 3931
     16 3932
     12 3933
     17 3934
     15 3935
      6 3936
     20 3937
     15 3938
     16 3939
     21 3940
     14 3941
     16 3942
     12 3943
     10 3944
      7 3945
     18 3946
     11 3947
     15 3948
     12 3949
     22 3950
     13 3951
     12 3952
     11 3953
     12 3954
     11 3955
      7 3956
     14 3957
     15 3958
      8 3959
     16 3960
     16 3961
      8 3962
     18 3963
     18 3964
     15 3965
     14 3966
     10 3967
     14 3968
     16 3969
     18 3970
     13 3971
     12 3972
     16 3973
     11 3974
     14 3975
     17 3976
     12 3977
     12 3978
     17 3979
     19 3980
     20 3981
     10 3982
     12 3983
     15 3984
     12 3985
     15 3986
     12 3987
     11 3988
     20 3989
     12 3990
     17 3991
     11 3992
     10 3993
     14 3994
     13 3995
     15 3996
     11 3997
     10 3998
     16 3999
     13 4000
     25 4001
     16 4002
      8 4003
     14 4004
      9 4005
     16 4006
     14 4007
     13 4008
     13 4009
     10 4010
      5 4011
      9 4012
     12 4013
     21 4014
     18 4015
      8 4016
     11 4017
     12 4018
     15 4019
     11 4020
     10 4021
     19 4022
     13 4023
     12 4024
      8 4025
     11 4026
     18 4027
     11 4028
     15 4029
     13 4030
     11 4031
     19 4032
     18 4033
      9 4034
     15 4035
     12 4036
     13 4037
     12 4038
     11 4039
     18 4040
     19 4041
      7 4042
     11 4043
      7 4044
     15 4045
     13 4046
     19 4047
      9 4048
     14 4049
     17 4050
     20 4051
     11 4052
     16 4053
     13 4054
     12 4055
     15 4056
     16 4057
     16 4058
     20 4059
     12 4060
     14 4061
      9 4062
     11 4063
     14 4064
     22 4065
      9 4066
      8 4067
     15 4068
     15 4069
     17 4070
     13 4071
      9 4072
     14 4073
     10 4074
     14 4075
     13 4076
      9 4077
     10 4078
     10 4079
     16 4080
     17 4081
     18 4082
     15 4083
     13 4084
     15 4085
     14 4086
     12 4087
      5 4088
     25 4089
     16 4090
     16 4091
     17 4092
     16 4093
     13 4094
      9 4095
     22 4096
     18 4097
     22 4098
     11 4099
     12 4100
     11 4101
     14 4102
     19 4103
     12 4104
     11 4105
      8 4106
     18 4107
     14 4108
     12 4109
     13 4110
     23 4111
     11 4112
     13 4113
     12 4114
     18 4115
     14 4116
     14 4117
     18 4118
     12 4119
     17 4120
     13 4121
     17 4122
     13 4123
      7 4124
     11 4125
     12 4126
     10 4127
     17 4128
     14 4129
     16 4130
     18 4131
      7 4132
     18 4133
     11 4134
     17 4135
     12 4136
     17 4137
     20 4138
     16 4139
     15 4140
     22 4141
     16 4142
      9 4143
     16 4144
     13 4145
     11 4146
     20 4147
     20 4148
     17 4149
     15 4150
     12 4151
     10 4152
     13 4153
      9 4154
     18 4155
     23 4156
     14 4157
     12 4158
     20 4159
     13 4160
     16 4161
     19 4162
     14 4163
     12 4164
     13 4165
     20 4166
     19 4167
     17 4168
     14 4169
     18 4170
     11 4171
     13 4172
     22 4173
     17 4174
     14 4175
     14 4176
     11 4177
     15 4178
     11 4179
     14 4180
     13 4181
     14 4182
     15 4183
     13 4184
     16 4185
     14 4186
     11 4187
     18 4188
     17 4189
     18 4190
     12 4191
      8 4192
      5 4193
     11 4194
      9 4195
     12 4196
     14 4197
     17 4198
     17 4199
     10 4200
     10 4201
     13 4202
     11 4203
     17 4204
     15 4205
     10 4206
     20 4207
     16 4208
     19 4209
     11 4210
     12 4211
      6 4212
     13 4213
      9 4214
     15 4215
      9 4216
     15 4217
     11 4218
      7 4219
     13 4220
      9 4221
     12 4222
     14 4223
     16 4224
     12 4225
     10 4226
     11 4227
     13 4228
      8 4229
     21 4230
     13 4231
     12 4232
     15 4233
     10 4234
     10 4235
      6 4236
     23 4237
     12 4238
     10 4239
     12 4240
     20 4241
     13 4242
      8 4243
     11 4244
     12 4245
     11 4246
     18 4247
     13 4248
     13 4249
     11 4250
     13 4251
     13 4252
      9 4253
     13 4254
     14 4255
     15 4256
     17 4257
     15 4258
      9 4259
     11 4260
     11 4261
     11 4262
     14 4263
     17 4264
     13 4265
     18 4266
     10 4267
     18 4268
     12 4269
     10 4270
      8 4271
     10 4272
     11 4273
     14 4274
     11 4275
     13 4276
     10 4277
     11 4278
     18 4279
      7 4280
     10 4281
     12 4282
     17 4283
     16 4284
     16 4285
     12 4286
      8 4287
     10 4288
     18 4289
     14 4290
     18 4291
     15 4292
     10 4293
     19 4294
     11 4295
     14 4296
     15 4297
      7 4298
     12 4299
     14 4300
      8 4301
      8 4302
     14 4303
     10 4304
     10 4305
     11 4306
      7 4307
     10 4308
     17 4309
      8 4310
     13 4311
     15 4312
      9 4313
      8 4314
      8 4315
     12 4316
     11 4317
     18 4318
     14 4319
      9 4320
     12 4321
     18 4322
     10 4323
      6 4324
     14 4325
      7 4326
      6 4327
      6 4328
      9 4329
     11 4330
     11 4331
      7 4332
      7 4333
      8 4334
     14 4335
     11 4336
      6 4337
      9 4338
     23 4339
      9 4340
     12 4341
     11 4342
      4 4343
     11 4344
     11 4345
     16 4346
     12 4347
     12 4348
     13 4349
     14 4350
     12 4351
      8 4352
     12 4353
     11 4354
      6 4355
      6 4356
      7 4357
     12 4358
      8 4359
     10 4360
      8 4361
     12 4362
      8 4363
     18 4364
     12 4365
     12 4366
     16 4367
     15 4368
      7 4369
     10 4370
     15 4371
     12 4372
     13 4373
     12 4374
      7 4375
     14 4376
      8 4377
     11 4378
     13 4379
     14 4380
      6 4381
      8 4382
     13 4383
     20 4384
     19 4385
     13 4386
     19 4387
      9 4388
      6 4389
     11 4390
     15 4391
     10 4392
     15 4393
      8 4394
     15 4395
     13 4396
     11 4397
     15 4398
      8 4399
     12 4400
      7 4401
      7 4402
     14 4403
      9 4404
      8 4405
     15 4406
      9 4407
     13 4408
     13 4409
      8 4410
      9 4411
     11 4412
     11 4413
     10 4414
     11 4415
      9 4416
     12 4417
      7 4418
      8 4419
     11 4420
     11 4421
     10 4422
     13 4423
     13 4424
     11 4425
      9 4426
      7 4427
      7 4428
     11 4429
     11 4430
     10 4431
     12 4432
     17 4433
      8 4434
     18 4435
     16 4436
     10 4437
     12 4438
     15 4439
      9 4440
      6 4441
     10 4442
     15 4443
     10 4444
     11 4445
     10 4446
     10 4447
      9 4448
      6 4449
     11 4450
     12 4451
      8 4452
     10 4453
      6 4454
      5 4455
      8 4456
      5 4457
     11 4458
     13 4459
     13 4460
      9 4461
      9 4462
      9 4463
     14 4464
      9 4465
      3 4466
     10 4467
     17 4468
     13 4469
     10 4470
     10 4471
      6 4472
     14 4473
     14 4474
      8 4475
      9 4476
     10 4477
      5 4478
     13 4479
      7 4480
     13 4481
      8 4482
      4 4483
      9 4484
     15 4485
     13 4486
      7 4487
     10 4488
     11 4489
     11 4490
     14 4491
      8 4492
     16 4493
      9 4494
     10 4495
     10 4496
      9 4497
     10 4498
     13 4499
     13 4500
      7 4501
     12 4502
     11 4503
     14 4504
     11 4505
     11 4506
     12 4507
     13 4508
     10 4509
     11 4510
     14 4511
      7 4512
     11 4513
      4 4514
     13 4515
     10 4516
     13 4517
     13 4518
     10 4519
      9 4520
     18 4521
     12 4522
     10 4523
     11 4524
      3 4525
     14 4526
      9 4527
     11 4528
     12 4529
     10 4530
     11 4531
      7 4532
     12 4533
      8 4534
     13 4535
      9 4536
      7 4537
     10 4538
     19 4539
      5 4540
      9 4541
     11 4542
     11 4543
     14 4544
     10 4545
     10 4546
      7 4547
      9 4548
      8 4549
     11 4550
     11 4551
     11 4552
      7 4553
     11 4554
     13 4555
      8 4556
     11 4557
      9 4558
     10 4559
     10 4560
     10 4561
      7 4562
      8 4563
      9 4564
     16 4565
     10 4566
     14 4567
     13 4568
     11 4569
      3 4570
     11 4571
     12 4572
     11 4573
      6 4574
      6 4575
     14 4576
      7 4577
      9 4578
      9 4579
     13 4580
      5 4581
     15 4582
     14 4583
     11 4584
      7 4585
     10 4586
     11 4587
      9 4588
      7 4589
     11 4590
      9 4591
      7 4592
      6 4593
      9 4594
     10 4595
      7 4596
      8 4597
     11 4598
      6 4599
      6 4600
      8 4601
     10 4602
     13 4603
     10 4604
      6 4605
     10 4606
      7 4607
      5 4608
      6 4609
     10 4610
      8 4611
      3 4612
     12 4613
     11 4614
      8 4615
      5 4616
      3 4617
     11 4618
      9 4619
      8 4620
      6 4621
      6 4622
      9 4623
      6 4624
      6 4625
      4 4626
      6 4627
      5 4628
      6 4629
      6 4630
      7 4631
      6 4632
      8 4633
      5 4634
      9 4635
      7 4636
      7 4637
      4 4638
      8 4639
     11 4640
     12 4641
      8 4642
      6 4643
     10 4644
      8 4645
      5 4646
     10 4647
      3 4648
      7 4649
      9 4650
      5 4651
      9 4652
      4 4653
      3 4654
      3 4655
      7 4656
      8 4657
     11 4658
      5 4659
     11 4660
     10 4661
      2 4662
      8 4663
      3 4664
      5 4665
      6 4666
      9 4667
      7 4668
      4 4669
     10 4670
      3 4671
     14 4672
      7 4673
     11 4674
     15 4675
      4 4676
      3 4677
      3 4678
     11 4679
      8 4680
     11 4681
      7 4682
     11 4683
      4 4684
      8 4685
      9 4686
      8 4687
      6 4688
      6 4689
      4 4690
      4 4691
      9 4692
     12 4693
      6 4694
      6 4695
      6 4696
      6 4697
      5 4698
      6 4699
      5 4700
      5 4701
      1 4702
      7 4703
      1 4704
      6 4705
      7 4706
     10 4707
      5 4708
      4 4709
      3 4710
     11 4711
      7 4712
     15 4713
      7 4714
     10 4715
      6 4716
      7 4717
      5 4718
      2 4719
      6 4720
      7 4721
      7 4722
     12 4723
     12 4724
      8 4725
      6 4726
     10 4727
      9 4728
      9 4729
     10 4730
      2 4731
      7 4732
      5 4733
      7 4734
      7 4735
      9 4736
      3 4737
      4 4738
      9 4739
      8 4740
      4 4741
      9 4742
      7 4743
      7 4744
      6 4745
      9 4746
      9 4747
      9 4748
      6 4749
      5 4750
      8 4751
      9 4752
     13 4753
      4 4754
     11 4755
      1 4756
      5 4757
      7 4758
      8 4759
      6 4760
      5 4761
      6 4762
      6 4763
      4 4764
      7 4765
      4 4766
      7 4767
      5 4768
      5 4769
      5 4770
      5 4771
      6 4772
      4 4773
      9 4774
      7 4775
      9 4776
      5 4777
      8 4778
      4 4779
      4 4780
      2 4781
      6 4782
      4 4783
      8 4784
      6 4785
      6 4786
      7 4787
     10 4788
      3 4789
      8 4790
      6 4791
      1 4792
      7 4793
      5 4794
      2 4795
      6 4796
      8 4797
      7 4798
      6 4799
      8 4800
      6 4801
      9 4802
      4 4803
      4 4804
      8 4805
      5 4806
      5 4807
      5 4808
      5 4809
      4 4810
      8 4811
      7 4812
      5 4813
      9 4814
      8 4815
      2 4816
      6 4817
      5 4818
     10 4819
      3 4820
      5 4821
      6 4822
      7 4823
      6 4824
      4 4825
      1 4826
      6 4827
      7 4828
     11 4829
      8 4830
      1 4831
      5 4832
      7 4833
      6 4834
      6 4835
      8 4836
      8 4837
      9 4838
     11 4839
      6 4840
      9 4841
      7 4842
      7 4843
      4 4844
      6 4845
      3 4846
      5 4847
      6 4848
     10 4849
      4 4850
      7 4851
      7 4852
      3 4853
     12 4854
      7 4855
     10 4856
      5 4857
      7 4858
      4 4859
      6 4860
      2 4861
     10 4862
      7 4863
     11 4864
     10 4865
      6 4866
      3 4867
      7 4868
     10 4869
      4 4870
      4 4871
      5 4872
      5 4873
      7 4874
      9 4875
      6 4876
      5 4877
      9 4878
      2 4879
     11 4880
      6 4881
      3 4882
      6 4883
      8 4884
      4 4885
      3 4886
      7 4887
      9 4888
      7 4889
     11 4890
      2 4891
     11 4892
     10 4893
      3 4894
      5 4895
      9 4896
      6 4897
      4 4898
      7 4899
      4 4900
     11 4901
      5 4902
      6 4903
      6 4904
      4 4905
      8 4906
      6 4907
      8 4908
      8 4909
      7 4910
      9 4911
      4 4912
      7 4913
     11 4914
      3 4915
      5 4916
      7 4917
      3 4918
      5 4919
      7 4920
      5 4921
      9 4922
      7 4923
      5 4924
      7 4925
      5 4926
      8 4927
     13 4928
      7 4929
     10 4930
     10 4931
      7 4932
      8 4933
      8 4934
      6 4935
      7 4936
      5 4937
      5 4938
      9 4939
      2 4940
      4 4941
      5 4942
      8 4943
      5 4944
      5 4945
      5 4946
      5 4947
      3 4948
      4 4949
      2 4950
      5 4951
      5 4952
      3 4953
      3 4954
      2 4955
      7 4957
      7 4958
      2 4959
      5 4960
      8 4961
      5 4962
      7 4963
      3 4964
      3 4965
      7 4966
      2 4967
      7 4968
      7 4969
      5 4970
      6 4971
      8 4972
      2 4973
      4 4974
      8 4975
      7 4976
      5 4977
      5 4978
      3 4979
      3 4980
     10 4981
      6 4982
      6 4983
      3 4984
      7 4985
      8 4986
      6 4987
     11 4989
      9 4990
      5 4991
      3 4992
      2 4993
      9 4994
      2 4995
      4 4996
      6 4997
      3 4998
      3 4999
      4 5001
      5 5002
      7 5003
      8 5004
      2 5005
      3 5006
      9 5007
      5 5008
      5 5009
      2 5010
      2 5011
      6 5012
      5 5013
      8 5014
      8 5015
      1 5016
      8 5017
      9 5018
      3 5019
      2 5020
      3 5021
      6 5022
      4 5023
      9 5024
      5 5025
      3 5026
      3 5027
      3 5028
      6 5029
     12 5030
      7 5031
      8 5032
      2 5033
      9 5034
      2 5035
      3 5036
      4 5037
      5 5038
      7 5039
      4 5040
      4 5041
      7 5042
      5 5043
      7 5044
      4 5045
      3 5046
      4 5047
      3 5048
      2 5049
      4 5050
      5 5051
      3 5052
      3 5053
      6 5054
      8 5055
      7 5056
      3 5057
      3 5058
      4 5059
      2 5060
      3 5061
      5 5062
      2 5063
      5 5064
      4 5065
      7 5067
      7 5068
      5 5069
      6 5070
      6 5071
      4 5072
      6 5073
      4 5074
      4 5075
      2 5076
      6 5077
      6 5078
      2 5079
      4 5080
      5 5081
      8 5082
      4 5083
      4 5084
      9 5085
      3 5086
      3 5087
      6 5088
      3 5089
      5 5090
      5 5091
      1 5092
      4 5093
      6 5094
      6 5095
      6 5096
      5 5097
      4 5098
      7 5099
      6 5100
      7 5101
      2 5102
      4 5103
      4 5104
      6 5105
      5 5106
      5 5107
      6 5108
      3 5109
      2 5110
      6 5111
      5 5112
      8 5113
      8 5114
      6 5116
      7 5117
      4 5118
      6 5119
      7 5120
      2 5121
      5 5122
      8 5123
      7 5124
      2 5125
      4 5126
      8 5127
      7 5128
      7 5129
      5 5130
      9 5131
      7 5132
      4 5133
      5 5134
      5 5135
      4 5136
      6 5137
      2 5138
      3 5139
      7 5140
      2 5141
      4 5142
      3 5143
      6 5144
      6 5145
      5 5146
      5 5147
      2 5148
      2 5149
      4 5150
      3 5151
      1 5152
      2 5153
      4 5154
      4 5155
      4 5156
      5 5157
      6 5158
      7 5159
      9 5160
      5 5161
      4 5162
      5 5163
      6 5164
      8 5165
      6 5166
      3 5167
      7 5168
      6 5169
      5 5170
      6 5171
      5 5172
      6 5173
      4 5174
      8 5175
      3 5176
      8 5177
      7 5178
      4 5179
      6 5180
      1 5181
      8 5182
      7 5183
      5 5184
      4 5185
      5 5186
      7 5187
      2 5188
      6 5189
      7 5190
      3 5191
      5 5192
      4 5193
      4 5194
      3 5195
      3 5196
      7 5197
      9 5198
      6 5199
      2 5200
      4 5201
      4 5202
      4 5203
      8 5204
      4 5205
      2 5206
      5 5207
      7 5208
      4 5209
      8 5210
      9 5211
      5 5212
      7 5213
      4 5214
      7 5215
      8 5216
      8 5217
      4 5218
      6 5219
      8 5220
      6 5221
      4 5222
      3 5223
      5 5224
      2 5225
      3 5226
      2 5227
      8 5228
      9 5229
      6 5230
      2 5231
      9 5232
     11 5233
      7 5234
      7 5235
      4 5236
      8 5237
      6 5238
      3 5239
      8 5240
      8 5241
      3 5242
      9 5243
      4 5244
      8 5245
      5 5246
      9 5247
      6 5248
      6 5249
      3 5250
      6 5251
      2 5252
      2 5253
      3 5254
      2 5255
      3 5256
      3 5257
      2 5258
      3 5259
      5 5260
      3 5261
      4 5262
      5 5263
      3 5264
      4 5265
      6 5266
      4 5267
      2 5268
      5 5269
     10 5270
      6 5271
      8 5272
      5 5273
      3 5274
      3 5275
      3 5276
     10 5277
      4 5278
      5 5279
      5 5280
      6 5281
      6 5282
      2 5283
      5 5284
      3 5285
      7 5286
      6 5287
      2 5288
      3 5289
      6 5290
      8 5291
      6 5292
      6 5293
     14 5294
      3 5296
      2 5297
      3 5298
      4 5299
      5 5300
      9 5301
      3 5302
      2 5303
      7 5304
      4 5305
      9 5306
      5 5307
      5 5308
      1 5309
      6 5310
      5 5311
      7 5312
      5 5313
      3 5314
      6 5315
      4 5316
      6 5317
      4 5318
      3 5319
      3 5320
      6 5321
      5 5322
      3 5323
      7 5324
      3 5325
      5 5326
      4 5327
      2 5328
      3 5329
      4 5330
      4 5331
      4 5332
      8 5333
      4 5334
      4 5335
      4 5336
      5 5337
      1 5338
      4 5339
      7 5340
      2 5341
      2 5342
      2 5343
      5 5344
      4 5345
      4 5346
      6 5347
      9 5348
      2 5349
      3 5350
      2 5351
      6 5352
      3 5353
      1 5354
      4 5355
      1 5356
      6 5357
      4 5358
      4 5359
      4 5360
      4 5361
      3 5363
      6 5364
      3 5365
      3 5366
      1 5367
      5 5368
      5 5369
      7 5370
      3 5371
      2 5372
      6 5373
      4 5374
      7 5375
      3 5376
      4 5377
      5 5378
      4 5379
      4 5380
      2 5381
      5 5382
      4 5383
      4 5384
      4 5385
      7 5386
      4 5388
      5 5389
      6 5390
      7 5391
      5 5392
      8 5393
      2 5394
      5 5395
      1 5396
      3 5397
      2 5398
      2 5399
      5 5400
      6 5401
      3 5402
      1 5403
     11 5404
      5 5405
      8 5406
      6 5407
      3 5408
      6 5409
      4 5410
      2 5411
      2 5412
      5 5413
      6 5414
      2 5415
      4 5416
      5 5417
      3 5418
      3 5419
      1 5420
      5 5421
      1 5422
      3 5423
      1 5424
      5 5425
      4 5426
      1 5427
      3 5428
      4 5429
      2 5430
      4 5431
      7 5432
      2 5433
      5 5434
      5 5435
      2 5436
      2 5437
      6 5438
      5 5439
      5 5440
      8 5441
      4 5442
      5 5444
      5 5445
      4 5446
      6 5447
      3 5448
      2 5449
      6 5450
      2 5451
      4 5452
      4 5453
      4 5454
      6 5455
      2 5456
      2 5457
      3 5458
      6 5459
      6 5460
      2 5461
      4 5462
      4 5463
      3 5464
      1 5465
      3 5466
      8 5467
      4 5468
      4 5469
      5 5470
      7 5471
      3 5472
      3 5473
      4 5474
      3 5475
      3 5476
      3 5477
      2 5478
      4 5479
      6 5480
      1 5481
      7 5482
      4 5483
      2 5484
      4 5485
      2 5486
      5 5487
      2 5488
      2 5489
      7 5490
      2 5491
      4 5492
      2 5493
      3 5494
      3 5495
      3 5496
      3 5497
      5 5498
      1 5499
      6 5500
      4 5501
      9 5502
      4 5503
      2 5504
      2 5505
      4 5506
      4 5507
      3 5508
      3 5509
      4 5510
      2 5511
      4 5512
     10 5513
      5 5514
      4 5515
      4 5516
      3 5517
      1 5518
      3 5519
      3 5520
      7 5521
      3 5522
      1 5523
      1 5524
      2 5525
      3 5526
      2 5527
      3 5528
      3 5529
      6 5530
      5 5531
      3 5532
      3 5533
      2 5534
      5 5535
      2 5536
      4 5537
      5 5538
      2 5540
      2 5541
      2 5542
      5 5543
      4 5544
      3 5545
      3 5546
      5 5547
      3 5548
      2 5549
      5 5550
      4 5551
      5 5552
      3 5553
      4 5554
      1 5555
      4 5556
      3 5557
      4 5558
      5 5559
      8 5560
      7 5561
      3 5562
      3 5563
      5 5564
      2 5565
      3 5566
      4 5567
      1 5568
      3 5569
      5 5570
      3 5571
      2 5572
      5 5573
      6 5574
      8 5575
      2 5576
      2 5577
      6 5578
      1 5579
      5 5580
      3 5581
      7 5582
      6 5583
      3 5584
      5 5585
      9 5586
      3 5587
      3 5588
      5 5589
      8 5590
      6 5591
      6 5592
      1 5593
      4 5594
      3 5595
      3 5596
      4 5597
      4 5598
      5 5599
      3 5600
      4 5601
      2 5602
      2 5603
      1 5604
      4 5605
      5 5606
      4 5607
      5 5608
      3 5609
      3 5610
      4 5612
      6 5613
      1 5614
      2 5615
      7 5616
      4 5617
      3 5618
      4 5619
      7 5620
      2 5621
      3 5622
      9 5623
      1 5624
      4 5625
      5 5626
      8 5627
      5 5628
      6 5629
      5 5630
      2 5631
      2 5632
      2 5633
      2 5634
      6 5635
      5 5636
      2 5637
      6 5638
      2 5639
      3 5640
      6 5641
      5 5642
      3 5643
      8 5644
      4 5645
      6 5646
      4 5647
      5 5648
      1 5649
      3 5650
      7 5651
      2 5652
      3 5653
      4 5654
      2 5655
      5 5656
      5 5657
      4 5658
      5 5659
      3 5660
      5 5661
      7 5662
      5 5663
      6 5664
      3 5665
      6 5666
      9 5667
      2 5668
      2 5669
      8 5670
      2 5671
      3 5672
      5 5673
      3 5674
      3 5675
      2 5676
      3 5677
      6 5678
      3 5679
      5 5680
      6 5681
      5 5682
      2 5683
      1 5684
      6 5685
      5 5686
      3 5687
      6 5688
      3 5689
      3 5690
      8 5691
      3 5692
      3 5693
      5 5694
      1 5696
      3 5697
      2 5698
      4 5699
      2 5700
      4 5701
      6 5702
      2 5703
      2 5704
      6 5705
      3 5706
      2 5707
      7 5708
      8 5709
      2 5710
      2 5711
      6 5712
      2 5713
      7 5714
      4 5715
      4 5716
      8 5717
      5 5718
      3 5719
      5 5721
      2 5722
      5 5723
      6 5724
      2 5725
      6 5726
      7 5727
      4 5728
     10 5729
      2 5730
      4 5731
      1 5732
      2 5733
      5 5734
      2 5735
      5 5736
      3 5737
      7 5739
      4 5740
      3 5741
      7 5742
      2 5743
      5 5744
      4 5745
      3 5746
      3 5747
      4 5748
      3 5749
      3 5750
      4 5751
      4 5752
      5 5753
      4 5754
      6 5755
      2 5756
      1 5757
      2 5758
      2 5759
      4 5760
      7 5761
      4 5762
      4 5763
      7 5764
      3 5765
      5 5766
      3 5767
      4 5768
      9 5770
      3 5771
      3 5772
      2 5773
      6 5774
      5 5775
      5 5776
      3 5777
      2 5778
      1 5779
      1 5780
      1 5781
      1 5782
      3 5783
      1 5784
      4 5785
      1 5786
      2 5787
      2 5788
      4 5789
      8 5790
      5 5791
      3 5792
      5 5793
      5 5794
      4 5795
      1 5796
      5 5797
      5 5798
      2 5799
      4 5800
      5 5801
      6 5803
      1 5804
      1 5805
      5 5806
      1 5807
      7 5808
      3 5809
      2 5810
      3 5811
      6 5813
      8 5814
      7 5815
      3 5816
      4 5817
      2 5819
      4 5820
      1 5821
      3 5822
      5 5823
      3 5824
      4 5825
      3 5826
      2 5827
      1 5828
      3 5829
      3 5830
      1 5831
      8 5832
      7 5833
      4 5834
      3 5835
      3 5836
      3 5837
      4 5838
      6 5839
      6 5840
      3 5841
      1 5842
      2 5843
      3 5844
      2 5845
      3 5846
      5 5847
      2 5848
      1 5849
      4 5850
      3 5851
      4 5852
      5 5853
      3 5854
      2 5855
      2 5856
      6 5857
      3 5858
      7 5859
      3 5860
      3 5861
      3 5862
      2 5863
      6 5864
      1 5865
      3 5866
      3 5867
      1 5868
      2 5869
      1 5870
      2 5871
      2 5872
      2 5873
      5 5874
      1 5875
      3 5876
      2 5877
      3 5878
      3 5879
      4 5880
      3 5881
      1 5882
      5 5883
      1 5884
      3 5885
      3 5886
      2 5887
      2 5888
      1 5889
      3 5890
      3 5891
      2 5892
      2 5893
      2 5894
      8 5895
      4 5896
      7 5898
      2 5899
      2 5900
      2 5901
      4 5902
      2 5903
      3 5904
      5 5905
      3 5906
      3 5907
      1 5908
      6 5909
      4 5910
      2 5911
      1 5912
      4 5913
      3 5914
      4 5915
      1 5916
      3 5917
      2 5918
      7 5919
      3 5920
      1 5921
      1 5922
      4 5923
      2 5924
      1 5925
      3 5926
      4 5927
      3 5928
      6 5929
      3 5930
      3 5931
      4 5932
      3 5933
      3 5934
      1 5935
      1 5936
      2 5937
      2 5938
      4 5939
      4 5940
      2 5941
      2 5942
      5 5943
      3 5944
      1 5945
      2 5947
      2 5948
      1 5949
      4 5950
      7 5951
      2 5952
      6 5954
      4 5955
      5 5956
      4 5957
      2 5958
      3 5959
      7 5960
      4 5961
      1 5962
      3 5963
      4 5964
      6 5965
      2 5966
      4 5967
      5 5969
      4 5970
      3 5971
      6 5972
      1 5973
      7 5974
      5 5976
      4 5977
      5 5978
      4 5979
      2 5980
      6 5981
      3 5982
      3 5983
      3 5984
      1 5985
      4 5986
      1 5987
      2 5988
      5 5989
      2 5990
      3 5991
      5 5992
      2 5993
      1 5994
      2 5995
      2 5996
      3 5998
      3 5999
      8 6000
      5 6001
      1 6002
      5 6003
      1 6004
      5 6006
      2 6007
      5 6008
      3 6009
      2 6010
      2 6011
      2 6012
      1 6013
      2 6014
      3 6015
      3 6016
      2 6017
      5 6018
      8 6019
      3 6020
      4 6021
      5 6022
      2 6023
      3 6024
      3 6025
      3 6026
      5 6027
      5 6028
      2 6029
      2 6030
      3 6031
      4 6032
      5 6033
      2 6034
      2 6035
      3 6036
      3 6037
      2 6038
      3 6039
      4 6040
      3 6041
      7 6042
      3 6043
      2 6044
      1 6046
      4 6047
      2 6048
      4 6049
      2 6050
      2 6051
      1 6052
      6 6053
      1 6054
      6 6055
      3 6056
      4 6057
      4 6058
      5 6059
      8 6060
      4 6062
      3 6063
      2 6064
      2 6065
      2 6066
      5 6067
      2 6068
      4 6069
      3 6070
      2 6071
      2 6072
      2 6073
      1 6074
      3 6075
      3 6076
      7 6077
      4 6078
      2 6079
      2 6080
      5 6081
      1 6082
      2 6083
      3 6084
      5 6085
      1 6086
      8 6087
      6 6088
      3 6089
      1 6090
      4 6091
      3 6092
      3 6094
      2 6095
      7 6096
      4 6097
      2 6098
      5 6099
      3 6100
      4 6101
      3 6102
      4 6103
      3 6104
      4 6105
      5 6106
      7 6107
      3 6108
      4 6110
      1 6111
      2 6112
      2 6113
      3 6114
      1 6115
      4 6117
      3 6118
      5 6119
      3 6120
      4 6121
      2 6122
      2 6123
      3 6124
      2 6125
      4 6126
      2 6127
      4 6128
      2 6129
      1 6130
      1 6131
      3 6132
      3 6133
      2 6134
      5 6135
      1 6136
      4 6137
      2 6138
      3 6139
      3 6140
      1 6141
      3 6142
      1 6145
      1 6146
      2 6147
      2 6148
      4 6149
      6 6150
      3 6151
      3 6152
      6 6153
      5 6154
      7 6156
      4 6157
      3 6158
      2 6159
      1 6160
      2 6161
      1 6162
      5 6163
      3 6164
      3 6165
      1 6166
      3 6167
      1 6168
      3 6169
      3 6170
      6 6171
      2 6172
      4 6173
      2 6174
      3 6175
      2 6176
      4 6177
      4 6178
      2 6179
      1 6180
      4 6181
      2 6182
      6 6183
      6 6184
      3 6185
      3 6186
      4 6188
      3 6189
      3 6190
      1 6191
      2 6192
      2 6193
      4 6194
      3 6195
      2 6196
      1 6197
      5 6198
      1 6199
      2 6200
      5 6201
      2 6202
      3 6203
      2 6204
      2 6205
      6 6206
      5 6207
      2 6208
      1 6209
      3 6210
      3 6211
      6 6212
      2 6213
      3 6214
      1 6215
      1 6216
      2 6217
      2 6218
      3 6219
      4 6220
      2 6221
      1 6222
      2 6223
      2 6224
      4 6225
      1 6226
      2 6227
      2 6228
      3 6230
      5 6231
      2 6232
      3 6233
      1 6235
      2 6236
      3 6237
      4 6238
      1 6239
      2 6241
      3 6242
      2 6243
      2 6244
      7 6245
      1 6246
      2 6249
      2 6250
      2 6251
      5 6252
      3 6253
      2 6254
      2 6255
      2 6256
      5 6257
      1 6258
      2 6259
      2 6260
      2 6261
      3 6262
      4 6263
      4 6264
      1 6265
      2 6266
      4 6267
      5 6268
      4 6269
      5 6270
      1 6271
      3 6272
      3 6273
      3 6274
      1 6275
      3 6277
      2 6278
      3 6280
      1 6281
      4 6282
      4 6284
      2 6285
      3 6286
      1 6287
      3 6288
      4 6289
      3 6290
      3 6291
      1 6292
      1 6293
      4 6294
      4 6296
      2 6299
      3 6300
      1 6301
      2 6302
      3 6303
      2 6305
      4 6306
      1 6308
      1 6309
      4 6311
      2 6312
      3 6313
      1 6314
      5 6315
      4 6316
      3 6317
      2 6318
      4 6319
      4 6320
      1 6322
      1 6323
      3 6324
      3 6325
      3 6326
      4 6327
      4 6328
      1 6329
      2 6330
      2 6332
      2 6333
      3 6334
      4 6335
      1 6336
      3 6337
      3 6338
      2 6339
      2 6340
      4 6342
      1 6343
      1 6344
      2 6345
      3 6346
      1 6347
      2 6348
      1 6349
      1 6350
      2 6351
      4 6352
      1 6353
      2 6354
      2 6356
      2 6357
      4 6358
      1 6359
      6 6360
      2 6361
      1 6362
      2 6363
      1 6365
      1 6366
      4 6367
      1 6368
      3 6369
      3 6371
      2 6372
      2 6373
      5 6374
      2 6375
      3 6376
      3 6377
      3 6378
      2 6379
      1 6380
      2 6381
      1 6382
      4 6383
      4 6384
      1 6386
      2 6387
      2 6388
      2 6389
      1 6391
      2 6392
      1 6393
      2 6394
      3 6395
      4 6396
      1 6397
      1 6398
      5 6399
      2 6400
      2 6401
      2 6403
      3 6404
      1 6405
      1 6406
      2 6407
      3 6408
      2 6409
      4 6410
      4 6412
      1 6413
      4 6414
      2 6415
      3 6416
      3 6417
      5 6418
      1 6420
      3 6421
      1 6422
      1 6423
      1 6424
      7 6425
      3 6426
      1 6427
      3 6428
      1 6430
      1 6431
      1 6432
      3 6433
      3 6434
      4 6435
      3 6436
      2 6437
      1 6438
      2 6439
      3 6440
      1 6441
      2 6442
      1 6443
      2 6445
      5 6446
      2 6447
      3 6448
      4 6450
      4 6451
      1 6452
      3 6453
      4 6454
      2 6455
      2 6456
      1 6458
      2 6460
      1 6461
      4 6462
      1 6463
      3 6464
      1 6465
      4 6466
      1 6467
      2 6468
      3 6469
      1 6470
      4 6471
      2 6472
      3 6474
      4 6475
      1 6476
      7 6477
      2 6478
      3 6479
      4 6480
      3 6481
      1 6482
      4 6483
      1 6484
      2 6485
      1 6486
      1 6487
      2 6488
      3 6489
      7 6490
      1 6491
      4 6492
      3 6493
      1 6495
      2 6496
      1 6497
      1 6498
      3 6499
      2 6500
      2 6501
      1 6502
      1 6503
      2 6504
      1 6505
      3 6506
      2 6507
      3 6508
      1 6509
      2 6510
      1 6512
      1 6513
      2 6514
      1 6515
      3 6516
      2 6517
      2 6518
      2 6519
      4 6520
      3 6521
      3 6522
      3 6523
      2 6524
      1 6526
      1 6527
      4 6530
      3 6531
      2 6532
      5 6533
      4 6534
      1 6535
      7 6536
      1 6538
      6 6539
      2 6540
      1 6541
      4 6542
      1 6543
      2 6544
      3 6545
      1 6546
      1 6548
      2 6549
      3 6550
      2 6551
      1 6552
      1 6553
      5 6554
      1 6555
      2 6556
      3 6557
      1 6558
      2 6559
      3 6560
      3 6561
      2 6562
      2 6564
      2 6565
      1 6566
      3 6567
      2 6568
      3 6569
      1 6570
      1 6571
      2 6572
      4 6573
      1 6574
      5 6575
      3 6576
      2 6578
      3 6579
      2 6580
      1 6581
      1 6582
      4 6583
      2 6584
      5 6585
      1 6586
      2 6587
      1 6588
      5 6589
      1 6590
      1 6591
      2 6592
      3 6593
      1 6594
      5 6595
      2 6597
      2 6598
      1 6599
      4 6600
      3 6602
      3 6603
      2 6604
      3 6605
      4 6606
      2 6607
      4 6608
      4 6609
      1 6610
      3 6611
      3 6612
      3 6613
      1 6614
      2 6615
      4 6616
      1 6617
      2 6618
      3 6619
      3 6620
      4 6621
      1 6622
      3 6623
      2 6624
      2 6625
      1 6626
      2 6628
      2 6629
      3 6630
      2 6632
      2 6633
      3 6634
      1 6635
      2 6636
      1 6638
      1 6639
      2 6640
      2 6641
      2 6642
      4 6643
      3 6644
      2 6645
      1 6646
      4 6647
      2 6648
      1 6649
      1 6651
      1 6652
      1 6653
      1 6654
      4 6655
      1 6656
      3 6657
      1 6658
      4 6659
      1 6660
      2 6661
      3 6662
      1 6663
      2 6665
      1 6666
      2 6668
      1 6669
      3 6670
      3 6672
      1 6673
      2 6674
      3 6676
      1 6677
      3 6678
      2 6679
      2 6680
      2 6681
      2 6682
      2 6683
      2 6684
      2 6685
      1 6686
      3 6687
      3 6688
      4 6689
      4 6690
      1 6694
      1 6695
      1 6696
      1 6697
      1 6698
      3 6699
      1 6700
      1 6701
      1 6702
      2 6703
      1 6704
      2 6705
      4 6706
      1 6707
      2 6709
      1 6710
      2 6711
      1 6712
      1 6713
      3 6714
      4 6715
      1 6716
      2 6717
      4 6718
      2 6719
      2 6720
      2 6721
      2 6722
      1 6723
      2 6725
      1 6726
      2 6727
      4 6729
      1 6730
      3 6731
      2 6734
      1 6735
      3 6736
      3 6737
      1 6738
      1 6739
      4 6740
      2 6741
      3 6742
      3 6743
      2 6744
      3 6745
      1 6746
      2 6747
      2 6748
      2 6749
      2 6750
      1 6751
      1 6752
      4 6753
      5 6755
      3 6756
      4 6757
      3 6758
      3 6760
      2 6761
      1 6762
      4 6763
      2 6765
      2 6766
      1 6767
      3 6768
      2 6769
      2 6771
      2 6772
      3 6774
      2 6775
      2 6776
      3 6777
      3 6779
      3 6780
      1 6781
      2 6782
      1 6783
      3 6784
      2 6785
      1 6787
      1 6791
      1 6792
      2 6793
      3 6794
      5 6795
      1 6796
      1 6797
      2 6798
      2 6800
      2 6802
      2 6803
      2 6806
      1 6808
      2 6811
      1 6813
      2 6815
      1 6816
      1 6817
      2 6818
      1 6819
      4 6821
      2 6822
      3 6823
      2 6824
      2 6825
      1 6827
      2 6828
      1 6829
      1 6830
      1 6831
      4 6832
      1 6833
      2 6834
      1 6835
      2 6836
      2 6837
      1 6838
      2 6839
      3 6841
      2 6843
      1 6845
      4 6846
      1 6848
      3 6849
      3 6850
      2 6852
      1 6853
      1 6854
      4 6855
      1 6856
      3 6857
      1 6859
      2 6860
      1 6861
      4 6862
      1 6863
      3 6865
      3 6866
      1 6867
      2 6868
      3 6869
      1 6871
      2 6872
      1 6875
      3 6876
      3 6877
      2 6878
      3 6879
      1 6880
      5 6881
      2 6882
      2 6883
      1 6884
      4 6886
      3 6888
      1 6889
      1 6890
      2 6891
      2 6893
      2 6894
      3 6896
      2 6897
      2 6898
      5 6899
      3 6900
      1 6901
      4 6902
      1 6903
      2 6904
      3 6905
      1 6906
      2 6907
      2 6908
      2 6909
      1 6910
      2 6912
      2 6913
      4 6914
      3 6915
      1 6916
      2 6917
      2 6918
      2 6919
      3 6920
      1 6922
      2 6923
      1 6925
      3 6927
      1 6928
      3 6929
      3 6930
      1 6931
      2 6932
      4 6933
      1 6934
      1 6937
      1 6939
      2 6941
      3 6942
      2 6943
      2 6944
      1 6945
      1 6947
      3 6948
      2 6949
      4 6950
      2 6951
      6 6952
      1 6954
      4 6955
      3 6956
      2 6957
      1 6958
      1 6959
      2 6960
      1 6961
      3 6962
      3 6963
      1 6964
      1 6965
      4 6967
      2 6968
      4 6970
      2 6971
      5 6972
      4 6973
      1 6974
      1 6975
      5 6976
      5 6977
      2 6978
      2 6979
      2 6980
      1 6981
      3 6982
      1 6983
      1 6986
      1 6987
      3 6988
      2 6989
      1 6990
      4 6991
      5 6992
      1 6993
      1 6994
      3 6995
      1 6996
      2 6997
      3 6998
      3 6999
      3 7000
      1 7001
      1 7002
      2 7003
      4 7004
      1 7006
      1 7007
      1 7008
      2 7012
      2 7013
      2 7014
      2 7015
      2 7016
      3 7017
      3 7018
      1 7019
      1 7020
      1 7021
      1 7022
      2 7024
      2 7025
      4 7026
      5 7027
      2 7028
      1 7030
      1 7031
      2 7032
      1 7034
      2 7036
      2 7037
      7 7038
      3 7039
      4 7040
      2 7042
      1 7043
      2 7044
      2 7047
      1 7048
      2 7049
      3 7050
      2 7051
      4 7052
      3 7053
      1 7054
      1 7055
      2 7056
      1 7057
      5 7058
      1 7059
      1 7060
      1 7061
      4 7062
      6 7063
      1 7064
      4 7065
      1 7067
      2 7068
      1 7069
      2 7070
      4 7071
      2 7072
      4 7073
      1 7074
      1 7075
      1 7076
      3 7077
      2 7078
      2 7080
      1 7081
      4 7084
      2 7085
      2 7086
      2 7088
      2 7089
      1 7091
      2 7092
      3 7093
      2 7094
      1 7095
      2 7097
      1 7098
      1 7099
      3 7100
      2 7101
      1 7102
      1 7103
      1 7104
      5 7105
      2 7106
      2 7107
      3 7108
      1 7109
      1 7110
      2 7112
      4 7113
      2 7114
      1 7115
      4 7116
      4 7117
      2 7118
      1 7119
      3 7120
      2 7121
      3 7122
      1 7123
      3 7124
      2 7125
      3 7126
      4 7127
      4 7128
      3 7129
      1 7130
      2 7131
      2 7132
      1 7133
      3 7134
      1 7135
      1 7136
      3 7137
      1 7138
      2 7139
      3 7140
      2 7141
      2 7142
      2 7143
      1 7144
      1 7145
      2 7146
      1 7147
      2 7148
      1 7150
      3 7151
      5 7152
      1 7153
      1 7154
      4 7155
      1 7156
      3 7157
      1 7158
      3 7159
      1 7160
      2 7161
      1 7162
      1 7163
      6 7164
      4 7165
      3 7166
      3 7167
      1 7168
      2 7169
      3 7170
      6 7171
      2 7172
      1 7173
      4 7175
      3 7176
      1 7177
      3 7178
      3 7179
      1 7181
      3 7182
      7 7184
      1 7185
      2 7186
      2 7187
      4 7188
      2 7189
      2 7190
      3 7191
      1 7192
      1 7193
      3 7194
      3 7195
      1 7197
      3 7198
      2 7199
      3 7201
      2 7203
      2 7204
      2 7205
      3 7206
      1 7207
      3 7209
      4 7210
      3 7211
      4 7212
      3 7213
      1 7214
      6 7215
      1 7216
      3 7217
      1 7218
      2 7219
      3 7220
      3 7221
      2 7222
      2 7223
      1 7224
      2 7226
      1 7227
      1 7228
      1 7229
      4 7230
      3 7231
      2 7232
      1 7233
      4 7235
      2 7236
      3 7238
      2 7239
      1 7240
      1 7242
      4 7243
      3 7245
      2 7246
      2 7247
      2 7248
      2 7249
      2 7250
      2 7251
      2 7252
      1 7253
      2 7254
      3 7255
      2 7257
      4 7258
      2 7259
      2 7260
      3 7261
      2 7263
      2 7264
      1 7265
      2 7266
      2 7267
      2 7268
      1 7269
      2 7270
      2 7271
      2 7272
      3 7273
      2 7274
      1 7275
      1 7276
      1 7277
      2 7278
      3 7280
      2 7281
      1 7282
      2 7283
      4 7286
      3 7292
      2 7294
      1 7295
      1 7296
      1 7298
      1 7299
      2 7300
      1 7301
      3 7302
      2 7303
      4 7304
      1 7305
      1 7306
      1 7307
      2 7308
      2 7309
      2 7310
      5 7311
      3 7312
      1 7313
      1 7314
      3 7316
      1 7317
      1 7319
      1 7320
      1 7321
      3 7323
      2 7324
      2 7325
      3 7326
      1 7327
      2 7328
      4 7329
      1 7330
      1 7331
      2 7333
      1 7334
      5 7336
      2 7337
      4 7338
      2 7339
      1 7340
      1 7341
      3 7343
      1 7344
      1 7348
      3 7349
      1 7350
      1 7351
      3 7352
      2 7353
      1 7354
      1 7355
      2 7356
      5 7358
      1 7359
      1 7360
      3 7361
      1 7362
      1 7363
      2 7364
      4 7365
      1 7366
      1 7367
      2 7368
      3 7369
      1 7370
      1 7371
      1 7374
      1 7375
      1 7376
      1 7377
      2 7378
      2 7379
      2 7381
      1 7382
      2 7383
      1 7385
      1 7386
      1 7387
      2 7388
      1 7389
      4 7393
      1 7394
      4 7396
      3 7397
      3 7399
      1 7400
      1 7401
      1 7402
      2 7403
      1 7404
      1 7405
      3 7406
      2 7407
      2 7408
      2 7410
      1 7412
      1 7414
      1 7415
      1 7416
      1 7417
      2 7419
      2 7421
      1 7422
      1 7423
      1 7424
      2 7426
      1 7427
      1 7428
      1 7429
      3 7430
      1 7431
      1 7432
      1 7433
      1 7435
      3 7436
      3 7437
      1 7438
      1 7442
      1 7444
      1 7445
      2 7446
      2 7447
      1 7448
      3 7449
      1 7451
      1 7452
      2 7455
      1 7457
      4 7458
      1 7459
      3 7461
      3 7464
      2 7465
      1 7466
      1 7467
      1 7469
      2 7470
      3 7471
      1 7472
      2 7473
      2 7474
      3 7475
      1 7476
      2 7477
      2 7478
      1 7479
      1 7480
      3 7481
      2 7482
      4 7483
      1 7484
      1 7485
      2 7486
      2 7487
      1 7488
      1 7492
      3 7493
      2 7494
      3 7495
      3 7496
      1 7497
      3 7500
      3 7501
      1 7502
      1 7503
      1 7504
      1 7505
      2 7506
      1 7508
      4 7509
      3 7511
      1 7512
      2 7513
      4 7514
      1 7515
      2 7516
      2 7517
      1 7518
      1 7519
      1 7520
      1 7521
      3 7522
      2 7523
      3 7524
      1 7526
      1 7527
      2 7528
      1 7529
      2 7530
      3 7532
      2 7533
      2 7534
      1 7535
      3 7536
      4 7537
      2 7539
      1 7540
      2 7541
      1 7542
      2 7543
      1 7544
      1 7545
      2 7546
      3 7547
      4 7549
      1 7550
      3 7551
      2 7552
      3 7553
      2 7554
      2 7555
      2 7556
      5 7557
      1 7558
      1 7559
      2 7560
      1 7561
      2 7562
      3 7563
      6 7564
      2 7565
      2 7566
      4 7568
      4 7570
      3 7571
      2 7572
      2 7573
      2 7574
      2 7576
      2 7577
      1 7579
      1 7580
      1 7581
      3 7582
      2 7583
      1 7584
      4 7585
      3 7586
      1 7587
      5 7588
      1 7589
      2 7590
      5 7591
      2 7592
      3 7593
      3 7594
      1 7595
      2 7596
      4 7597
      3 7598
      1 7599
      1 7602
      1 7603
      1 7604
      2 7605
      3 7606
      3 7607
      4 7608
      2 7609
      1 7612
      2 7613
      3 7614
      3 7615
      1 7617
      5 7618
      3 7619
      3 7621
      2 7622
      2 7623
      2 7624
      1 7627
      2 7628
      2 7629
      1 7630
      2 7631
      4 7632
      2 7633
      1 7635
      3 7636
      1 7638
      3 7639
      1 7641
      1 7642
      2 7643
      2 7645
      1 7646
      3 7648
      1 7649
      1 7650
      4 7651
      1 7652
      1 7653
      1 7654
      1 7655
      1 7657
      5 7658
      4 7659
      3 7660
      2 7661
      1 7662
      2 7663
      1 7664
      3 7665
      2 7666
      2 7667
      1 7668
      2 7669
      5 7670
      2 7671
      3 7672
      3 7673
      2 7674
      1 7675
      1 7676
      1 7677
      1 7678
      2 7679
      2 7680
      2 7681
      1 7682
      2 7683
      2 7684
      1 7685
      2 7686
      2 7687
      4 7688
      1 7689
      1 7691
      2 7692
      2 7693
      1 7694
      1 7695
      3 7696
      3 7697
      2 7698
      3 7699
      5 7700
      2 7701
      2 7702
      1 7703
      2 7704
      5 7705
      1 7706
      1 7707
      1 7708
      1 7709
      3 7710
      5 7711
      1 7712
      3 7713
      4 7714
      3 7715
      2 7716
      1 7717
      6 7719
      1 7720
      1 7721
      1 7722
      5 7723
      2 7724
      1 7725
      2 7726
      5 7727
      2 7728
      1 7729
      2 7731
      1 7732
      2 7734
      2 7735
      1 7736
      3 7737
      2 7738
      2 7740
      2 7741
      2 7742
      2 7743
      2 7744
      2 7745
      3 7746
      3 7748
      1 7749
      3 7750
      1 7751
      3 7752
      2 7753
      2 7754
      1 7755
      3 7756
      2 7757
      1 7758
      2 7759
      2 7760
      2 7761
      1 7762
      1 7763
      2 7764
      1 7765
      2 7766
      1 7767
      4 7769
      1 7770
      4 7771
      3 7773
      1 7774
      3 7776
      3 7777
      2 7779
      3 7781
      2 7782
      4 7783
      1 7784
      3 7785
      1 7786
      1 7788
      3 7792
      1 7793
      2 7794
      3 7795
      1 7796
      1 7797
      2 7798
      2 7799
      3 7800
      4 7801
      1 7802
      1 7807
      1 7808
      3 7809
      3 7810
      1 7812
      3 7813
      1 7814
      2 7815
      2 7816
      2 7817
      3 7818
      1 7819
      2 7820
      3 7821
      1 7822
      1 7823
      4 7824
      1 7825
      1 7826
      1 7827
      2 7828
      1 7829
      4 7830
      3 7831
      1 7832
      2 7833
      2 7834
      3 7835
      3 7836
      2 7837
      2 7838
      3 7839
      1 7840
      2 7841
      1 7842
      2 7843
      3 7844
      3 7845
      3 7847
      1 7848
      1 7849
      3 7850
      2 7851
      3 7852
      3 7853
      3 7854
      3 7856
      2 7857
      3 7858
      4 7859
      5 7860
      3 7861
      3 7862
      3 7863
      4 7864
      3 7865
      3 7866
      5 7867
      6 7868
      7 7869
      3 7870
      5 7871
      7 7872
      7 7873
      3 7874
      4 7875
      4 7876
      8 7877
      5 7878
      4 7879
      4 7880
      5 7882
      7 7883
      6 7884
     10 7885
      4 7886
      7 7887
      8 7888
      3 7889
     10 7890
      8 7891
      7 7892
      4 7893
      6 7894
      7 7895
      6 7896
      9 7897
      6 7898
     10 7899
     18 7900
      5 7901
      8 7902
      8 7903
     12 7904
     13 7905
      5 7906
     15 7907
     17 7908
     13 7909
      8 7910
      8 7911
     21 7912
     12 7913
     11 7914
     14 7915
     11 7916
      5 7917
      4 7918
     18 7919
     14 7920
      7 7921
     15 7922
     12 7923
     13 7924
     14 7925
     12 7926
     14 7927
      7 7928
      6 7929
     11 7930
      9 7931
     11 7932
      7 7933
     14 7934
      9 7935
      9 7936
      6 7937
      7 7938
     13 7939
      4 7940
      4 7941
      5 7942
      4 7943
      4 7944
      5 7945
      2 7946
      8 7947
      4 7948
     10 7949
      3 7950
      3 7951
      5 7952
      6 7953
      1 7954
      3 7957
      3 7958
      2 7959
      3 7960
      4 7961
      2 7962
      2 7963
      3 7964
      5 7965
      3 7966
      6 7967
      3 7968
      6 7969
      3 7970
      2 7971
      9 7972
      3 7973
      3 7974
      2 7975
      6 7976
      3 7977
      5 7978
      3 7979
      3 7980
      2 7982
      2 7984
      5 7985
      5 7986
      2 7987
      5 7988
      4 7989
      4 7990
      3 7992
      3 7993
      1 7994
      2 7995
      4 7996
      2 7997
      1 7998
      2 7999
