 246438 0
94924701 1
217188051 2
357297375 3
455851104 4
475474178 5
419547291 6
321613694 7
218278998 8
133272555 9
74360399 10
38545723 11
18822892 12
8929812 13
4276806 14
2199798 15
1283875 16
 862752 17
 643756 18
 519918 19
 433789 20
 374413 21
 326315 22
 287954 23
 256051 24
 227337 25
 205292 26
 185272 27
 164829 28
 148318 29
 133497 30
 119511 31
 107469 32
  97049 33
  87430 34
  77808 35
  70967 36
  64024 37
  59478 38
  54407 39
  49298 40
  46069 41
  42746 42
  39987 43
  37313 44
  35089 45
  33467 46
  31945 47
  30625 48
  28693 49
  27461 50
  26452 51
  25850 52
  25247 53
  23974 54
  23036 55
  22424 56
  21678 57
  21306 58
  20437 59
  19486 60
  19036 61
  18768 62
  18360 63
  18053 64
  18119 65
  17530 66
  16819 67
  16401 68
  15932 69
  15172 70
  14832 71
  14672 72
  13952 73
  14012 74
  13711 75
  13524 76
  13094 77
  12765 78
  12636 79
  12580 80
  12196 81
  11837 82
  11501 83
  11015 84
  10790 85
  10998 86
  10519 87
  10489 88
  10001 89
  10025 90
   9916 91
   9383 92
   9246 93
   8999 94
   8966 95
   8737 96
   8706 97
   8887 98
   8640 99
   8624 100
   8488 101
   8297 102
   8084 103
   7745 104
   7895 105
   7856 106
   7613 107
   7567 108
   7365 109
   7430 110
   7379 111
   7518 112
   7237 113
   6964 114
   6669 115
   6957 116
   6873 117
   6744 118
   6403 119
   6366 120
   6238 121
   6293 122
   6230 123
   6047 124
   6020 125
   6060 126
   5893 127
   5908 128
   5855 129
   5731 130
   5673 131
   5672 132
   5493 133
   5466 134
   5446 135
   5372 136
   5192 137
   5280 138
   5009 139
   5171 140
   5154 141
   4928 142
   4905 143
   4968 144
   4896 145
   4762 146
   4666 147
   4582 148
   4631 149
   4551 150
   4416 151
   4445 152
   4406 153
   4458 154
   4263 155
   4370 156
   4267 157
   4261 158
   4023 159
   4024 160
   3998 161
   4223 162
   3988 163
   4078 164
   3974 165
   3954 166
   3866 167
   3805 168
   3770 169
   3626 170
   3637 171
   3575 172
   3507 173
   3459 174
   3565 175
   3539 176
   3552 177
   3470 178
   3416 179
   3352 180
   3312 181
   3307 182
   3251 183
   3135 184
   3252 185
   3229 186
   3226 187
   3336 188
   3303 189
   3289 190
   3135 191
   3154 192
   3143 193
   3097 194
   3235 195
   3023 196
   2888 197
   2971 198
   2879 199
   2863 200
   2760 201
   2773 202
   2825 203
   2842 204
   2688 205
   2743 206
   2803 207
   2711 208
   2706 209
   2626 210
   2601 211
   2543 212
   2475 213
   2594 214
   2567 215
   2417 216
   2470 217
   2483 218
   2454 219
   2414 220
   2340 221
   2414 222
   2400 223
   2324 224
   2311 225
   2283 226
   2181 227
   2273 228
   2209 229
   2297 230
   2135 231
   2171 232
   2108 233
   2224 234
   2109 235
   2210 236
   2180 237
   2078 238
   2157 239
   2016 240
   1978 241
   2034 242
   1974 243
   1995 244
   1996 245
   2063 246
   2103 247
   2099 248
   1963 249
   2046 250
   2085 251
   1986 252
   2008 253
   2079 254
   2035 255
   2042 256
   2043 257
   1951 258
   2017 259
   2010 260
   1898 261
   1891 262
   1974 263
   1874 264
   1867 265
   1899 266
   1919 267
   1845 268
   1817 269
   1762 270
   1910 271
   1906 272
   1874 273
   1889 274
   1934 275
   1883 276
   1931 277
   1879 278
   1806 279
   1856 280
   1921 281
   1894 282
   1938 283
   1973 284
   2006 285
   1950 286
   1914 287
   2020 288
   1954 289
   1887 290
   1998 291
   1983 292
   2057 293
   1947 294
   2177 295
   2124 296
   2146 297
   2125 298
   2249 299
   2193 300
   2230 301
   2154 302
   2195 303
   2252 304
   2264 305
   2345 306
   2284 307
   2320 308
   2360 309
   2307 310
   2382 311
   2434 312
   2346 313
   2391 314
   2442 315
   2397 316
   2468 317
   2509 318
   2551 319
   2554 320
   2623 321
   2747 322
   2686 323
   2719 324
   2721 325
   2826 326
   2726 327
   2674 328
   2642 329
   2603 330
   2672 331
   2653 332
   2607 333
   2600 334
   2567 335
   2624 336
   2657 337
   2545 338
   2631 339
   2591 340
   2563 341
   2552 342
   2611 343
   2616 344
   2709 345
   2572 346
   2598 347
   2559 348
   2522 349
   2438 350
   2380 351
   2469 352
   2367 353
   2429 354
   2212 355
   2188 356
   2211 357
   2191 358
   2139 359
   2037 360
   2033 361
   2086 362
   2007 363
   2031 364
   2017 365
   1886 366
   1932 367
   1807 368
   1814 369
   1847 370
   1790 371
   1764 372
   1758 373
   1725 374
   1725 375
   1601 376
   1643 377
   1624 378
   1623 379
   1560 380
   1533 381
   1574 382
   1614 383
   1563 384
   1572 385
   1448 386
   1458 387
   1483 388
   1430 389
   1456 390
   1435 391
   1342 392
   1360 393
   1296 394
   1311 395
   1276 396
   1226 397
   1314 398
   1293 399
   1252 400
   1183 401
   1203 402
   1234 403
   1144 404
   1173 405
   1177 406
   1142 407
   1236 408
   1107 409
   1078 410
   1115 411
   1028 412
   1072 413
    997 414
   1047 415
    975 416
    931 417
    975 418
    985 419
    994 420
    933 421
    877 422
    840 423
    887 424
    828 425
    843 426
    904 427
    843 428
    897 429
    843 430
    876 431
    888 432
    824 433
    822 434
    829 435
    856 436
    822 437
    781 438
    740 439
    764 440
    786 441
    739 442
    768 443
    751 444
    745 445
    723 446
    705 447
    699 448
    704 449
    654 450
    717 451
    689 452
    666 453
    723 454
    639 455
    635 456
    649 457
    629 458
    645 459
    658 460
    600 461
    572 462
    624 463
    628 464
    604 465
    642 466
    661 467
    610 468
    650 469
    585 470
    621 471
    659 472
    638 473
    637 474
    602 475
    593 476
    625 477
    647 478
    652 479
    566 480
    658 481
    634 482
    593 483
    631 484
    646 485
    566 486
    629 487
    599 488
    593 489
    601 490
    572 491
    600 492
    541 493
    561 494
    541 495
    573 496
    570 497
    592 498
    495 499
    562 500
    568 501
    526 502
    516 503
    529 504
    580 505
    526 506
    538 507
    531 508
    537 509
    523 510
    545 511
    533 512
    511 513
    518 514
    465 515
    519 516
    539 517
    517 518
    497 519
    512 520
    477 521
    481 522
    486 523
    452 524
    467 525
    494 526
    490 527
    473 528
    453 529
    501 530
    481 531
    494 532
    492 533
    486 534
    500 535
    504 536
    486 537
    501 538
    486 539
    478 540
    510 541
    460 542
    499 543
    458 544
    451 545
    447 546
    457 547
    469 548
    426 549
    475 550
    452 551
    469 552
    450 553
    449 554
    436 555
    447 556
    447 557
    422 558
    439 559
    403 560
    479 561
    464 562
    436 563
    452 564
    472 565
    457 566
    444 567
    469 568
    482 569
    477 570
    465 571
    444 572
    455 573
    426 574
    418 575
    441 576
    414 577
    410 578
    399 579
    413 580
    415 581
    357 582
    420 583
    372 584
    391 585
    396 586
    359 587
    399 588
    346 589
    365 590
    395 591
    415 592
    401 593
    410 594
    386 595
    386 596
    400 597
    381 598
    377 599
    418 600
    386 601
    407 602
    406 603
    406 604
    432 605
    439 606
    442 607
    390 608
    429 609
    391 610
    380 611
    394 612
    391 613
    324 614
    359 615
    417 616
    398 617
    426 618
    376 619
    394 620
    384 621
    353 622
    375 623
    387 624
    360 625
    333 626
    327 627
    324 628
    377 629
    339 630
    300 631
    344 632
    328 633
    319 634
    354 635
    367 636
    365 637
    333 638
    376 639
    346 640
    377 641
    309 642
    338 643
    355 644
    383 645
    331 646
    382 647
    328 648
    337 649
    304 650
    308 651
    316 652
    341 653
    310 654
    299 655
    351 656
    331 657
    362 658
    339 659
    333 660
    369 661
    337 662
    337 663
    372 664
    373 665
    378 666
    391 667
    391 668
    365 669
    381 670
    371 671
    344 672
    362 673
    370 674
    335 675
    358 676
    333 677
    369 678
    361 679
    339 680
    332 681
    352 682
    333 683
    337 684
    341 685
    332 686
    301 687
    355 688
    310 689
    333 690
    333 691
    341 692
    314 693
    336 694
    313 695
    377 696
    320 697
    339 698
    362 699
    323 700
    331 701
    323 702
    318 703
    322 704
    307 705
    289 706
    314 707
    319 708
    327 709
    335 710
    301 711
    321 712
    292 713
    351 714
    318 715
    339 716
    335 717
    298 718
    324 719
    302 720
    317 721
    286 722
    305 723
    286 724
    289 725
    265 726
    277 727
    300 728
    278 729
    298 730
    299 731
    307 732
    307 733
    292 734
    274 735
    276 736
    293 737
    291 738
    277 739
    255 740
    260 741
    253 742
    269 743
    265 744
    294 745
    267 746
    291 747
    291 748
    261 749
    307 750
    263 751
    258 752
    283 753
    257 754
    257 755
    265 756
    273 757
    286 758
    279 759
    278 760
    274 761
    262 762
    271 763
    279 764
    272 765
    224 766
    239 767
    265 768
    280 769
    242 770
    270 771
    271 772
    266 773
    265 774
    267 775
    236 776
    237 777
    244 778
    280 779
    265 780
    240 781
    280 782
    279 783
    240 784
    255 785
    252 786
    268 787
    270 788
    258 789
    236 790
    233 791
    261 792
    251 793
    249 794
    209 795
    236 796
    224 797
    267 798
    229 799
    244 800
    244 801
    274 802
    226 803
    231 804
    241 805
    243 806
    230 807
    239 808
    215 809
    205 810
    223 811
    234 812
    241 813
    220 814
    226 815
    226 816
    240 817
    230 818
    249 819
    223 820
    222 821
    235 822
    212 823
    234 824
    222 825
    200 826
    230 827
    205 828
    230 829
    212 830
    229 831
    230 832
    211 833
    205 834
    184 835
    215 836
    203 837
    194 838
    215 839
    200 840
    208 841
    217 842
    221 843
    217 844
    213 845
    200 846
    234 847
    210 848
    199 849
    214 850
    195 851
    203 852
    224 853
    197 854
    209 855
    215 856
    221 857
    192 858
    211 859
    236 860
    180 861
    206 862
    197 863
    185 864
    201 865
    211 866
    233 867
    207 868
    189 869
    230 870
    206 871
    195 872
    206 873
    235 874
    231 875
    229 876
    215 877
    202 878
    205 879
    189 880
    209 881
    200 882
    189 883
    204 884
    212 885
    202 886
    220 887
    186 888
    199 889
    223 890
    211 891
    213 892
    202 893
    190 894
    189 895
    177 896
    196 897
    177 898
    198 899
    186 900
    220 901
    196 902
    211 903
    200 904
    200 905
    192 906
    192 907
    192 908
    188 909
    212 910
    194 911
    187 912
    196 913
    200 914
    169 915
    176 916
    189 917
    170 918
    178 919
    178 920
    206 921
    184 922
    186 923
    183 924
    181 925
    208 926
    199 927
    196 928
    180 929
    177 930
    213 931
    193 932
    206 933
    185 934
    168 935
    187 936
    181 937
    214 938
    184 939
    198 940
    213 941
    193 942
    173 943
    191 944
    194 945
    172 946
    196 947
    216 948
    188 949
    198 950
    184 951
    201 952
    183 953
    195 954
    181 955
    194 956
    204 957
    208 958
    191 959
    198 960
    209 961
    188 962
    209 963
    211 964
    173 965
    196 966
    195 967
    179 968
    170 969
    194 970
    218 971
    199 972
    207 973
    233 974
    170 975
    212 976
    199 977
    165 978
    194 979
    200 980
    203 981
    196 982
    186 983
    176 984
    176 985
    184 986
    183 987
    158 988
    162 989
    189 990
    204 991
    168 992
    180 993
    187 994
    179 995
    174 996
    174 997
    191 998
    158 999
    176 1000
    175 1001
    184 1002
    174 1003
    206 1004
    198 1005
    193 1006
    165 1007
    186 1008
    187 1009
    160 1010
    172 1011
    168 1012
    173 1013
    171 1014
    176 1015
    194 1016
    179 1017
    169 1018
    183 1019
    186 1020
    177 1021
    196 1022
    214 1023
    187 1024
    194 1025
    194 1026
    196 1027
    183 1028
    161 1029
    179 1030
    204 1031
    195 1032
    174 1033
    175 1034
    187 1035
    166 1036
    179 1037
    177 1038
    192 1039
    209 1040
    198 1041
    204 1042
    197 1043
    197 1044
    173 1045
    208 1046
    174 1047
    195 1048
    186 1049
    194 1050
    171 1051
    206 1052
    165 1053
    186 1054
    176 1055
    204 1056
    198 1057
    207 1058
    178 1059
    197 1060
    182 1061
    201 1062
    179 1063
    214 1064
    176 1065
    198 1066
    151 1067
    204 1068
    195 1069
    191 1070
    207 1071
    169 1072
    186 1073
    165 1074
    181 1075
    192 1076
    192 1077
    175 1078
    196 1079
    156 1080
    186 1081
    167 1082
    173 1083
    152 1084
    203 1085
    171 1086
    196 1087
    182 1088
    181 1089
    176 1090
    182 1091
    192 1092
    173 1093
    193 1094
    173 1095
    188 1096
    168 1097
    178 1098
    184 1099
    158 1100
    169 1101
    176 1102
    170 1103
    173 1104
    188 1105
    175 1106
    158 1107
    164 1108
    165 1109
    167 1110
    160 1111
    182 1112
    185 1113
    172 1114
    164 1115
    174 1116
    161 1117
    171 1118
    202 1119
    175 1120
    191 1121
    184 1122
    172 1123
    190 1124
    186 1125
    188 1126
    183 1127
    198 1128
    175 1129
    157 1130
    162 1131
    181 1132
    155 1133
    177 1134
    167 1135
    174 1136
    181 1137
    189 1138
    160 1139
    158 1140
    165 1141
    165 1142
    169 1143
    179 1144
    174 1145
    150 1146
    164 1147
    164 1148
    174 1149
    186 1150
    187 1151
    170 1152
    178 1153
    160 1154
    181 1155
    177 1156
    167 1157
    141 1158
    180 1159
    158 1160
    168 1161
    167 1162
    202 1163
    123 1164
    173 1165
    155 1166
    146 1167
    172 1168
    166 1169
    170 1170
    185 1171
    181 1172
    195 1173
    189 1174
    158 1175
    161 1176
    166 1177
    161 1178
    153 1179
    181 1180
    154 1181
    166 1182
    164 1183
    176 1184
    157 1185
    159 1186
    172 1187
    165 1188
    164 1189
    146 1190
    165 1191
    141 1192
    177 1193
    167 1194
    174 1195
    175 1196
    159 1197
    181 1198
    158 1199
    157 1200
    168 1201
    163 1202
    172 1203
    165 1204
    136 1205
    178 1206
    172 1207
    182 1208
    168 1209
    177 1210
    167 1211
    148 1212
    170 1213
    166 1214
    160 1215
    195 1216
    155 1217
    159 1218
    147 1219
    151 1220
    160 1221
    157 1222
    178 1223
    165 1224
    175 1225
    155 1226
    170 1227
    153 1228
    185 1229
    164 1230
    163 1231
    170 1232
    163 1233
    169 1234
    165 1235
    170 1236
    179 1237
    163 1238
    173 1239
    181 1240
    176 1241
    183 1242
    182 1243
    181 1244
    161 1245
    174 1246
    186 1247
    168 1248
    179 1249
    154 1250
    161 1251
    171 1252
    160 1253
    155 1254
    151 1255
    148 1256
    174 1257
    157 1258
    144 1259
    163 1260
    157 1261
    162 1262
    192 1263
    176 1264
    171 1265
    190 1266
    175 1267
    175 1268
    157 1269
    173 1270
    169 1271
    151 1272
    200 1273
    180 1274
    172 1275
    188 1276
    200 1277
    181 1278
    180 1279
    188 1280
    146 1281
    175 1282
    186 1283
    179 1284
    168 1285
    173 1286
    162 1287
    186 1288
    177 1289
    163 1290
    147 1291
    136 1292
    146 1293
    152 1294
    134 1295
    145 1296
    139 1297
    141 1298
    130 1299
    136 1300
    147 1301
    149 1302
    140 1303
    148 1304
    143 1305
    136 1306
    143 1307
    127 1308
    135 1309
    155 1310
    148 1311
    148 1312
    158 1313
    142 1314
    149 1315
    157 1316
    160 1317
    152 1318
    163 1319
    149 1320
    146 1321
    138 1322
    154 1323
    143 1324
    145 1325
    160 1326
    132 1327
    151 1328
    154 1329
    148 1330
    149 1331
    142 1332
    147 1333
    156 1334
    129 1335
    157 1336
    150 1337
    135 1338
    162 1339
    148 1340
    163 1341
    159 1342
    161 1343
    150 1344
    132 1345
    154 1346
    152 1347
    137 1348
    152 1349
    142 1350
    133 1351
    155 1352
    163 1353
    164 1354
    151 1355
    130 1356
    150 1357
    159 1358
    149 1359
    132 1360
    123 1361
    144 1362
    150 1363
    144 1364
    157 1365
    143 1366
    133 1367
    141 1368
    146 1369
    140 1370
    146 1371
    122 1372
    131 1373
    162 1374
    143 1375
    148 1376
    139 1377
    145 1378
    137 1379
    145 1380
    160 1381
    141 1382
    163 1383
    140 1384
    134 1385
    130 1386
    124 1387
    146 1388
    136 1389
    134 1390
    127 1391
    117 1392
    144 1393
    120 1394
    139 1395
    125 1396
    129 1397
    132 1398
    119 1399
    130 1400
    127 1401
    139 1402
    123 1403
    125 1404
    131 1405
    127 1406
    114 1407
    132 1408
    128 1409
    132 1410
    121 1411
    134 1412
    133 1413
    121 1414
    133 1415
    103 1416
    135 1417
    139 1418
    126 1419
    132 1420
    120 1421
    112 1422
    103 1423
    109 1424
    121 1425
    124 1426
    108 1427
    123 1428
     98 1429
    110 1430
     99 1431
    103 1432
     98 1433
    115 1434
    127 1435
    126 1436
    119 1437
    102 1438
    123 1439
     89 1440
    133 1441
     89 1442
     90 1443
    112 1444
    104 1445
    133 1446
     90 1447
    112 1448
    100 1449
    110 1450
    104 1451
     70 1452
    113 1453
     88 1454
    122 1455
     75 1456
    107 1457
     91 1458
     92 1459
     95 1460
    102 1461
    106 1462
     99 1463
     91 1464
    109 1465
     86 1466
     93 1467
    106 1468
     99 1469
     97 1470
    105 1471
     75 1472
     96 1473
     87 1474
     89 1475
     99 1476
     80 1477
    101 1478
     87 1479
     86 1480
     98 1481
     90 1482
     95 1483
     84 1484
     98 1485
     95 1486
     99 1487
     95 1488
    100 1489
     86 1490
    102 1491
     89 1492
     84 1493
    110 1494
     80 1495
     80 1496
     85 1497
     84 1498
     97 1499
     92 1500
     96 1501
     90 1502
     89 1503
    104 1504
     84 1505
     76 1506
     90 1507
    106 1508
    104 1509
    101 1510
    100 1511
    101 1512
     80 1513
     94 1514
     82 1515
     88 1516
     95 1517
     97 1518
     99 1519
     92 1520
     91 1521
     89 1522
    112 1523
     91 1524
     90 1525
    112 1526
     85 1527
     81 1528
    109 1529
     80 1530
     97 1531
    105 1532
     82 1533
     95 1534
    105 1535
    105 1536
     89 1537
    101 1538
     88 1539
     80 1540
     88 1541
     97 1542
    100 1543
     89 1544
     95 1545
    103 1546
     94 1547
    100 1548
     91 1549
     90 1550
     89 1551
     84 1552
     86 1553
     89 1554
    100 1555
     85 1556
    103 1557
    101 1558
    104 1559
     83 1560
     74 1561
     91 1562
     97 1563
     75 1564
     84 1565
     98 1566
     76 1567
     76 1568
     81 1569
     85 1570
     87 1571
     76 1572
     91 1573
    101 1574
     79 1575
     86 1576
     75 1577
     81 1578
     88 1579
     69 1580
    102 1581
     80 1582
     66 1583
     69 1584
     87 1585
     78 1586
     90 1587
     77 1588
     79 1589
     74 1590
     80 1591
     74 1592
     99 1593
     87 1594
     91 1595
     85 1596
     82 1597
     91 1598
     89 1599
     85 1600
     95 1601
     92 1602
     76 1603
     74 1604
     70 1605
     90 1606
     88 1607
     75 1608
     86 1609
     77 1610
     91 1611
     93 1612
     91 1613
    101 1614
     82 1615
     91 1616
    107 1617
     72 1618
     77 1619
     87 1620
     82 1621
     88 1622
     86 1623
     82 1624
     56 1625
     86 1626
     81 1627
     76 1628
     78 1629
     91 1630
     65 1631
     71 1632
     63 1633
     67 1634
     63 1635
     74 1636
     65 1637
     89 1638
     72 1639
     76 1640
     74 1641
     71 1642
     80 1643
     73 1644
     79 1645
     69 1646
     71 1647
     83 1648
     62 1649
     88 1650
     77 1651
     58 1652
     73 1653
     71 1654
     70 1655
     82 1656
     70 1657
     76 1658
     66 1659
     58 1660
     73 1661
     76 1662
     83 1663
     52 1664
     89 1665
     68 1666
     70 1667
     70 1668
     70 1669
     78 1670
     63 1671
     68 1672
     68 1673
     74 1674
     72 1675
     86 1676
     83 1677
     69 1678
     82 1679
     76 1680
     70 1681
     93 1682
     88 1683
     80 1684
     77 1685
     67 1686
     80 1687
     80 1688
     73 1689
     87 1690
     70 1691
     85 1692
     76 1693
     84 1694
     81 1695
     89 1696
     75 1697
     75 1698
     84 1699
     83 1700
     81 1701
     76 1702
     64 1703
     71 1704
     74 1705
     74 1706
     83 1707
     81 1708
     78 1709
     77 1710
     80 1711
     93 1712
     75 1713
     56 1714
     73 1715
     67 1716
     49 1717
     58 1718
     63 1719
     81 1720
     66 1721
     65 1722
     70 1723
     58 1724
     58 1725
     85 1726
     65 1727
     76 1728
     66 1729
     65 1730
     67 1731
     68 1732
     66 1733
     63 1734
     73 1735
     74 1736
     60 1737
     69 1738
     82 1739
     76 1740
     88 1741
     78 1742
     63 1743
     69 1744
     71 1745
     70 1746
     69 1747
     66 1748
     64 1749
     78 1750
     68 1751
     64 1752
     72 1753
     72 1754
     72 1755
     63 1756
     77 1757
     76 1758
     56 1759
     77 1760
     63 1761
     63 1762
     63 1763
     64 1764
     68 1765
     84 1766
     57 1767
     53 1768
     65 1769
     64 1770
     66 1771
     68 1772
     77 1773
     69 1774
     59 1775
     71 1776
     52 1777
     53 1778
     64 1779
     75 1780
     54 1781
     57 1782
     75 1783
     67 1784
     71 1785
     71 1786
     75 1787
     64 1788
     54 1789
     62 1790
     56 1791
     54 1792
     63 1793
     64 1794
     68 1795
     66 1796
     63 1797
     78 1798
     64 1799
     74 1800
     82 1801
     70 1802
     67 1803
     61 1804
     73 1805
     84 1806
     62 1807
     67 1808
     72 1809
     72 1810
     76 1811
     57 1812
     66 1813
     71 1814
     64 1815
     57 1816
     68 1817
     54 1818
     67 1819
     80 1820
     55 1821
     68 1822
     66 1823
     57 1824
     67 1825
     61 1826
     79 1827
     72 1828
     66 1829
     69 1830
     64 1831
     62 1832
     58 1833
     53 1834
     58 1835
     56 1836
     71 1837
     68 1838
     59 1839
     70 1840
     62 1841
     63 1842
     44 1843
     56 1844
     68 1845
     70 1846
     56 1847
     70 1848
     66 1849
     50 1850
     64 1851
     65 1852
     58 1853
     59 1854
     55 1855
     58 1856
     57 1857
     63 1858
     67 1859
     63 1860
     64 1861
     63 1862
     65 1863
     70 1864
     74 1865
     72 1866
     63 1867
     56 1868
     58 1869
     64 1870
     64 1871
     60 1872
     64 1873
     58 1874
     70 1875
     62 1876
     53 1877
     68 1878
     74 1879
     56 1880
     60 1881
     77 1882
     51 1883
     64 1884
     62 1885
     73 1886
     60 1887
     64 1888
     51 1889
     52 1890
     64 1891
     71 1892
     68 1893
     61 1894
     47 1895
     78 1896
     62 1897
     58 1898
     75 1899
     67 1900
     49 1901
     72 1902
     49 1903
     56 1904
     74 1905
     65 1906
     46 1907
     53 1908
     65 1909
     72 1910
     53 1911
     60 1912
     58 1913
     44 1914
     45 1915
     58 1916
     55 1917
     59 1918
     72 1919
     49 1920
     76 1921
     51 1922
     59 1923
     48 1924
     72 1925
     60 1926
     66 1927
     74 1928
     59 1929
     63 1930
     60 1931
     61 1932
     67 1933
     60 1934
     68 1935
     74 1936
     66 1937
     59 1938
     61 1939
     66 1940
     57 1941
     63 1942
     60 1943
     55 1944
     64 1945
     42 1946
     70 1947
     43 1948
     46 1949
     67 1950
     53 1951
     60 1952
     58 1953
     46 1954
     61 1955
     58 1956
     53 1957
     70 1958
     45 1959
     48 1960
     59 1961
     68 1962
     70 1963
     58 1964
     62 1965
     40 1966
     49 1967
     49 1968
     62 1969
     56 1970
     73 1971
     64 1972
     41 1973
     54 1974
     54 1975
     60 1976
     50 1977
     69 1978
     54 1979
     53 1980
     59 1981
     43 1982
     53 1983
     46 1984
     68 1985
     56 1986
     57 1987
     48 1988
     52 1989
     48 1990
     51 1991
     48 1992
     55 1993
     56 1994
     56 1995
     54 1996
     55 1997
     55 1998
     52 1999
     69 2000
     43 2001
     46 2002
     58 2003
     60 2004
     46 2005
     66 2006
     41 2007
     53 2008
     46 2009
     49 2010
     61 2011
     65 2012
     58 2013
     46 2014
     55 2015
     56 2016
     57 2017
     56 2018
     65 2019
     63 2020
     50 2021
     66 2022
     38 2023
     50 2024
     60 2025
     55 2026
     64 2027
     36 2028
     45 2029
     57 2030
     50 2031
     61 2032
     58 2033
     47 2034
     38 2035
     56 2036
     45 2037
     46 2038
     41 2039
     46 2040
     38 2041
     53 2042
     42 2043
     50 2044
     61 2045
     51 2046
     48 2047
     52 2048
     60 2049
     52 2050
     44 2051
     53 2052
     45 2053
     44 2054
     61 2055
     50 2056
     55 2057
     42 2058
     44 2059
     50 2060
     62 2061
     64 2062
     61 2063
     51 2064
     60 2065
     40 2066
     52 2067
     64 2068
     60 2069
     59 2070
     51 2071
     56 2072
     64 2073
     53 2074
     58 2075
     70 2076
     55 2077
     50 2078
     53 2079
     47 2080
     54 2081
     45 2082
     55 2083
     50 2084
     58 2085
     54 2086
     50 2087
     52 2088
     50 2089
     51 2090
     52 2091
     61 2092
     54 2093
     56 2094
     41 2095
     58 2096
     41 2097
     56 2098
     58 2099
     55 2100
     63 2101
     57 2102
     43 2103
     53 2104
     46 2105
     48 2106
     45 2107
     44 2108
     65 2109
     51 2110
     56 2111
     54 2112
     49 2113
     39 2114
     53 2115
     58 2116
     35 2117
     46 2118
     46 2119
     51 2120
     42 2121
     56 2122
     49 2123
     50 2124
     59 2125
     51 2126
     43 2127
     40 2128
     63 2129
     40 2130
     59 2131
     40 2132
     50 2133
     58 2134
     51 2135
     60 2136
     48 2137
     55 2138
     47 2139
     53 2140
     56 2141
     47 2142
     60 2143
     68 2144
     45 2145
     56 2146
     61 2147
     75 2148
     52 2149
     67 2150
     51 2151
     65 2152
     61 2153
     46 2154
     50 2155
     50 2156
     63 2157
     48 2158
     58 2159
     57 2160
     55 2161
     54 2162
     66 2163
     47 2164
     54 2165
     62 2166
     50 2167
     43 2168
     68 2169
     41 2170
     51 2171
     47 2172
     52 2173
     59 2174
     48 2175
     47 2176
     48 2177
     56 2178
     44 2179
     56 2180
     50 2181
     51 2182
     44 2183
     47 2184
     60 2185
     48 2186
     41 2187
     55 2188
     52 2189
     58 2190
     64 2191
     46 2192
     61 2193
     67 2194
     64 2195
     51 2196
     69 2197
     45 2198
     60 2199
     53 2200
     49 2201
     59 2202
     56 2203
     70 2204
     49 2205
     56 2206
     69 2207
     54 2208
     68 2209
     52 2210
     61 2211
     54 2212
     45 2213
     50 2214
     64 2215
     64 2216
     56 2217
     59 2218
     61 2219
     53 2220
     72 2221
     61 2222
     71 2223
     59 2224
     67 2225
     52 2226
     60 2227
     85 2228
     76 2229
     63 2230
     58 2231
     70 2232
     80 2233
     74 2234
     57 2235
     59 2236
     62 2237
     64 2238
     66 2239
     61 2240
     63 2241
     70 2242
     64 2243
     57 2244
     63 2245
     65 2246
     53 2247
     79 2248
     59 2249
     65 2250
     56 2251
     57 2252
     53 2253
     66 2254
     74 2255
     59 2256
     54 2257
     50 2258
     59 2259
     64 2260
     65 2261
     80 2262
     64 2263
     58 2264
     55 2265
     62 2266
     72 2267
     54 2268
     57 2269
     81 2270
     71 2271
     67 2272
     64 2273
     66 2274
     63 2275
     51 2276
     70 2277
     72 2278
     43 2279
     47 2280
     38 2281
     69 2282
     63 2283
     76 2284
     61 2285
     73 2286
     60 2287
     60 2288
     52 2289
     44 2290
     51 2291
     51 2292
     75 2293
     55 2294
     48 2295
     53 2296
     50 2297
     55 2298
     61 2299
     57 2300
     54 2301
     56 2302
     70 2303
     51 2304
     59 2305
     54 2306
     52 2307
     63 2308
     53 2309
     59 2310
     50 2311
     55 2312
     62 2313
     47 2314
     48 2315
     52 2316
     64 2317
     55 2318
     46 2319
     58 2320
     54 2321
     63 2322
     68 2323
     58 2324
     57 2325
     53 2326
     75 2327
     73 2328
     56 2329
     46 2330
     62 2331
     74 2332
     51 2333
     57 2334
     49 2335
     61 2336
     62 2337
     61 2338
     69 2339
     46 2340
     50 2341
     67 2342
     68 2343
     80 2344
     67 2345
     60 2346
     74 2347
     70 2348
     82 2349
     45 2350
     53 2351
     67 2352
     69 2353
     67 2354
     65 2355
     69 2356
     63 2357
     60 2358
     67 2359
     68 2360
     67 2361
     53 2362
     62 2363
     67 2364
     79 2365
     69 2366
     70 2367
     77 2368
     74 2369
     76 2370
     67 2371
     60 2372
     66 2373
     62 2374
     79 2375
     54 2376
     91 2377
     84 2378
     65 2379
     61 2380
     67 2381
     65 2382
     66 2383
     68 2384
     69 2385
     76 2386
     61 2387
     70 2388
     76 2389
     70 2390
     72 2391
     60 2392
     65 2393
     47 2394
     67 2395
     64 2396
     62 2397
     61 2398
     60 2399
     59 2400
     70 2401
     52 2402
     62 2403
     68 2404
     47 2405
     48 2406
     60 2407
     57 2408
     58 2409
     67 2410
     69 2411
     56 2412
     50 2413
     52 2414
     50 2415
     60 2416
     68 2417
     66 2418
     63 2419
     54 2420
     58 2421
     50 2422
     52 2423
     39 2424
     53 2425
     54 2426
     62 2427
     55 2428
     52 2429
     66 2430
     55 2431
     65 2432
     63 2433
     51 2434
     48 2435
     71 2436
     57 2437
     60 2438
     53 2439
     57 2440
     57 2441
     57 2442
     57 2443
     60 2444
     41 2445
     51 2446
     63 2447
     55 2448
     64 2449
     63 2450
     53 2451
     74 2452
     64 2453
     62 2454
     62 2455
     52 2456
     69 2457
     62 2458
     67 2459
     77 2460
     71 2461
     65 2462
     67 2463
     61 2464
     88 2465
     67 2466
     68 2467
     68 2468
     72 2469
     80 2470
     54 2471
     62 2472
     72 2473
     66 2474
     69 2475
     72 2476
     78 2477
     60 2478
     68 2479
     63 2480
     59 2481
     49 2482
     72 2483
     61 2484
     50 2485
     60 2486
     65 2487
     65 2488
     65 2489
     71 2490
     61 2491
     81 2492
     77 2493
     67 2494
     65 2495
     45 2496
     64 2497
     67 2498
     52 2499
     77 2500
     64 2501
     56 2502
     61 2503
     59 2504
     80 2505
     52 2506
     56 2507
     64 2508
     47 2509
     60 2510
     53 2511
     64 2512
     52 2513
     58 2514
     62 2515
     59 2516
     42 2517
     56 2518
     59 2519
     54 2520
     65 2521
     55 2522
     56 2523
     63 2524
     62 2525
     57 2526
     57 2527
     49 2528
     63 2529
     61 2530
     63 2531
     63 2532
     53 2533
     45 2534
     56 2535
     51 2536
     66 2537
     43 2538
     54 2539
     66 2540
     52 2541
     43 2542
     53 2543
     63 2544
     59 2545
     53 2546
     67 2547
     62 2548
     51 2549
     49 2550
     48 2551
     49 2552
     47 2553
     68 2554
     46 2555
     52 2556
     59 2557
     54 2558
     57 2559
     62 2560
     51 2561
     65 2562
     41 2563
     57 2564
     58 2565
     56 2566
     53 2567
     61 2568
     47 2569
     50 2570
     47 2571
     41 2572
     55 2573
     64 2574
     38 2575
     41 2576
     43 2577
     46 2578
     41 2579
     48 2580
     41 2581
     39 2582
     45 2583
     42 2584
     42 2585
     39 2586
     41 2587
     45 2588
     43 2589
     52 2590
     45 2591
     36 2592
     42 2593
     47 2594
     31 2595
     33 2596
     33 2597
     37 2598
     38 2599
     37 2600
     35 2601
     35 2602
     38 2603
     44 2604
     40 2605
     39 2606
     36 2607
     36 2608
     35 2609
     42 2610
     33 2611
     25 2612
     29 2613
     37 2614
     31 2615
     32 2616
     30 2617
     29 2618
     21 2619
     19 2620
     29 2621
     41 2622
     29 2623
     25 2624
     24 2625
     29 2626
     39 2627
     24 2628
     27 2629
     26 2630
     32 2631
     34 2632
     36 2633
     29 2634
     37 2635
     39 2636
     36 2637
     24 2638
     31 2639
     30 2640
     19 2641
     30 2642
     34 2643
     23 2644
     28 2645
     28 2646
     41 2647
     24 2648
     30 2649
     46 2650
     26 2651
     29 2652
     28 2653
     29 2654
     25 2655
     20 2656
     25 2657
     26 2658
     32 2659
     26 2660
     25 2661
     25 2662
     35 2663
     40 2664
     38 2665
     26 2666
     35 2667
     23 2668
     33 2669
     29 2670
     30 2671
     36 2672
     29 2673
     32 2674
     24 2675
     27 2676
     34 2677
     24 2678
     27 2679
     22 2680
     23 2681
     29 2682
     28 2683
     29 2684
     24 2685
     25 2686
     26 2687
     26 2688
     34 2689
     25 2690
     26 2691
     23 2692
     26 2693
     27 2694
     30 2695
     29 2696
     17 2697
     21 2698
     27 2699
     31 2700
     36 2701
     26 2702
     36 2703
     19 2704
     16 2705
     21 2706
     17 2707
     22 2708
     26 2709
     26 2710
     21 2711
     17 2712
     26 2713
     22 2714
     17 2715
     20 2716
     25 2717
     19 2718
     17 2719
     25 2720
     13 2721
     18 2722
     15 2723
     30 2724
     20 2725
     18 2726
     26 2727
      4 2728
     25 2729
     14 2730
     17 2731
     24 2732
     18 2733
     16 2734
     11 2735
     14 2736
     10 2737
     14 2738
     19 2739
     19 2740
     22 2741
     20 2742
     20 2743
     26 2744
     20 2745
     22 2746
     16 2747
     19 2748
     19 2749
     17 2750
     15 2751
     19 2752
     19 2753
     14 2754
     18 2755
     14 2756
     17 2757
     12 2758
     17 2759
     17 2760
     21 2761
     18 2762
     15 2763
     18 2764
     19 2765
     21 2766
     17 2767
     25 2768
     17 2769
     14 2770
     23 2771
     21 2772
     21 2773
     14 2774
     27 2775
     21 2776
     18 2777
     18 2778
     18 2779
     11 2780
     22 2781
     21 2782
     20 2783
     17 2784
     19 2785
     22 2786
     13 2787
     18 2788
     17 2789
      8 2790
     20 2791
     10 2792
     15 2793
     14 2794
     21 2795
     16 2796
     19 2797
     15 2798
     25 2799
     22 2800
     18 2801
     16 2802
     20 2803
     20 2804
     16 2805
     18 2806
     22 2807
     17 2808
     18 2809
     24 2810
     17 2811
     11 2812
     16 2813
     17 2814
     22 2815
     14 2816
     16 2817
     18 2818
     24 2819
     12 2820
     10 2821
     18 2822
     14 2823
     32 2824
     20 2825
     20 2826
     17 2827
     20 2828
     21 2829
     24 2830
     13 2831
     17 2832
     15 2833
     27 2834
     17 2835
     19 2836
     22 2837
     19 2838
     16 2839
     18 2840
     23 2841
     21 2842
     20 2843
     17 2844
     21 2845
     17 2846
     26 2847
     12 2848
     16 2849
     13 2850
     20 2851
     17 2852
     19 2853
     15 2854
     30 2855
     15 2856
     22 2857
     20 2858
     18 2859
     13 2860
     19 2861
     12 2862
     16 2863
     21 2864
     24 2865
     23 2866
     21 2867
     22 2868
     16 2869
     14 2870
     19 2871
     15 2872
     14 2873
     18 2874
     18 2875
     19 2876
     18 2877
     16 2878
     18 2879
      8 2880
     22 2881
     19 2882
     25 2883
     19 2884
     18 2885
     18 2886
     16 2887
     23 2888
     22 2889
     16 2890
     15 2891
     19 2892
     16 2893
     12 2894
     17 2895
     22 2896
     15 2897
     17 2898
     16 2899
     12 2900
     18 2901
     17 2902
     18 2903
     14 2904
     17 2905
     14 2906
      9 2907
     25 2908
     24 2909
     23 2910
      7 2911
     17 2912
     16 2913
     18 2914
     20 2915
     21 2916
     14 2917
     18 2918
     18 2919
     16 2920
     17 2921
     18 2922
     19 2923
     21 2924
     25 2925
     23 2926
     17 2927
     15 2928
     17 2929
     19 2930
     13 2931
     11 2932
     16 2933
     23 2934
     20 2935
     14 2936
     17 2937
     15 2938
     18 2939
     10 2940
     20 2941
     12 2942
     18 2943
     17 2944
     14 2945
     23 2946
     12 2947
     17 2948
     15 2949
     18 2950
     15 2951
     16 2952
     11 2953
     11 2954
     17 2955
     21 2956
     10 2957
     15 2958
     14 2959
     19 2960
     14 2961
     10 2962
     12 2963
     14 2964
     11 2965
     12 2966
     15 2967
     14 2968
     12 2969
     26 2970
     11 2971
     17 2972
     10 2973
      7 2974
     15 2975
     20 2976
     11 2977
     14 2978
     12 2979
     16 2980
      8 2981
     16 2982
     14 2983
     11 2984
     18 2985
     13 2986
      9 2987
     10 2988
     10 2989
     18 2990
     11 2991
      5 2992
     16 2993
     23 2994
     13 2995
     18 2996
     15 2997
     17 2998
      9 2999
     19 3000
     16 3001
     18 3002
     18 3003
     17 3004
     19 3005
     10 3006
     13 3007
     15 3008
     17 3009
     10 3010
     20 3011
      5 3012
     13 3013
     17 3014
     20 3015
     16 3016
     12 3017
     16 3018
     14 3019
     22 3020
     16 3021
     18 3022
     19 3023
     11 3024
     16 3025
     16 3026
     18 3027
     17 3028
     19 3029
     17 3030
     14 3031
     17 3032
     21 3033
     16 3034
     11 3035
     11 3036
     28 3037
     17 3038
     22 3039
     17 3040
     17 3041
     12 3042
     13 3043
     23 3044
      8 3045
     15 3046
     15 3047
     16 3048
     12 3049
     21 3050
     16 3051
     15 3052
     11 3053
      9 3054
     21 3055
     14 3056
     27 3057
     12 3058
     16 3059
     17 3060
     20 3061
     13 3062
     12 3063
     14 3064
     19 3065
     15 3066
     18 3067
     16 3068
     16 3069
     15 3070
     18 3071
     14 3072
      6 3073
     17 3074
     13 3075
     17 3076
     21 3077
     15 3078
     12 3079
     10 3080
      8 3081
     10 3082
     15 3083
     15 3084
     10 3085
      9 3086
     12 3087
     15 3088
     16 3089
      9 3090
     11 3091
     13 3092
     13 3093
     17 3094
     12 3095
     19 3096
     11 3097
     17 3098
     13 3099
     15 3100
     13 3101
     13 3102
     16 3103
     19 3104
     13 3105
      8 3106
     12 3107
      8 3108
     12 3109
     11 3110
     18 3111
     12 3112
     12 3113
     13 3114
     19 3115
     11 3116
     12 3117
     16 3118
      8 3119
     14 3120
     15 3121
      9 3122
     21 3123
     13 3124
     18 3125
     11 3126
     10 3127
     13 3128
     12 3129
     15 3130
     12 3131
     15 3132
     11 3133
     18 3134
     15 3135
     13 3136
     17 3137
     14 3138
     13 3139
     13 3140
     13 3141
     10 3142
     19 3143
     11 3144
      8 3145
     13 3146
     14 3147
     13 3148
      9 3149
     19 3150
     18 3151
     11 3152
     10 3153
      7 3154
     16 3155
     16 3156
     11 3157
     14 3158
     18 3159
      5 3160
     10 3161
     15 3162
     10 3163
     19 3164
      9 3165
     15 3166
     14 3167
     17 3168
     12 3169
     19 3170
      8 3171
     16 3172
      9 3173
     16 3174
     15 3175
     16 3176
     12 3177
     14 3178
      8 3179
     17 3180
     11 3181
      7 3182
      7 3183
     17 3184
      9 3185
      9 3186
     11 3187
      7 3188
      8 3189
     18 3190
     15 3191
     10 3192
      6 3193
     17 3194
     14 3195
     16 3196
     12 3197
     11 3198
     14 3199
     12 3200
     10 3201
     11 3202
      8 3203
      9 3204
     11 3205
     12 3206
     12 3207
      4 3208
      8 3209
      8 3210
     13 3211
      9 3212
     13 3213
     10 3214
     13 3215
     11 3216
     15 3217
     13 3218
     11 3219
     12 3220
     16 3221
     10 3222
     11 3223
      9 3224
      8 3225
     14 3226
      5 3227
      7 3228
     14 3229
     11 3230
     17 3231
      8 3232
     10 3233
      6 3234
      9 3235
      5 3236
     15 3237
     13 3238
     13 3239
     14 3240
     18 3241
      8 3242
      6 3243
     10 3244
     13 3245
     11 3246
     13 3247
      8 3248
      5 3249
     11 3250
     14 3251
      9 3252
      5 3253
      9 3254
     18 3255
     11 3256
     13 3257
      9 3258
     12 3259
      7 3260
     14 3261
      6 3262
     12 3263
      7 3264
     13 3265
     15 3266
     16 3267
     12 3268
     11 3269
     13 3270
     15 3271
     10 3272
      8 3273
     14 3274
     14 3275
     11 3276
     12 3277
     12 3278
      5 3279
     13 3280
     14 3281
     11 3282
     19 3283
      8 3284
      8 3285
      9 3286
     17 3287
      9 3288
      8 3289
     13 3290
      7 3291
      5 3292
      9 3293
     14 3294
     12 3295
      9 3296
     11 3297
     12 3298
     15 3299
     12 3300
      6 3301
      7 3302
     12 3303
     15 3304
     10 3305
     13 3306
     15 3307
      8 3308
     10 3309
      9 3310
     16 3311
      9 3312
     10 3313
     13 3314
      9 3315
      8 3316
     11 3317
      6 3318
     14 3319
     17 3320
      6 3321
      8 3322
     11 3323
     12 3324
     11 3325
      7 3326
      8 3327
      8 3328
     14 3329
     14 3330
      9 3331
     14 3332
     10 3333
      6 3334
     11 3335
     14 3336
      5 3337
     13 3338
     14 3339
      8 3340
     14 3341
     13 3342
     11 3343
     12 3344
      5 3345
      9 3346
     10 3347
     11 3348
      2 3349
      7 3350
      6 3351
      7 3352
     14 3353
      9 3354
      7 3355
      8 3356
     10 3357
      9 3358
     14 3359
     12 3360
     11 3361
      8 3362
     11 3363
      8 3364
      7 3365
     11 3366
     13 3367
      5 3368
     11 3369
      8 3370
     12 3371
     14 3372
     11 3373
     10 3374
     15 3375
     11 3376
     13 3377
     11 3378
     12 3379
     12 3380
      9 3381
     11 3382
     12 3383
      9 3384
     10 3385
     12 3386
     12 3387
      9 3388
     12 3389
      6 3390
     11 3391
     16 3392
     14 3393
      8 3394
      7 3395
     13 3396
      9 3397
     15 3398
     12 3399
     13 3400
      7 3401
      9 3402
      9 3403
     15 3404
      4 3405
     14 3406
     11 3407
      7 3408
     12 3409
      6 3410
     13 3411
      7 3412
     16 3413
     12 3414
     12 3415
      7 3416
      9 3417
      8 3418
     12 3419
      9 3420
     12 3421
     10 3422
      9 3423
     13 3424
      9 3425
      7 3426
     14 3427
     13 3428
     13 3429
     10 3430
     10 3431
     14 3432
     12 3433
      4 3434
     11 3435
      9 3436
      9 3437
     11 3438
      8 3439
     14 3440
     15 3441
     10 3442
     13 3443
     11 3444
      9 3445
      5 3446
     10 3447
     12 3448
      5 3449
      7 3450
      4 3451
     13 3452
     10 3453
     10 3454
     12 3455
     13 3456
     10 3457
     10 3458
     12 3459
     15 3460
      4 3461
      8 3462
      9 3463
     12 3464
     11 3465
     11 3466
      8 3467
     10 3468
     11 3469
      9 3470
      8 3471
     19 3472
      9 3473
     17 3474
     14 3475
      8 3476
      4 3477
      8 3478
     14 3479
     12 3480
      7 3481
      8 3482
     11 3483
      4 3484
     14 3485
     13 3486
      9 3487
     12 3488
      9 3489
     14 3490
      9 3491
     11 3492
      7 3493
      5 3494
     10 3495
      6 3496
     11 3497
     13 3498
     14 3499
     11 3500
     11 3501
      8 3502
     12 3503
      7 3504
      9 3505
      8 3506
      6 3507
     10 3508
     11 3509
      9 3510
     11 3511
      5 3512
     13 3513
     15 3514
      9 3515
     15 3516
      6 3517
      2 3518
     11 3519
     10 3520
      6 3521
      3 3522
     14 3523
      8 3524
      5 3525
     10 3526
      5 3527
      7 3528
      8 3529
     14 3530
     12 3531
      7 3532
     12 3533
      9 3534
     12 3535
     11 3536
      8 3537
     10 3538
     14 3539
     11 3540
     14 3541
     11 3542
     12 3543
      2 3544
      7 3545
     11 3546
      7 3547
      9 3548
      4 3549
      4 3550
      8 3551
     12 3552
     11 3553
     10 3554
      9 3555
     11 3556
     13 3557
      9 3558
      6 3559
      7 3560
     10 3561
      9 3562
     13 3563
     11 3564
      8 3565
      9 3566
      6 3567
      8 3568
      8 3569
     10 3570
      6 3571
      5 3572
     10 3573
      2 3574
     12 3575
      8 3576
      7 3577
      8 3578
     11 3579
      9 3580
      5 3581
      6 3582
     10 3583
      6 3584
      7 3585
      7 3586
     10 3587
      7 3588
     11 3589
     11 3590
     13 3591
      7 3592
      7 3593
      8 3594
     10 3595
     12 3596
      7 3597
      8 3598
      9 3599
      8 3600
      4 3601
     13 3602
      8 3603
     15 3604
     12 3605
      5 3606
      7 3607
     10 3608
     13 3609
     16 3610
     11 3611
     16 3612
      7 3613
     11 3614
      4 3615
      6 3616
     12 3617
     10 3618
     12 3619
     15 3620
     10 3621
      5 3622
     13 3623
     13 3624
      1 3625
     11 3626
      6 3627
      9 3628
      9 3629
      9 3630
      8 3631
      7 3632
      8 3633
      9 3634
     13 3635
      9 3636
      5 3637
      7 3638
     13 3639
      6 3640
     13 3641
      9 3642
      8 3643
     11 3644
      4 3645
      7 3646
      8 3647
     10 3648
      7 3649
      9 3650
     16 3651
      8 3652
     10 3653
     12 3654
     14 3655
     10 3656
      5 3657
      8 3658
     14 3659
     11 3660
      6 3661
      4 3662
      7 3663
     10 3664
      6 3665
     12 3666
      8 3667
     12 3668
      9 3669
      8 3670
      6 3671
      7 3672
      6 3673
     11 3674
     17 3675
      9 3676
      7 3677
      8 3678
     12 3679
     12 3680
      8 3681
      8 3682
      9 3683
     13 3684
      8 3685
     16 3686
     11 3687
     11 3688
      8 3689
      9 3690
      6 3691
      8 3692
      7 3693
     13 3694
      7 3695
     11 3696
      8 3697
     10 3698
      6 3699
     10 3700
     11 3701
      6 3702
     11 3703
      9 3704
      8 3705
      9 3706
      7 3707
     13 3708
     10 3709
     14 3710
     13 3711
      9 3712
     14 3713
     13 3714
      5 3715
     13 3716
     10 3717
     10 3718
      7 3719
      6 3720
      8 3721
      6 3722
     11 3723
     10 3724
      6 3725
      7 3726
     10 3727
      9 3728
     11 3729
      4 3730
     10 3731
      8 3732
      7 3733
      6 3734
     11 3735
     10 3736
      4 3737
      7 3738
     10 3739
      3 3740
      8 3741
     11 3742
     10 3743
     13 3744
     11 3745
      7 3746
      7 3747
      8 3748
     15 3749
     12 3750
      4 3751
      6 3752
     17 3753
      8 3754
      6 3755
      5 3756
     13 3757
      5 3758
      7 3759
     14 3760
     12 3761
      9 3762
      8 3763
      8 3764
      8 3765
      6 3766
     12 3767
     13 3768
      9 3769
     12 3770
      8 3771
      9 3772
     12 3773
      9 3774
      8 3775
      7 3776
     17 3777
      8 3778
      6 3779
     12 3780
     11 3781
      7 3782
      4 3783
     10 3784
      8 3785
     10 3786
      7 3787
     11 3788
      6 3789
     17 3790
      9 3791
     10 3792
     11 3793
     14 3794
     10 3795
      8 3796
     11 3797
     10 3798
     13 3799
     15 3800
      5 3801
      7 3802
      7 3803
      8 3804
     11 3805
      8 3806
      5 3807
      6 3808
      7 3809
      6 3810
     10 3811
      6 3812
     12 3813
      9 3814
      9 3815
     17 3816
      2 3817
     11 3818
      8 3819
     10 3820
      5 3821
      7 3822
      9 3823
      9 3824
     13 3825
     11 3826
     11 3827
      7 3828
      5 3829
      7 3830
      6 3831
      7 3832
     10 3833
      6 3834
     12 3835
     13 3836
      6 3837
     10 3838
      6 3839
     11 3840
      6 3841
      5 3842
      5 3843
      6 3844
      7 3845
      4 3846
      6 3847
      4 3848
      4 3849
      4 3850
     10 3851
      8 3852
      7 3853
     13 3854
      8 3855
      5 3856
      9 3857
      7 3858
      6 3859
      9 3860
      7 3861
      8 3862
      4 3863
     14 3864
      9 3865
     13 3866
     15 3867
      5 3868
      7 3869
      6 3870
      5 3871
      7 3872
      8 3873
      9 3874
      9 3875
      8 3876
      8 3877
      7 3878
      2 3879
      6 3880
      9 3881
     10 3882
      5 3883
      9 3884
      5 3885
      3 3886
      9 3887
     11 3888
      5 3889
      5 3890
      6 3891
      8 3892
      9 3893
      5 3894
      5 3895
      8 3896
      3 3897
      6 3898
      9 3899
     12 3900
     13 3901
     10 3902
      3 3903
     10 3904
      6 3905
      9 3906
     11 3907
     12 3908
      9 3909
      9 3910
      3 3911
      5 3912
      4 3913
     12 3914
      5 3915
      6 3916
      7 3917
      8 3918
     10 3919
      5 3920
     10 3921
      5 3922
      8 3923
      7 3924
      7 3925
      3 3926
      8 3927
      9 3928
     10 3929
      6 3930
      5 3931
      7 3932
      3 3933
      9 3934
      9 3935
      8 3936
      8 3937
     10 3938
      4 3939
     11 3940
      7 3941
     12 3942
     15 3943
     13 3944
      5 3945
      9 3946
      6 3947
     13 3948
     12 3949
      9 3950
      8 3951
      4 3952
      3 3953
      6 3954
     13 3955
     13 3956
      4 3957
     10 3958
     11 3959
      7 3960
      8 3961
      5 3962
      9 3963
      9 3964
     10 3965
      9 3966
     10 3967
      6 3968
      9 3969
     11 3970
     11 3971
      5 3972
      5 3973
      5 3974
      1 3975
      8 3976
      4 3977
     10 3978
      7 3979
     11 3980
      5 3981
      7 3982
      6 3983
      7 3984
     10 3985
      5 3986
      6 3987
     10 3988
      9 3989
      6 3990
     10 3991
      9 3992
      6 3993
     10 3994
      4 3995
      5 3996
      4 3997
      7 3998
      6 3999
      4 4000
      4 4001
      5 4002
      7 4003
      7 4004
      5 4005
      7 4006
      4 4007
      5 4008
      6 4009
      5 4010
      7 4011
      5 4012
     10 4013
      7 4014
      7 4015
     11 4016
      9 4017
      6 4018
     11 4019
      4 4020
     10 4021
     10 4022
      7 4023
      3 4024
      8 4025
      7 4026
      7 4027
      7 4028
      3 4029
     10 4030
      7 4031
      4 4032
      6 4033
      8 4034
     13 4035
      5 4036
      9 4037
     11 4038
      6 4039
      6 4040
      7 4041
      7 4042
      6 4043
      7 4044
      4 4045
     14 4046
      4 4047
     11 4048
      7 4049
      7 4050
      9 4051
      9 4052
      8 4053
      6 4054
      7 4055
      4 4056
     10 4057
      7 4058
     13 4059
     11 4060
     10 4061
      9 4062
      4 4063
      6 4064
      5 4065
      3 4066
     10 4067
      5 4068
     11 4069
      4 4070
      7 4071
      7 4072
      5 4073
      6 4074
      9 4075
      6 4076
     10 4077
     10 4078
      6 4079
     10 4080
      5 4081
      9 4082
      8 4083
      5 4084
      8 4085
      6 4086
      8 4087
      9 4088
      9 4089
     10 4090
     11 4091
      5 4092
      5 4093
      4 4094
      7 4095
      9 4096
      5 4097
      9 4098
      2 4099
      5 4100
      4 4101
      5 4102
      8 4103
      8 4104
      6 4105
      7 4106
      3 4107
     10 4108
     11 4109
      6 4110
      4 4111
      4 4112
      5 4113
      6 4114
      9 4115
      7 4116
      8 4117
      9 4118
      6 4119
      6 4120
      9 4121
      5 4122
      4 4123
      8 4124
      6 4125
      8 4126
      3 4127
      7 4128
      1 4129
      9 4130
      6 4131
      6 4132
      6 4133
     11 4134
      7 4135
      5 4136
      6 4137
      7 4138
     10 4139
      4 4140
      5 4141
      2 4142
      5 4143
      9 4144
     13 4145
      6 4146
     11 4147
      5 4148
      8 4149
      5 4150
      6 4151
      7 4152
     13 4153
     11 4154
      3 4155
      3 4156
     10 4157
      6 4158
      5 4159
     10 4160
      9 4161
      3 4162
      4 4163
      7 4164
      8 4165
     11 4166
      4 4167
     13 4168
      6 4169
      8 4170
      7 4171
      7 4172
      5 4173
      5 4174
      3 4175
     13 4176
      3 4177
      1 4178
      5 4179
      5 4180
     11 4181
      5 4182
     12 4183
      6 4184
      7 4185
      7 4186
      8 4187
      4 4188
      4 4189
      6 4190
      4 4191
      4 4192
      4 4193
      7 4194
      8 4195
      8 4196
      8 4197
     10 4198
      8 4199
      8 4200
     12 4201
      9 4202
      3 4203
      8 4204
      7 4205
      7 4206
      7 4207
      6 4208
      5 4209
     10 4210
      9 4211
      6 4212
     11 4213
      8 4214
      8 4215
      5 4216
      5 4217
      7 4218
      4 4219
      6 4220
      5 4221
      4 4222
      3 4223
      6 4224
      6 4225
      2 4226
      4 4227
      4 4228
     11 4229
      6 4230
      6 4231
      4 4232
      4 4233
      5 4234
      8 4235
      8 4236
      4 4237
      5 4238
     12 4239
      6 4240
      8 4241
      6 4242
     10 4243
     10 4244
      3 4245
     11 4246
      8 4247
     10 4248
      8 4249
     10 4250
      4 4251
      5 4252
      5 4253
      4 4254
      4 4255
      3 4256
      6 4257
      3 4258
      6 4259
      6 4260
      5 4261
      5 4262
      5 4263
      5 4264
      5 4265
      2 4266
      8 4267
      3 4268
      3 4269
      8 4270
      7 4271
      6 4272
      4 4273
      6 4274
      4 4275
      5 4276
      4 4277
      2 4278
      5 4279
      1 4280
      2 4281
      5 4282
      5 4283
      6 4284
      1 4285
      2 4286
      7 4287
      4 4288
      3 4289
      3 4290
      3 4291
      3 4292
      5 4293
      5 4294
      3 4295
      5 4296
      4 4297
      3 4298
      3 4299
      1 4300
      4 4301
      4 4302
      6 4303
      2 4304
      5 4305
      6 4306
      2 4307
      3 4308
      5 4309
      5 4310
      7 4311
      5 4312
      2 4313
      3 4314
      1 4315
      7 4316
      3 4317
      6 4318
      3 4319
      3 4320
      5 4321
      9 4322
      3 4323
      5 4324
      6 4325
      4 4326
      4 4327
      3 4328
      8 4329
      3 4330
      1 4331
      6 4332
      5 4333
      3 4334
      2 4335
      3 4336
      1 4337
     11 4338
      3 4339
      5 4340
      3 4341
      3 4342
      5 4343
      2 4344
      2 4345
      7 4346
      7 4347
      5 4348
      3 4349
      4 4350
      4 4351
      5 4352
      8 4353
      3 4354
      6 4355
      4 4356
      3 4357
      5 4358
      1 4361
      4 4362
      3 4363
      6 4364
      4 4365
      1 4366
      5 4367
      7 4368
      5 4369
      3 4370
      7 4371
      3 4372
      3 4373
      6 4374
      2 4375
      3 4376
      6 4377
      6 4378
      2 4379
      7 4380
      2 4381
      2 4382
      6 4383
      9 4384
      1 4385
      6 4386
     10 4387
      2 4388
      2 4389
      5 4390
      4 4391
      6 4392
      2 4393
      2 4394
      4 4395
      1 4396
      2 4397
      3 4398
      3 4399
      1 4400
      2 4401
      7 4402
      3 4403
      2 4404
      5 4405
      4 4406
      5 4407
      3 4408
      6 4409
      5 4410
      5 4411
      8 4412
      3 4413
      8 4414
      6 4415
      4 4416
      7 4417
      5 4418
      8 4419
      4 4420
      2 4421
      2 4422
      1 4423
      6 4424
      4 4425
      1 4426
      6 4427
      1 4428
      4 4429
      1 4430
      1 4431
      4 4432
      6 4433
      4 4434
      3 4435
      3 4436
      3 4437
      2 4438
      5 4439
      4 4440
      3 4441
      4 4442
      3 4443
      5 4444
      6 4445
      3 4446
      6 4448
      2 4449
      5 4450
      9 4451
      4 4452
      5 4453
      4 4454
      4 4455
      3 4456
      4 4457
      3 4458
      3 4459
      7 4460
      5 4461
      2 4462
      2 4463
      4 4464
      4 4465
      6 4466
      5 4467
      5 4468
      9 4469
      5 4470
      7 4471
      2 4472
      4 4473
      3 4474
      3 4475
      2 4476
      4 4477
      2 4478
      6 4479
      6 4480
      7 4481
      8 4482
      2 4483
      7 4484
      4 4485
      9 4486
      6 4487
      6 4488
      3 4489
      2 4490
      4 4491
      4 4492
      5 4493
      4 4494
      5 4495
      3 4496
      4 4498
      6 4499
      3 4500
      2 4501
      7 4502
      3 4503
      6 4504
      2 4505
      5 4506
      5 4507
      3 4508
      3 4509
      5 4510
      3 4511
      6 4512
      7 4513
      4 4514
      2 4515
      5 4516
      6 4517
      7 4518
      3 4519
      4 4520
      6 4521
      5 4522
      4 4523
      2 4524
      3 4525
      4 4526
      2 4527
      4 4528
      3 4529
      5 4530
      8 4531
      5 4532
      3 4533
      5 4534
      3 4535
      7 4536
      1 4537
      5 4538
      5 4539
      4 4540
      1 4541
      2 4542
      7 4543
      7 4544
      4 4545
      5 4546
      5 4547
      2 4548
      3 4549
      7 4550
      5 4551
      5 4552
      3 4553
      5 4554
      3 4555
      1 4556
      3 4557
      6 4558
      5 4559
      4 4560
      3 4561
      5 4562
      4 4563
      4 4566
      2 4567
      1 4568
      6 4569
      5 4570
      3 4571
      3 4572
      4 4573
      6 4574
      5 4575
      9 4576
      5 4577
      6 4578
      5 4579
      8 4580
      4 4581
      2 4582
     10 4583
      5 4584
      3 4585
      2 4586
      7 4587
      4 4588
      9 4589
      8 4590
      1 4591
      4 4592
      5 4593
      3 4594
      4 4595
      5 4596
      4 4597
      2 4598
      5 4599
      3 4600
      6 4601
      5 4602
      6 4603
      4 4604
      4 4605
      2 4606
      3 4607
      4 4608
      7 4609
      6 4610
      4 4611
      3 4612
      2 4613
      7 4614
      2 4615
      6 4616
      2 4617
      5 4618
      5 4619
      3 4620
      2 4621
      6 4622
      5 4623
      3 4624
      3 4625
      4 4626
      6 4627
      3 4628
      6 4629
      3 4630
      3 4631
      1 4632
      4 4633
      2 4634
      4 4635
      6 4636
      1 4637
      1 4638
      6 4639
      2 4640
      1 4641
      3 4642
      5 4643
      4 4644
      5 4645
      1 4646
      3 4647
      1 4648
      4 4649
      4 4650
      4 4651
      5 4652
      3 4653
      3 4654
      8 4655
      8 4656
      2 4657
      2 4658
      4 4659
      2 4660
      4 4661
      6 4662
      5 4663
      3 4664
      2 4665
      5 4666
      5 4667
      5 4668
      4 4669
      4 4670
      5 4671
      3 4672
      2 4673
      2 4674
      3 4675
      3 4676
      2 4677
      3 4678
      5 4679
      4 4680
      3 4681
      5 4682
      6 4684
      4 4685
      4 4686
      3 4687
      6 4688
      4 4689
      1 4690
      2 4691
      3 4692
      7 4693
      6 4694
      4 4695
      4 4696
      3 4697
      5 4699
      3 4700
      5 4701
      4 4702
      3 4703
      3 4704
      6 4705
      7 4706
      7 4707
      5 4708
      1 4709
      2 4710
      4 4711
      2 4712
      3 4713
      4 4714
      6 4715
      7 4716
      4 4717
      4 4718
      3 4719
      6 4720
      4 4721
      1 4722
      2 4723
      1 4724
      5 4725
      3 4726
      7 4727
      4 4728
      1 4729
      3 4730
      6 4731
      7 4732
      5 4733
      3 4734
      2 4735
      3 4736
      5 4737
      2 4738
      3 4739
      4 4740
      3 4741
      3 4742
      2 4743
      5 4744
      4 4745
      1 4746
      4 4747
      1 4748
      5 4749
      5 4750
      2 4751
      5 4752
      2 4753
      3 4754
      6 4755
      3 4757
      2 4758
      4 4759
      3 4760
      5 4761
      2 4762
      4 4763
      4 4764
      1 4765
      3 4766
      7 4767
      8 4768
      3 4769
      2 4770
      2 4771
      3 4772
      4 4773
      2 4774
      6 4775
      7 4776
      1 4777
      1 4778
      2 4779
      3 4780
      2 4781
      3 4782
      8 4783
      2 4784
      4 4785
      4 4786
      6 4787
      2 4788
      7 4789
      4 4790
      2 4792
      2 4793
      7 4794
      4 4795
      3 4796
      2 4797
      3 4798
      4 4799
      2 4800
      2 4801
      7 4802
      7 4803
      6 4804
      3 4805
      1 4806
      4 4807
      1 4808
      4 4809
      6 4810
      3 4811
      6 4812
      6 4813
      1 4814
      4 4815
      3 4816
      3 4817
      1 4818
      5 4819
      5 4820
      3 4821
      3 4822
      4 4823
      2 4824
      2 4825
      7 4826
      2 4827
      6 4828
      4 4829
      1 4830
      4 4831
     10 4832
      3 4833
      5 4834
      7 4835
      6 4836
      3 4837
      5 4838
      1 4839
      5 4840
      5 4841
      5 4842
      6 4843
      5 4844
      3 4845
      4 4846
      7 4847
      1 4848
      6 4849
      8 4850
      3 4851
      6 4852
      5 4853
      3 4854
      3 4855
      4 4856
      5 4857
      4 4858
      6 4859
      6 4860
      2 4861
      5 4862
     12 4863
      6 4864
      2 4865
      6 4866
      5 4867
      3 4868
      2 4869
      3 4870
      9 4871
      2 4872
      4 4873
      6 4874
      4 4875
      4 4876
      1 4877
      1 4878
      3 4879
      3 4880
      3 4881
      2 4882
      4 4883
      4 4884
      3 4885
      6 4886
      4 4887
      4 4888
      5 4889
      3 4890
      6 4891
      4 4892
      2 4893
      3 4894
      4 4895
      5 4896
      5 4897
      2 4898
      3 4899
      1 4900
      4 4901
      5 4902
      4 4903
      5 4904
      4 4905
      2 4906
      8 4907
      5 4908
      4 4909
      3 4911
      6 4912
      2 4913
      1 4914
      2 4915
      1 4916
      6 4917
      3 4918
      6 4919
      4 4920
      4 4921
      9 4922
      2 4923
      2 4924
      5 4925
      5 4926
      2 4928
      3 4929
      1 4930
      5 4931
      5 4932
      2 4933
      6 4934
      4 4935
      2 4936
      3 4937
      4 4938
      4 4939
      1 4940
      2 4941
      2 4942
      1 4943
      5 4944
      3 4945
      2 4946
      3 4947
      7 4948
      2 4949
      3 4950
      3 4951
      3 4952
      1 4954
      2 4955
      1 4956
      4 4957
      2 4958
      1 4959
      6 4960
      1 4961
      4 4962
      2 4963
      2 4964
      5 4965
      1 4966
      3 4967
      2 4968
      3 4969
      2 4970
      1 4971
      3 4972
      3 4973
      2 4974
      4 4976
      2 4978
      4 4979
      1 4980
      1 4981
      2 4982
      3 4983
      3 4984
      2 4985
      2 4986
      4 4988
      5 4989
      1 4990
      4 4991
      5 4992
      5 4993
      2 4994
      2 4995
      6 4996
      5 4997
      2 4998
      5 4999
      3 5000
      1 5001
      6 5002
      3 5003
      4 5004
      4 5005
      4 5006
      1 5007
      3 5008
      2 5009
      3 5010
      2 5011
      2 5012
      3 5013
      5 5014
      2 5015
      2 5016
      4 5017
      3 5018
      5 5019
      5 5020
      4 5021
      5 5022
      3 5023
      3 5024
      4 5025
      6 5026
      4 5027
      2 5028
      5 5029
      3 5030
      4 5031
      2 5032
      2 5033
      3 5034
      7 5035
      7 5036
      3 5037
      4 5038
      4 5041
      7 5042
      1 5043
      3 5044
      2 5045
      1 5046
      1 5047
      3 5048
      4 5049
      1 5051
      1 5052
      4 5053
      3 5054
      3 5055
      2 5056
      4 5057
      1 5058
      5 5059
      2 5060
      4 5061
      3 5062
      3 5063
      4 5064
      4 5066
      4 5067
      6 5068
      1 5069
      4 5070
      3 5071
      4 5072
      4 5073
      4 5074
      3 5075
      2 5076
      1 5077
      3 5078
      2 5079
      3 5080
      7 5081
      2 5082
      1 5083
      1 5084
      4 5085
      1 5086
      5 5087
      5 5088
      2 5090
      1 5091
      6 5092
      4 5093
      5 5094
      1 5095
      3 5096
      4 5097
      4 5098
      7 5099
      3 5100
      3 5101
      1 5102
      6 5104
      5 5105
      2 5106
      1 5107
      4 5108
      3 5109
      3 5110
      3 5111
      4 5112
      2 5113
      3 5114
      8 5115
      1 5117
      4 5118
      2 5119
      5 5120
      5 5121
      1 5122
      4 5123
      7 5124
      4 5125
      4 5126
      4 5127
      5 5128
      1 5129
      4 5130
      6 5131
      4 5132
      1 5133
      5 5134
      4 5135
      3 5136
      3 5137
      4 5138
      2 5139
      4 5140
      1 5141
      2 5142
      4 5143
      3 5144
      3 5145
      5 5146
      5 5147
      4 5148
      3 5149
      3 5150
      6 5151
     10 5152
      5 5153
      5 5154
      5 5155
      3 5156
      5 5157
      4 5158
      3 5160
      5 5161
      2 5162
      3 5163
      2 5164
      4 5165
      2 5166
      1 5167
      1 5168
      6 5169
      3 5170
      4 5171
      1 5172
      1 5173
      3 5174
      3 5175
      1 5176
      6 5177
      1 5178
      5 5179
      3 5180
      5 5182
      2 5183
      3 5184
      2 5185
      1 5186
      3 5187
      3 5188
      6 5189
      2 5190
      4 5191
      3 5192
      5 5193
      3 5194
      4 5195
      2 5196
      8 5197
      5 5198
      2 5199
      5 5200
      4 5201
      4 5202
      7 5203
      5 5204
      3 5205
      4 5206
      1 5207
      5 5208
      4 5209
      3 5210
      2 5211
      2 5212
      4 5213
      4 5214
      4 5215
      1 5216
      2 5217
      4 5218
      2 5219
      3 5220
      2 5221
      3 5222
      1 5223
      2 5224
      7 5225
      5 5226
      1 5227
      2 5228
      1 5229
      2 5230
      2 5231
      2 5232
      3 5233
      1 5235
      4 5236
      2 5237
      2 5238
      1 5239
      5 5240
      4 5241
      2 5242
      2 5243
      1 5244
      3 5245
      3 5247
      2 5248
      1 5249
      2 5250
      5 5251
      3 5252
      1 5253
      3 5254
      3 5255
      2 5256
      3 5257
      3 5258
      4 5259
      3 5260
      3 5261
      1 5262
      1 5263
      1 5264
      2 5265
      2 5266
      3 5267
      2 5270
      2 5271
      2 5272
      3 5273
      4 5274
      1 5275
      3 5276
      4 5279
      1 5280
      2 5281
      1 5282
      1 5283
      1 5284
      1 5285
      1 5286
      3 5287
      1 5288
      2 5289
      2 5290
      2 5291
      2 5292
      3 5293
      1 5294
      1 5296
      5 5297
      4 5298
      2 5299
      3 5301
      1 5303
      1 5304
      4 5305
      2 5306
      1 5307
      1 5308
      2 5309
      2 5310
      1 5311
      1 5312
      2 5313
      3 5314
      3 5315
      2 5317
      4 5318
      1 5319
      1 5320
      2 5321
      3 5322
      3 5323
      2 5324
      1 5325
      1 5327
      2 5328
      3 5329
      3 5330
      1 5334
      1 5335
      1 5336
      1 5337
      4 5338
      3 5339
      2 5341
      2 5342
      1 5343
      2 5345
      2 5346
      2 5347
      1 5348
      2 5349
      2 5350
      2 5352
      5 5353
      2 5354
      4 5355
      1 5356
      2 5357
      2 5358
      4 5359
      4 5360
      2 5361
      3 5362
      1 5363
      3 5364
      4 5365
      1 5366
      2 5367
      4 5368
      4 5369
      4 5370
      4 5371
      1 5372
      2 5373
      2 5374
      1 5375
      3 5376
      3 5378
      3 5379
      6 5380
      1 5381
      2 5382
      5 5383
      4 5384
      6 5385
      2 5386
      4 5387
      1 5388
      2 5389
      2 5390
      1 5391
      2 5392
      2 5393
      4 5394
      2 5395
      4 5396
      1 5397
      3 5398
      1 5399
      2 5400
      2 5401
      1 5402
      2 5403
      2 5404
      3 5405
      3 5407
      1 5408
      3 5409
      2 5410
      2 5412
      2 5414
      4 5415
      1 5416
      4 5417
      4 5418
      4 5419
      1 5420
      3 5421
      3 5422
      1 5423
      2 5424
      1 5425
      1 5426
      6 5427
      8 5428
      5 5429
      4 5430
      1 5431
      2 5432
      1 5433
      5 5434
      2 5435
      2 5436
      4 5437
      6 5438
      2 5439
      3 5440
      2 5441
      3 5442
      2 5445
      2 5446
      3 5447
      2 5448
      3 5449
      2 5450
      1 5451
      2 5452
      1 5454
      3 5455
      1 5456
      3 5457
      2 5458
      2 5459
      2 5460
      3 5461
      3 5462
      1 5463
      1 5464
      3 5466
      1 5467
      2 5468
      1 5469
      1 5470
      2 5471
      1 5472
      1 5473
      2 5474
      2 5475
      1 5476
      1 5477
      2 5478
      3 5479
      2 5483
      2 5484
      5 5485
      5 5486
      1 5487
      4 5489
      1 5490
      2 5491
      3 5492
      2 5493
      2 5494
      2 5495
      5 5496
      5 5497
      1 5498
      4 5499
      2 5500
      2 5501
      3 5502
      2 5503
      3 5504
      2 5505
      6 5506
      3 5507
      1 5508
      4 5509
      2 5510
      3 5511
      7 5512
      3 5513
      4 5514
      1 5515
      3 5516
      1 5517
      1 5518
      3 5519
      2 5520
      3 5521
      4 5522
      2 5523
      3 5525
      4 5527
      4 5528
      1 5529
      2 5530
      1 5531
      2 5532
      4 5533
      3 5534
      2 5535
      2 5536
      1 5537
      2 5538
      4 5539
      2 5540
      4 5541
      3 5543
      1 5544
      2 5545
      2 5546
      1 5547
      2 5548
      3 5549
      2 5550
      2 5551
      2 5552
      1 5553
      1 5554
      3 5555
      2 5557
      3 5558
      1 5559
      2 5560
      3 5561
      5 5562
      3 5563
      2 5564
      2 5565
      2 5566
      1 5567
      1 5569
      3 5570
      1 5571
      2 5572
      1 5573
      6 5574
      4 5577
      3 5578
      1 5579
      1 5580
      1 5581
      3 5582
      1 5583
      1 5584
      1 5585
      1 5586
      7 5587
      1 5588
      3 5589
      2 5590
      1 5591
      2 5592
      3 5593
      4 5594
      1 5596
      1 5597
      1 5598
      4 5599
      6 5601
      3 5602
      2 5603
      3 5604
      1 5605
      2 5607
      2 5608
      2 5610
      3 5611
      4 5612
      3 5613
      2 5614
      1 5615
      1 5616
      8 5617
      1 5618
      1 5620
      1 5621
      1 5622
      2 5623
      3 5624
      2 5627
      3 5628
      1 5629
      1 5630
      4 5632
      3 5633
      1 5634
      2 5635
      2 5636
      1 5637
      2 5638
      1 5639
      1 5640
      2 5641
      2 5642
      2 5644
      4 5645
      2 5646
      3 5647
      1 5648
      3 5650
      3 5651
      3 5652
      1 5653
      1 5654
      3 5655
      1 5657
      1 5658
      1 5659
      1 5660
      2 5661
      1 5662
      1 5663
      1 5664
      2 5665
      2 5666
      1 5667
      2 5668
      2 5669
      2 5671
      4 5672
      4 5673
      4 5674
      1 5675
      4 5676
      1 5677
      3 5679
      3 5680
      2 5681
      2 5683
      2 5684
      1 5685
      2 5686
      2 5687
      2 5691
      2 5692
      1 5694
      1 5695
      1 5696
      1 5697
      2 5699
      5 5700
      2 5701
      1 5702
      1 5703
      3 5704
      1 5705
      2 5706
      2 5707
      1 5708
      3 5709
      1 5710
      1 5711
      1 5712
      3 5715
      1 5716
      1 5717
      3 5718
      1 5719
      1 5720
      3 5723
      4 5724
      2 5725
      3 5726
      3 5727
      1 5728
      1 5729
      1 5730
      1 5733
      2 5734
      2 5736
      2 5737
      2 5738
      1 5739
      2 5741
      3 5744
      2 5746
      1 5747
      5 5748
      1 5749
      2 5750
      2 5751
      3 5752
      2 5754
      2 5755
      1 5756
      1 5757
      3 5758
      2 5759
      5 5760
      2 5761
      4 5762
      2 5763
      1 5764
      1 5766
      4 5767
      2 5770
      3 5772
      1 5773
      4 5774
      1 5776
      2 5777
      2 5779
      4 5782
      1 5783
      2 5784
      3 5785
      1 5786
      3 5787
      1 5789
      6 5790
      1 5791
      1 5792
      4 5794
      2 5795
      1 5796
      2 5798
      2 5799
      1 5800
      3 5801
      2 5802
      2 5803
      1 5804
      1 5805
      1 5808
      2 5810
      2 5815
      1 5816
      3 5817
      2 5818
      1 5819
      1 5820
      2 5821
      2 5822
      3 5823
      2 5826
      3 5827
      2 5828
      1 5829
      2 5830
      1 5831
      1 5832
      3 5833
      1 5834
      2 5836
      3 5837
      2 5838
      2 5839
      2 5840
      2 5841
      1 5842
      1 5844
      2 5845
      2 5846
      4 5847
      2 5848
      3 5849
      2 5851
      2 5852
      3 5853
      5 5854
      1 5855
      2 5856
      2 5857
      1 5858
      1 5859
      2 5860
      4 5861
      1 5862
      1 5863
      1 5864
      3 5865
      1 5867
      2 5870
      2 5872
      1 5873
      1 5874
      5 5876
      1 5877
      2 5878
      1 5879
      3 5880
      5 5881
      2 5882
      1 5883
      1 5884
      2 5886
      1 5887
      2 5891
      1 5892
      7 5893
      2 5894
      1 5895
      3 5896
      3 5898
      2 5900
      1 5901
      2 5902
      2 5903
      1 5905
      4 5907
      2 5910
      2 5911
      4 5912
      1 5913
      2 5914
      2 5915
      3 5916
      1 5917
      3 5918
      2 5919
      2 5920
      1 5921
      1 5922
      2 5923
      1 5924
      1 5925
      2 5926
      2 5927
      3 5928
      4 5929
      3 5931
      3 5933
      2 5934
      1 5935
      2 5936
      5 5937
      1 5938
      3 5940
      2 5941
      1 5942
      4 5943
      3 5944
      1 5945
      2 5946
      1 5947
      5 5948
      3 5949
      1 5950
      1 5951
      2 5952
      3 5955
      2 5956
      1 5957
      1 5958
      1 5959
      2 5961
      2 5962
      2 5963
      2 5964
      2 5965
      1 5966
      3 5967
      1 5968
      2 5969
      1 5970
      4 5971
      1 5972
      1 5973
      1 5974
      5 5975
      1 5976
      1 5978
      1 5979
      2 5981
      4 5982
      1 5983
      3 5986
      1 5988
      2 5989
      1 5990
      3 5991
      1 5992
      2 5993
      3 5994
      1 5996
      1 5997
      3 5998
      1 5999
      2 6000
      2 6001
      2 6002
      2 6003
      2 6004
      1 6005
      3 6006
      1 6007
      3 6009
      1 6011
      1 6014
      2 6015
      1 6017
      2 6018
      1 6019
      1 6021
      3 6022
      4 6023
      1 6024
      2 6026
      3 6027
      5 6028
      1 6030
      1 6031
      2 6032
      2 6033
      1 6034
      1 6035
      1 6036
      2 6037
      2 6038
      3 6039
      3 6040
      1 6041
      2 6042
      2 6043
      1 6044
      2 6045
      2 6046
      4 6047
      2 6048
      1 6049
      3 6051
      2 6052
      2 6053
      1 6054
      1 6055
      1 6056
      3 6057
      2 6058
      4 6060
      3 6061
      1 6062
      3 6063
      1 6064
      5 6065
      1 6066
      7 6067
      3 6068
      1 6069
      2 6070
      1 6071
      1 6073
      1 6074
      1 6075
      3 6076
      1 6077
      4 6078
      1 6079
      4 6082
      4 6083
      6 6085
      2 6086
      2 6087
      2 6089
      3 6090
      1 6091
      2 6092
      3 6093
      3 6094
      1 6095
      1 6096
      5 6097
      3 6100
      3 6101
      1 6102
      1 6103
      1 6104
      2 6105
      1 6106
      1 6107
      3 6108
      1 6109
      4 6111
      1 6112
      2 6113
      2 6114
      3 6115
      1 6116
      1 6117
      2 6119
      3 6120
      2 6121
      1 6123
      3 6125
      4 6126
      3 6127
      4 6128
      2 6129
      5 6131
      3 6132
      1 6133
      2 6134
      4 6135
      2 6136
      3 6137
      1 6138
      3 6139
      1 6140
      3 6141
      2 6142
      2 6143
      5 6144
      3 6145
      1 6146
      1 6147
      6 6148
      3 6149
      6 6150
      2 6151
      2 6152
      2 6153
      3 6154
      2 6155
      1 6157
      1 6158
      2 6159
      2 6160
      1 6161
      5 6164
      1 6165
      2 6166
      3 6167
      3 6168
      1 6169
      4 6170
      2 6172
      4 6173
      1 6174
      6 6175
      2 6176
      1 6177
      1 6178
      5 6179
      2 6181
      7 6182
      2 6183
      2 6184
      2 6186
      3 6187
      3 6188
      4 6189
      3 6190
      2 6191
      5 6192
      3 6193
      2 6194
      1 6195
      1 6197
      2 6198
      2 6199
      3 6200
      2 6201
      3 6202
      2 6203
      1 6205
      3 6206
      1 6207
      3 6209
      3 6210
      1 6211
      1 6212
      3 6213
      6 6215
      2 6217
      4 6218
      3 6219
      2 6220
      1 6221
      1 6222
      1 6224
      4 6225
      2 6226
      1 6227
      2 6228
      3 6229
      5 6230
      4 6231
      2 6232
      1 6233
      4 6234
      2 6235
      6 6236
      5 6237
      1 6238
      3 6239
      1 6240
      5 6241
      5 6242
      3 6243
      7 6244
      2 6245
      4 6246
      1 6248
      5 6249
      4 6250
      3 6251
      1 6252
      2 6253
      2 6254
      1 6255
      1 6257
      3 6258
      2 6259
      3 6260
      2 6261
      3 6262
      4 6263
      1 6264
      2 6265
      2 6267
      6 6268
      3 6269
      1 6271
      2 6274
      6 6275
      1 6276
      2 6277
      2 6278
      1 6279
      2 6280
      5 6281
      2 6282
      1 6283
      5 6284
      3 6285
      1 6286
      3 6287
      1 6288
      5 6289
      2 6290
      4 6292
      2 6293
      2 6294
      1 6295
      1 6296
      2 6297
      1 6298
      3 6299
      2 6300
      1 6301
      1 6302
      3 6303
      2 6304
      2 6305
      2 6306
      3 6307
      3 6308
      2 6309
      1 6311
      1 6313
      1 6314
      1 6315
      2 6316
      3 6318
      1 6319
      1 6320
      2 6324
      2 6325
      2 6326
      2 6327
      1 6328
      1 6329
      1 6330
      2 6331
      1 6332
      3 6333
      3 6334
      1 6335
      1 6336
      3 6337
      1 6338
      4 6339
      4 6341
      3 6344
      2 6345
      3 6346
      5 6347
      2 6348
      1 6349
      3 6350
      1 6351
      2 6355
      2 6356
      3 6357
      1 6358
      2 6359
      1 6360
      3 6362
      1 6363
      3 6364
      3 6367
      3 6368
      2 6369
      1 6370
      1 6371
      1 6372
      1 6373
      1 6375
      2 6376
      3 6377
      1 6380
      4 6381
      2 6382
      2 6383
      2 6384
      2 6385
      1 6386
      1 6387
      4 6388
      1 6389
      1 6390
      1 6392
      1 6394
      5 6395
      1 6396
      1 6397
      1 6398
      1 6399
      1 6400
      3 6401
      3 6402
      4 6403
      2 6404
      3 6405
      5 6406
      1 6408
      1 6409
      1 6411
      3 6412
      2 6413
      2 6414
      4 6415
      1 6417
      2 6419
      2 6422
      1 6423
      3 6424
      3 6426
      2 6427
      2 6428
      3 6429
      2 6430
      2 6431
      2 6433
      3 6434
      2 6435
      1 6439
      3 6440
      1 6441
      1 6442
      2 6443
      1 6444
      2 6445
      1 6447
      1 6448
      2 6450
      2 6451
      1 6453
      1 6456
      1 6459
      2 6463
      1 6464
      1 6465
      1 6466
      1 6467
      1 6468
      1 6469
      1 6471
      1 6472
      2 6475
      1 6478
      1 6479
      2 6480
      1 6481
      3 6484
      1 6485
      3 6486
      1 6487
      2 6489
      1 6491
      1 6493
      1 6495
      1 6497
      2 6498
      2 6502
      1 6504
      1 6505
      1 6507
      2 6509
      1 6511
      2 6512
      1 6513
      1 6514
      1 6515
      4 6516
      1 6518
      1 6519
      2 6520
      1 6522
      2 6524
      2 6525
      3 6526
      1 6527
      2 6528
      2 6532
      1 6534
      2 6535
      2 6537
      2 6538
      1 6539
      1 6540
      1 6541
      2 6542
      1 6543
      2 6545
      1 6546
      2 6548
      1 6550
      1 6553
      1 6557
      1 6563
      1 6564
      2 6565
      2 6569
      1 6570
      1 6572
      2 6573
      1 6575
      1 6576
      1 6577
      1 6578
      1 6579
      1 6580
      3 6587
      1 6588
      1 6589
      1 6592
      2 6593
      1 6596
      1 6597
      1 6599
      1 6600
      1 6602
      1 6604
      2 6605
      2 6609
      2 6610
      2 6612
      2 6613
      2 6614
      1 6615
      1 6621
      3 6622
      1 6623
      1 6624
      3 6632
      1 6633
      2 6636
      1 6637
      2 6638
      3 6639
      2 6640
      2 6641
      1 6642
      2 6645
      2 6647
      1 6649
      1 6650
      1 6652
      1 6653
      2 6654
      1 6656
      1 6659
      1 6660
      1 6661
      1 6663
      1 6665
      2 6666
      1 6668
      3 6669
      2 6671
      3 6673
      1 6677
      1 6679
      1 6680
      2 6681
      2 6682
      1 6684
      1 6690
      2 6691
      1 6692
      1 6693
      1 6698
      1 6699
      2 6700
      1 6702
      1 6703
      1 6706
      2 6711
      3 6712
      2 6715
      1 6716
      1 6717
      1 6718
      1 6719
      1 6720
      5 6721
      2 6722
      1 6723
      1 6726
      1 6727
      1 6728
      1 6729
      1 6730
      1 6732
      1 6733
      1 6735
      1 6736
      1 6737
      1 6738
      1 6742
      3 6745
      1 6748
      1 6751
      1 6753
      1 6754
      3 6755
      1 6756
      1 6757
      2 6758
      1 6759
      1 6760
      1 6761
      2 6763
      1 6764
      2 6766
      1 6767
      1 6768
      2 6770
      1 6773
      1 6776
      2 6777
      3 6778
      1 6779
      2 6780
      3 6781
      1 6782
      1 6789
      2 6790
      1 6792
      1 6793
      2 6796
      1 6797
      1 6799
      1 6800
      1 6802
      1 6803
      2 6805
      1 6808
      1 6811
      1 6812
      1 6813
      1 6814
      1 6815
      1 6816
      1 6818
      1 6819
      1 6822
      1 6823
      3 6825
      2 6826
      1 6828
      1 6829
      1 6830
      1 6831
      3 6832
      1 6835
      2 6836
      2 6837
      1 6842
      2 6846
      1 6847
      1 6848
      2 6851
      2 6852
      1 6853
      1 6856
      1 6857
      1 6858
      1 6859
      1 6860
      2 6861
      3 6862
      2 6864
      1 6865
      1 6866
      2 6868
      1 6869
      1 6870
      1 6871
      1 6876
      4 6878
      2 6879
      1 6880
      2 6884
      1 6885
      2 6886
      2 6887
      1 6888
      2 6889
      1 6892
      1 6893
      2 6894
      1 6895
      2 6896
      1 6898
      2 6899
      2 6900
      2 6902
      2 6904
      1 6905
      2 6906
      2 6907
      1 6909
      5 6910
      1 6911
      1 6912
      1 6913
      1 6914
      2 6917
      2 6919
      1 6922
      1 6927
      3 6928
      1 6929
      1 6931
      1 6932
      1 6934
      1 6935
      2 6936
      1 6937
      1 6939
      1 6940
      1 6941
      2 6942
      4 6943
      1 6946
      2 6949
      1 6951
      2 6953
      3 6955
      1 6956
      2 6958
      1 6960
      4 6962
      1 6963
      2 6966
      2 6968
      1 6969
      1 6970
      1 6972
      3 6974
      1 6975
      1 6976
      2 6979
      2 6980
      1 6981
      1 6982
      3 6983
      1 6984
      1 6985
      1 6988
      2 6992
      3 6998
      3 6999
      1 7000
      2 7001
      2 7005
      1 7006
      1 7008
      2 7009
      2 7010
      2 7011
      1 7012
      1 7013
      2 7014
      1 7015
      1 7016
      1 7017
      2 7018
      3 7019
      2 7020
      2 7022
      1 7026
      1 7027
      1 7030
      1 7031
      1 7032
      3 7033
      1 7034
      1 7035
      1 7036
      1 7037
      1 7039
      2 7043
      1 7044
      3 7046
      1 7047
      2 7049
      1 7051
      2 7054
      1 7055
      1 7056
      3 7058
      1 7059
      1 7062
      1 7063
      1 7064
      1 7065
      1 7066
      1 7067
      1 7068
      1 7069
      1 7074
      1 7078
      1 7080
      2 7081
      1 7082
      2 7083
      1 7084
      1 7085
      2 7086
      2 7087
      3 7088
      1 7089
      3 7090
      2 7091
      2 7092
      2 7093
      1 7096
      4 7097
      1 7098
      2 7100
      3 7101
      2 7102
      1 7103
      3 7104
      1 7105
      1 7106
      2 7108
      1 7109
      1 7111
      2 7112
      2 7114
      1 7116
      1 7119
      3 7122
      1 7123
      1 7127
      1 7129
      2 7131
      1 7132
      3 7134
      2 7136
      1 7138
      2 7140
      1 7141
      1 7143
      1 7145
      1 7147
      1 7148
      2 7152
      3 7153
      1 7154
      1 7155
      1 7156
      2 7158
      1 7159
      1 7160
      1 7161
      3 7162
      1 7166
      1 7167
      3 7169
      1 7170
      1 7171
      1 7174
      1 7176
      1 7177
      2 7178
      1 7179
      2 7180
      2 7181
      3 7183
      1 7184
      1 7185
      2 7186
      2 7187
      2 7189
      2 7194
      1 7195
      1 7196
      1 7199
      2 7200
      4 7202
      1 7204
      3 7209
      1 7210
      1 7214
      1 7215
      1 7217
      2 7219
      1 7221
      2 7223
      3 7225
      2 7226
      2 7230
      1 7231
      3 7232
      1 7233
      2 7235
      3 7236
      2 7238
      3 7239
      1 7240
      2 7241
      2 7243
      1 7244
      1 7245
      2 7246
      1 7249
      1 7252
      1 7254
      1 7256
      2 7258
      1 7260
      1 7261
      3 7265
      2 7268
      2 7269
      1 7270
      1 7271
      2 7273
      2 7274
      1 7278
      3 7279
      2 7280
      2 7281
      2 7283
      1 7284
      1 7286
      2 7288
      3 7289
      3 7291
      1 7292
      3 7293
      2 7295
      1 7296
      1 7297
      1 7298
      2 7300
      1 7301
      1 7302
      2 7303
      2 7304
      1 7306
      3 7307
      3 7308
      1 7309
      1 7310
      2 7311
      3 7312
      2 7313
      1 7314
      1 7315
      2 7318
      2 7320
      6 7321
      1 7323
      1 7324
      3 7325
      3 7327
      1 7328
      2 7329
      2 7330
      4 7331
      1 7332
      4 7333
      4 7334
      3 7335
      2 7336
      2 7338
      1 7342
      1 7343
      2 7344
      1 7345
      2 7346
      3 7347
      1 7348
      1 7351
      1 7352
      2 7353
      1 7354
      1 7355
      1 7356
      2 7357
      2 7358
      4 7359
      2 7360
      1 7361
      1 7362
      1 7363
      1 7366
      1 7367
      1 7368
      2 7369
      1 7371
      1 7372
      2 7373
      1 7374
      1 7375
      1 7376
      1 7378
      1 7379
      2 7380
      1 7381
      3 7382
      1 7384
      2 7386
      1 7387
      2 7388
      2 7390
      2 7395
      1 7396
      4 7397
      3 7398
      1 7399
      2 7400
      1 7401
      1 7403
      3 7404
      1 7405
      2 7407
      2 7409
      1 7410
      1 7411
      2 7412
      2 7413
      2 7414
      2 7415
      1 7416
      1 7417
      1 7418
      2 7419
      2 7420
      1 7421
      1 7423
      1 7424
      1 7427
      3 7428
      1 7430
      2 7431
      1 7434
      3 7435
      1 7437
      1 7438
      3 7439
      1 7440
      2 7441
      1 7442
      1 7445
      2 7446
      1 7447
      2 7448
      1 7450
      2 7451
      3 7452
      3 7453
      1 7454
      1 7455
      1 7456
      1 7458
      2 7459
      2 7460
      1 7462
      1 7463
      1 7464
      1 7466
      1 7467
      1 7468
      1 7470
      1 7472
      3 7473
      2 7476
      1 7477
      2 7478
      1 7481
      2 7482
      1 7484
      1 7485
      2 7489
      2 7490
      3 7492
      1 7493
      1 7494
      1 7497
      1 7498
      1 7499
      2 7502
      1 7506
      3 7507
      1 7508
      1 7509
      1 7511
      1 7512
      1 7515
      2 7516
      2 7517
      2 7518
      1 7519
      3 7520
      2 7525
      3 7527
      1 7528
      1 7529
      1 7530
      1 7531
      1 7532
      1 7533
      3 7534
      4 7536
      1 7537
      3 7538
      1 7544
      1 7549
      2 7551
      1 7552
      1 7553
      1 7554
      1 7555
      2 7556
      1 7557
      3 7559
      1 7560
      1 7562
      1 7564
      1 7566
      3 7568
      1 7570
      1 7572
      4 7573
      3 7574
      1 7575
      1 7576
      2 7577
      2 7578
      1 7580
      3 7581
      1 7582
      2 7583
      1 7585
      1 7587
      3 7588
      3 7589
      3 7590
      4 7591
      1 7592
      1 7594
      2 7595
      1 7596
      2 7597
      2 7598
      2 7600
      2 7601
      3 7602
      1 7604
      2 7606
      1 7608
      2 7609
      1 7611
      3 7612
      5 7614
      1 7617
      1 7618
      1 7620
      2 7623
      1 7624
      2 7625
      2 7630
      2 7631
      1 7636
      1 7637
      1 7639
      2 7643
      1 7645
      1 7646
      1 7647
      2 7648
      1 7649
      2 7650
      1 7652
      1 7655
      2 7657
      2 7659
      1 7660
      2 7662
      1 7664
      1 7665
      1 7668
      3 7670
      1 7674
      4 7675
      1 7676
      2 7677
      2 7678
      1 7679
      4 7680
      1 7681
      2 7682
      1 7683
      1 7684
      2 7686
      2 7688
      2 7689
      1 7690
      1 7691
      1 7695
      1 7700
      1 7701
      2 7703
      1 7705
      1 7706
      1 7708
      1 7709
      1 7710
      1 7714
      1 7718
      2 7719
      4 7722
      1 7723
      1 7725
      1 7727
      2 7728
      3 7729
      4 7730
      2 7733
      1 7734
      1 7735
      1 7736
      1 7737
      2 7738
      2 7740
      2 7742
      1 7743
      3 7744
      1 7747
      1 7749
      1 7751
      3 7752
      1 7753
      1 7755
      2 7756
      1 7757
      1 7758
      2 7759
      1 7760
      2 7761
      1 7763
      4 7765
      2 7768
      1 7770
      1 7771
      1 7773
      1 7775
      3 7776
      2 7781
      2 7782
      2 7783
      2 7785
      1 7787
      2 7788
      2 7789
      1 7791
      1 7792
      1 7793
      1 7795
      2 7796
      1 7797
      2 7798
      1 7799
      1 7800
      1 7801
      1 7802
      1 7806
      1 7809
      1 7811
      1 7814
      2 7815
      1 7816
      1 7817
      1 7822
      1 7823
      1 7825
      2 7827
      1 7828
      2 7832
      3 7833
      2 7835
      1 7838
      1 7839
      2 7840
      2 7841
      1 7842
      1 7843
      1 7844
      1 7848
      1 7850
      1 7851
      2 7854
      1 7855
      3 7856
      1 7859
      1 7860
      1 7861
      2 7862
      1 7863
      3 7864
      2 7865
      1 7866
      6 7867
      3 7868
      4 7869
      2 7870
      2 7871
      3 7872
      3 7874
      1 7875
      4 7877
      3 7878
      3 7879
      3 7880
      2 7881
      5 7882
      6 7883
      6 7884
      3 7885
      4 7886
      6 7887
     11 7888
      7 7889
      8 7890
     13 7891
     15 7892
      5 7893
      7 7894
      9 7895
      7 7896
      7 7897
      9 7898
     14 7899
     12 7900
      9 7901
     14 7902
     13 7903
     10 7904
      9 7905
     11 7906
      6 7907
      8 7908
      8 7909
     10 7910
     11 7911
      7 7912
     11 7913
      9 7914
     10 7915
      7 7916
      7 7917
      5 7918
      8 7919
      8 7920
     15 7921
      8 7922
      4 7923
      9 7924
      4 7925
      6 7926
      5 7927
     11 7928
      3 7929
      2 7930
      4 7931
      9 7932
      6 7933
      5 7934
      4 7935
      5 7936
      8 7937
      7 7938
      9 7939
      2 7940
      7 7941
      8 7942
      9 7943
      1 7944
      6 7945
      6 7946
      6 7947
      3 7948
      4 7949
      6 7950
      9 7951
      3 7952
      3 7953
      2 7954
      5 7955
      2 7956
      5 7957
      3 7958
      7 7959
      5 7960
      4 7961
      6 7962
      8 7963
      9 7964
      9 7965
     17 7966
     10 7967
     13 7968
     10 7969
     14 7970
     16 7971
     10 7972
      8 7973
      6 7974
      5 7975
      9 7976
      8 7977
     11 7978
      6 7979
      7 7980
      2 7981
      3 7982
      2 7983
      4 7984
      3 7985
      2 7986
      3 7987
      3 7988
      5 7989
      9 7990
      8 7991
      3 7992
      6 7993
      3 7994
     11 7995
      6 7996
      7 7997
     10 7998
      4 7999
