 173750 0
137378280 1
226895611 2
307582486 3
361484713 4
378025950 5
357053070 6
307661669 7
243895667 8
179167869 9
122748109 10
78993833 11
48108907 12
27894734 13
15542253 14
8439972 15
4554339 16
2511233 17
1462040 18
 928202 19
 649616 20
 492345 21
 396078 22
 332862 23
 288196 24
 253086 25
 228549 26
 204571 27
 185601 28
 170628 29
 157173 30
 144029 31
 133875 32
 125067 33
 115883 34
 108304 35
 100818 36
  93689 37
  86864 38
  82370 39
  78013 40
  73570 41
  69046 42
  65202 43
  61033 44
  58468 45
  54802 46
  52015 47
  49502 48
  46961 49
  44953 50
  42612 51
  40435 52
  38497 53
  37316 54
  35243 55
  33542 56
  32315 57
  31055 58
  30217 59
  28877 60
  27963 61
  26890 62
  26364 63
  25608 64
  24991 65
  24495 66
  23793 67
  23264 68
  22813 69
  21670 70
  21080 71
  20512 72
  20219 73
  19678 74
  18873 75
  18684 76
  18091 77
  17643 78
  17190 79
  16718 80
  16641 81
  16199 82
  15641 83
  15158 84
  15087 85
  14715 86
  14359 87
  13907 88
  13730 89
  13523 90
  13203 91
  12767 92
  12897 93
  12838 94
  12187 95
  12326 96
  11744 97
  11773 98
  11805 99
  11594 100
  11431 101
  11043 102
  10952 103
  10797 104
  10564 105
  10443 106
  10157 107
   9858 108
   9877 109
   9926 110
   9468 111
   9328 112
   9114 113
   8809 114
   8856 115
   8771 116
   8589 117
   8676 118
   8226 119
   8295 120
   8184 121
   8117 122
   7948 123
   7923 124
   7875 125
   7580 126
   7443 127
   7443 128
   7444 129
   7125 130
   6970 131
   6812 132
   6899 133
   6760 134
   6805 135
   6634 136
   6654 137
   6533 138
   6487 139
   6282 140
   6200 141
   6182 142
   5999 143
   6069 144
   5958 145
   5888 146
   5870 147
   5628 148
   5687 149
   5600 150
   5536 151
   5396 152
   5532 153
   5264 154
   5306 155
   5222 156
   5169 157
   5043 158
   4991 159
   4948 160
   4724 161
   4915 162
   4742 163
   4622 164
   4617 165
   4742 166
   4550 167
   4549 168
   4439 169
   4451 170
   4473 171
   4352 172
   4258 173
   4279 174
   4113 175
   4143 176
   4147 177
   4140 178
   4171 179
   3987 180
   3958 181
   3967 182
   3975 183
   3939 184
   3822 185
   3807 186
   3884 187
   3674 188
   3592 189
   3543 190
   3473 191
   3504 192
   3457 193
   3483 194
   3351 195
   3334 196
   3176 197
   3170 198
   3299 199
   3198 200
   3173 201
   3165 202
   3094 203
   3107 204
   3007 205
   2933 206
   2795 207
   3057 208
   2831 209
   2822 210
   2942 211
   2909 212
   2806 213
   2817 214
   2791 215
   2796 216
   2741 217
   2731 218
   2748 219
   2628 220
   2710 221
   2661 222
   2599 223
   2612 224
   2635 225
   2562 226
   2595 227
   2544 228
   2606 229
   2617 230
   2558 231
   2453 232
   2459 233
   2414 234
   2444 235
   2387 236
   2417 237
   2333 238
   2317 239
   2269 240
   2343 241
   2255 242
   2234 243
   2258 244
   2205 245
   2136 246
   2194 247
   2108 248
   2160 249
   2242 250
   2191 251
   2201 252
   2102 253
   2067 254
   2132 255
   2112 256
   2065 257
   2089 258
   2138 259
   2114 260
   2063 261
   2056 262
   1964 263
   1986 264
   2002 265
   1995 266
   1940 267
   2002 268
   1965 269
   1911 270
   1983 271
   1863 272
   1932 273
   1933 274
   1808 275
   1741 276
   1747 277
   1735 278
   1797 279
   1760 280
   1725 281
   1742 282
   1784 283
   1790 284
   1887 285
   1745 286
   1878 287
   1853 288
   1823 289
   1805 290
   1836 291
   1841 292
   1737 293
   1809 294
   1755 295
   1761 296
   1728 297
   1712 298
   1768 299
   1644 300
   1688 301
   1678 302
   1614 303
   1644 304
   1610 305
   1617 306
   1545 307
   1591 308
   1728 309
   1653 310
   1609 311
   1565 312
   1592 313
   1613 314
   1554 315
   1660 316
   1578 317
   1646 318
   1623 319
   1643 320
   1659 321
   1570 322
   1584 323
   1577 324
   1519 325
   1618 326
   1554 327
   1571 328
   1521 329
   1495 330
   1509 331
   1503 332
   1488 333
   1556 334
   1524 335
   1550 336
   1458 337
   1490 338
   1426 339
   1523 340
   1442 341
   1456 342
   1425 343
   1502 344
   1457 345
   1464 346
   1453 347
   1450 348
   1488 349
   1451 350
   1407 351
   1411 352
   1438 353
   1430 354
   1386 355
   1376 356
   1344 357
   1400 358
   1410 359
   1396 360
   1430 361
   1346 362
   1309 363
   1375 364
   1362 365
   1347 366
   1360 367
   1404 368
   1399 369
   1387 370
   1394 371
   1311 372
   1362 373
   1361 374
   1329 375
   1345 376
   1316 377
   1399 378
   1349 379
   1317 380
   1339 381
   1280 382
   1263 383
   1360 384
   1379 385
   1351 386
   1300 387
   1368 388
   1304 389
   1317 390
   1354 391
   1304 392
   1362 393
   1339 394
   1350 395
   1322 396
   1320 397
   1356 398
   1299 399
   1335 400
   1310 401
   1294 402
   1309 403
   1269 404
   1340 405
   1243 406
   1259 407
   1236 408
   1267 409
   1225 410
   1297 411
   1213 412
   1238 413
   1241 414
   1163 415
   1234 416
   1250 417
   1209 418
   1205 419
   1234 420
   1214 421
   1109 422
   1138 423
   1224 424
   1126 425
   1143 426
   1117 427
   1103 428
   1166 429
   1167 430
   1123 431
   1154 432
   1170 433
   1117 434
   1137 435
   1088 436
   1104 437
   1069 438
   1052 439
   1063 440
   1079 441
   1134 442
   1070 443
   1100 444
   1088 445
   1069 446
   1071 447
   1072 448
   1069 449
   1058 450
   1041 451
   1071 452
   1084 453
    977 454
   1067 455
   1062 456
   1018 457
   1031 458
    998 459
   1031 460
   1032 461
   1014 462
   1053 463
   1005 464
   1036 465
    997 466
   1004 467
   1050 468
   1009 469
    933 470
    948 471
   1021 472
    966 473
    978 474
    970 475
    951 476
    976 477
    991 478
    984 479
    939 480
    998 481
    929 482
    979 483
    934 484
    900 485
    913 486
    891 487
    937 488
    918 489
    957 490
    976 491
    884 492
    934 493
    902 494
    891 495
    974 496
    890 497
    879 498
    860 499
    938 500
    880 501
    909 502
    892 503
    936 504
    893 505
    902 506
    873 507
    859 508
    864 509
    862 510
    855 511
    897 512
    862 513
    884 514
    828 515
    835 516
    826 517
    810 518
    829 519
    905 520
    840 521
    890 522
    888 523
    882 524
    822 525
    835 526
    825 527
    802 528
    844 529
    851 530
    772 531
    833 532
    881 533
    805 534
    809 535
    820 536
    794 537
    778 538
    795 539
    868 540
    787 541
    809 542
    816 543
    837 544
    873 545
    812 546
    881 547
    796 548
    769 549
    774 550
    832 551
    765 552
    785 553
    782 554
    800 555
    735 556
    814 557
    764 558
    751 559
    756 560
    735 561
    743 562
    763 563
    744 564
    736 565
    762 566
    736 567
    773 568
    807 569
    761 570
    713 571
    673 572
    773 573
    743 574
    747 575
    737 576
    731 577
    765 578
    696 579
    741 580
    770 581
    725 582
    721 583
    714 584
    658 585
    708 586
    688 587
    715 588
    728 589
    664 590
    681 591
    690 592
    689 593
    730 594
    698 595
    683 596
    636 597
    689 598
    660 599
    686 600
    619 601
    667 602
    623 603
    658 604
    586 605
    653 606
    625 607
    666 608
    622 609
    590 610
    580 611
    571 612
    562 613
    554 614
    557 615
    611 616
    587 617
    569 618
    541 619
    565 620
    563 621
    534 622
    552 623
    546 624
    570 625
    569 626
    522 627
    505 628
    494 629
    562 630
    499 631
    514 632
    540 633
    493 634
    539 635
    503 636
    488 637
    497 638
    552 639
    495 640
    510 641
    520 642
    539 643
    507 644
    476 645
    461 646
    496 647
    469 648
    452 649
    484 650
    485 651
    456 652
    497 653
    453 654
    493 655
    502 656
    486 657
    485 658
    462 659
    464 660
    481 661
    487 662
    435 663
    436 664
    431 665
    453 666
    454 667
    435 668
    422 669
    433 670
    410 671
    445 672
    419 673
    426 674
    405 675
    408 676
    409 677
    443 678
    403 679
    439 680
    411 681
    430 682
    391 683
    392 684
    413 685
    410 686
    412 687
    384 688
    378 689
    391 690
    395 691
    410 692
    415 693
    410 694
    357 695
    424 696
    390 697
    418 698
    415 699
    423 700
    376 701
    346 702
    405 703
    415 704
    406 705
    381 706
    374 707
    339 708
    408 709
    398 710
    383 711
    361 712
    402 713
    393 714
    371 715
    381 716
    407 717
    397 718
    328 719
    360 720
    352 721
    370 722
    367 723
    373 724
    346 725
    384 726
    388 727
    354 728
    346 729
    342 730
    330 731
    325 732
    342 733
    352 734
    349 735
    353 736
    371 737
    353 738
    366 739
    349 740
    315 741
    331 742
    351 743
    313 744
    336 745
    312 746
    298 747
    301 748
    297 749
    319 750
    299 751
    320 752
    316 753
    335 754
    308 755
    288 756
    319 757
    288 758
    299 759
    306 760
    307 761
    303 762
    298 763
    325 764
    307 765
    300 766
    325 767
    312 768
    284 769
    339 770
    307 771
    338 772
    308 773
    270 774
    274 775
    292 776
    310 777
    301 778
    290 779
    261 780
    281 781
    273 782
    313 783
    277 784
    298 785
    266 786
    299 787
    305 788
    289 789
    278 790
    288 791
    290 792
    301 793
    272 794
    269 795
    277 796
    284 797
    277 798
    256 799
    267 800
    301 801
    271 802
    253 803
    278 804
    256 805
    269 806
    263 807
    279 808
    259 809
    239 810
    272 811
    276 812
    259 813
    233 814
    240 815
    269 816
    255 817
    231 818
    260 819
    246 820
    249 821
    258 822
    260 823
    255 824
    265 825
    265 826
    244 827
    253 828
    252 829
    239 830
    264 831
    233 832
    247 833
    256 834
    268 835
    281 836
    237 837
    251 838
    281 839
    246 840
    239 841
    256 842
    236 843
    252 844
    230 845
    259 846
    285 847
    229 848
    278 849
    229 850
    260 851
    241 852
    247 853
    236 854
    238 855
    235 856
    245 857
    197 858
    233 859
    234 860
    236 861
    258 862
    244 863
    238 864
    233 865
    268 866
    260 867
    234 868
    234 869
    221 870
    264 871
    241 872
    243 873
    235 874
    217 875
    264 876
    249 877
    239 878
    254 879
    252 880
    236 881
    237 882
    266 883
    245 884
    267 885
    232 886
    271 887
    219 888
    243 889
    251 890
    249 891
    253 892
    254 893
    253 894
    241 895
    243 896
    205 897
    227 898
    240 899
    263 900
    239 901
    219 902
    206 903
    196 904
    230 905
    234 906
    228 907
    179 908
    243 909
    211 910
    223 911
    223 912
    229 913
    222 914
    260 915
    194 916
    226 917
    201 918
    214 919
    239 920
    229 921
    200 922
    223 923
    230 924
    228 925
    187 926
    236 927
    214 928
    216 929
    220 930
    204 931
    211 932
    218 933
    200 934
    201 935
    242 936
    192 937
    216 938
    204 939
    221 940
    209 941
    223 942
    213 943
    224 944
    231 945
    214 946
    214 947
    226 948
    200 949
    236 950
    239 951
    232 952
    218 953
    206 954
    217 955
    217 956
    199 957
    197 958
    212 959
    206 960
    225 961
    213 962
    241 963
    172 964
    208 965
    212 966
    199 967
    206 968
    201 969
    221 970
    187 971
    191 972
    207 973
    226 974
    186 975
    219 976
    189 977
    194 978
    207 979
    189 980
    191 981
    176 982
    200 983
    228 984
    186 985
    210 986
    200 987
    240 988
    184 989
    183 990
    200 991
    189 992
    200 993
    188 994
    193 995
    202 996
    197 997
    211 998
    198 999
    202 1000
    202 1001
    210 1002
    205 1003
    207 1004
    190 1005
    191 1006
    210 1007
    196 1008
    218 1009
    206 1010
    228 1011
    212 1012
    214 1013
    181 1014
    179 1015
    198 1016
    234 1017
    183 1018
    215 1019
    210 1020
    207 1021
    215 1022
    192 1023
    222 1024
    194 1025
    191 1026
    214 1027
    217 1028
    193 1029
    238 1030
    197 1031
    191 1032
    184 1033
    214 1034
    209 1035
    202 1036
    194 1037
    213 1038
    213 1039
    186 1040
    181 1041
    221 1042
    195 1043
    183 1044
    198 1045
    155 1046
    163 1047
    191 1048
    157 1049
    218 1050
    195 1051
    176 1052
    163 1053
    173 1054
    187 1055
    197 1056
    172 1057
    170 1058
    169 1059
    199 1060
    188 1061
    195 1062
    158 1063
    202 1064
    173 1065
    175 1066
    200 1067
    196 1068
    189 1069
    192 1070
    190 1071
    190 1072
    182 1073
    189 1074
    192 1075
    179 1076
    217 1077
    196 1078
    199 1079
    203 1080
    189 1081
    172 1082
    201 1083
    213 1084
    184 1085
    224 1086
    196 1087
    187 1088
    205 1089
    194 1090
    198 1091
    179 1092
    173 1093
    194 1094
    197 1095
    213 1096
    171 1097
    190 1098
    190 1099
    158 1100
    173 1101
    204 1102
    206 1103
    205 1104
    188 1105
    189 1106
    175 1107
    177 1108
    165 1109
    190 1110
    158 1111
    203 1112
    188 1113
    180 1114
    180 1115
    204 1116
    167 1117
    177 1118
    177 1119
    189 1120
    198 1121
    169 1122
    172 1123
    188 1124
    162 1125
    169 1126
    168 1127
    198 1128
    160 1129
    185 1130
    139 1131
    166 1132
    166 1133
    171 1134
    194 1135
    184 1136
    184 1137
    174 1138
    167 1139
    161 1140
    153 1141
    190 1142
    171 1143
    185 1144
    175 1145
    186 1146
    184 1147
    155 1148
    188 1149
    164 1150
    176 1151
    178 1152
    169 1153
    175 1154
    186 1155
    162 1156
    171 1157
    198 1158
    188 1159
    153 1160
    186 1161
    176 1162
    169 1163
    158 1164
    172 1165
    179 1166
    160 1167
    170 1168
    181 1169
    184 1170
    200 1171
    196 1172
    201 1173
    154 1174
    221 1175
    188 1176
    155 1177
    170 1178
    196 1179
    189 1180
    174 1181
    168 1182
    160 1183
    176 1184
    180 1185
    178 1186
    168 1187
    149 1188
    175 1189
    168 1190
    186 1191
    179 1192
    164 1193
    160 1194
    168 1195
    149 1196
    180 1197
    166 1198
    181 1199
    163 1200
    172 1201
    170 1202
    155 1203
    160 1204
    179 1205
    177 1206
    171 1207
    146 1208
    154 1209
    177 1210
    161 1211
    157 1212
    144 1213
    162 1214
    170 1215
    139 1216
    151 1217
    172 1218
    169 1219
    158 1220
    150 1221
    162 1222
    149 1223
    148 1224
    162 1225
    162 1226
    180 1227
    140 1228
    177 1229
    166 1230
    178 1231
    152 1232
    152 1233
    166 1234
    165 1235
    141 1236
    153 1237
    151 1238
    172 1239
    173 1240
    155 1241
    153 1242
    145 1243
    142 1244
    125 1245
    126 1246
    136 1247
    173 1248
    143 1249
    149 1250
    167 1251
    155 1252
    153 1253
    133 1254
    166 1255
    143 1256
    133 1257
    164 1258
    142 1259
    151 1260
    136 1261
    132 1262
    131 1263
    148 1264
    140 1265
    142 1266
    149 1267
    149 1268
    154 1269
    143 1270
    154 1271
    139 1272
    135 1273
    140 1274
    151 1275
    146 1276
    157 1277
    163 1278
    144 1279
    138 1280
    164 1281
    145 1282
    150 1283
    158 1284
    152 1285
    156 1286
    132 1287
    178 1288
    186 1289
    146 1290
    145 1291
    165 1292
    135 1293
    160 1294
    135 1295
    124 1296
    138 1297
    144 1298
    146 1299
    155 1300
    149 1301
    159 1302
    134 1303
    148 1304
    149 1305
    113 1306
    143 1307
    161 1308
    145 1309
    139 1310
    133 1311
    123 1312
    130 1313
    130 1314
    148 1315
    132 1316
    120 1317
    142 1318
    105 1319
    156 1320
    138 1321
    144 1322
    118 1323
    130 1324
    131 1325
    138 1326
    134 1327
    136 1328
    142 1329
    148 1330
    130 1331
    139 1332
    131 1333
    139 1334
    112 1335
    149 1336
    135 1337
    132 1338
    136 1339
    141 1340
    119 1341
    123 1342
    118 1343
    127 1344
    121 1345
    160 1346
    138 1347
    145 1348
    136 1349
    115 1350
    151 1351
    121 1352
    131 1353
    112 1354
    146 1355
    150 1356
    140 1357
    139 1358
    135 1359
    133 1360
    131 1361
    127 1362
    116 1363
    124 1364
    137 1365
    110 1366
    137 1367
    132 1368
    130 1369
    123 1370
    141 1371
    132 1372
    110 1373
    106 1374
    127 1375
    126 1376
    129 1377
    120 1378
    134 1379
    131 1380
    129 1381
    110 1382
    127 1383
    127 1384
    142 1385
    126 1386
    109 1387
    128 1388
    143 1389
    110 1390
    142 1391
    126 1392
    127 1393
    112 1394
    122 1395
    140 1396
    145 1397
    129 1398
    147 1399
    126 1400
    139 1401
    130 1402
    133 1403
    120 1404
    130 1405
    120 1406
    137 1407
    139 1408
    106 1409
    109 1410
    114 1411
    108 1412
    117 1413
    114 1414
    146 1415
    128 1416
    107 1417
    135 1418
    102 1419
    119 1420
    113 1421
    127 1422
    106 1423
    123 1424
    119 1425
    131 1426
    107 1427
    121 1428
     98 1429
    108 1430
    118 1431
    106 1432
    120 1433
    119 1434
    118 1435
    103 1436
    106 1437
    127 1438
    129 1439
    131 1440
    101 1441
    107 1442
    103 1443
    125 1444
    124 1445
    125 1446
    111 1447
    126 1448
    118 1449
    107 1450
    111 1451
    107 1452
    101 1453
    106 1454
     98 1455
    121 1456
    122 1457
    107 1458
    110 1459
    104 1460
    119 1461
    115 1462
    101 1463
     87 1464
    121 1465
     89 1466
     95 1467
    138 1468
    107 1469
    101 1470
    114 1471
    124 1472
     94 1473
    133 1474
     98 1475
    113 1476
    108 1477
    100 1478
    105 1479
    105 1480
     95 1481
    118 1482
    110 1483
    105 1484
    113 1485
    114 1486
    102 1487
    112 1488
    106 1489
    110 1490
    111 1491
     95 1492
    104 1493
     97 1494
     97 1495
    102 1496
    130 1497
    111 1498
    103 1499
     86 1500
    127 1501
     88 1502
    101 1503
    126 1504
    109 1505
     99 1506
     98 1507
     86 1508
    102 1509
    106 1510
    103 1511
     98 1512
    112 1513
     96 1514
     99 1515
     97 1516
     95 1517
     93 1518
    104 1519
    116 1520
    101 1521
     94 1522
    100 1523
     86 1524
    108 1525
    112 1526
     94 1527
    107 1528
    107 1529
     83 1530
    104 1531
    109 1532
    113 1533
    119 1534
    102 1535
    107 1536
    112 1537
    114 1538
     97 1539
    128 1540
    104 1541
     88 1542
    102 1543
    122 1544
     99 1545
    110 1546
    105 1547
     98 1548
    119 1549
     98 1550
    101 1551
     92 1552
    114 1553
     96 1554
    104 1555
    120 1556
     95 1557
    118 1558
     95 1559
    108 1560
     98 1561
     95 1562
    128 1563
    109 1564
    115 1565
    106 1566
    113 1567
    100 1568
     96 1569
    104 1570
    111 1571
     96 1572
    114 1573
    110 1574
     98 1575
    101 1576
    110 1577
    102 1578
    102 1579
    107 1580
     83 1581
     98 1582
    108 1583
    107 1584
    108 1585
    105 1586
     94 1587
     97 1588
     99 1589
     82 1590
     99 1591
     99 1592
     84 1593
    108 1594
     98 1595
    110 1596
     95 1597
    102 1598
     90 1599
     99 1600
     96 1601
     85 1602
     91 1603
     89 1604
     99 1605
     80 1606
     79 1607
     64 1608
     85 1609
     83 1610
     72 1611
     90 1612
    115 1613
     91 1614
     87 1615
     95 1616
     62 1617
     81 1618
     92 1619
     97 1620
     80 1621
     85 1622
     93 1623
     77 1624
     77 1625
     83 1626
     94 1627
    103 1628
     93 1629
     87 1630
     85 1631
     75 1632
     70 1633
     84 1634
     73 1635
     91 1636
     88 1637
     83 1638
     79 1639
     92 1640
     87 1641
     97 1642
     73 1643
     85 1644
     78 1645
     78 1646
     68 1647
     89 1648
     85 1649
     82 1650
     83 1651
     77 1652
     68 1653
     73 1654
     71 1655
     74 1656
     78 1657
     85 1658
     83 1659
     77 1660
     73 1661
     79 1662
     88 1663
     89 1664
     70 1665
     81 1666
     64 1667
     75 1668
     75 1669
     75 1670
     94 1671
     90 1672
     77 1673
     92 1674
     74 1675
     82 1676
     72 1677
     79 1678
     92 1679
     70 1680
     78 1681
     75 1682
     70 1683
     70 1684
     58 1685
     66 1686
     72 1687
     59 1688
     62 1689
     78 1690
     65 1691
     86 1692
     68 1693
     74 1694
     61 1695
     86 1696
     74 1697
     78 1698
     71 1699
     64 1700
     58 1701
     79 1702
     68 1703
     78 1704
     91 1705
     70 1706
    101 1707
     68 1708
     72 1709
     63 1710
     70 1711
     68 1712
     76 1713
     90 1714
     81 1715
     80 1716
     79 1717
     77 1718
     90 1719
     60 1720
     73 1721
     57 1722
     99 1723
     69 1724
     61 1725
     86 1726
     73 1727
     70 1728
     85 1729
     73 1730
     71 1731
     72 1732
     69 1733
     67 1734
     73 1735
     66 1736
     67 1737
     79 1738
     84 1739
     72 1740
     65 1741
     69 1742
     62 1743
     71 1744
     72 1745
     67 1746
     63 1747
     58 1748
     67 1749
     76 1750
     58 1751
     64 1752
     75 1753
     63 1754
     76 1755
     71 1756
     74 1757
     56 1758
     66 1759
     70 1760
     62 1761
     65 1762
     72 1763
     64 1764
     73 1765
     62 1766
     59 1767
     46 1768
     58 1769
     60 1770
     60 1771
     75 1772
     65 1773
     66 1774
     58 1775
     72 1776
     63 1777
     64 1778
     62 1779
     74 1780
     67 1781
     56 1782
     57 1783
     76 1784
     69 1785
     81 1786
     62 1787
     63 1788
     75 1789
     50 1790
     62 1791
     81 1792
     69 1793
     79 1794
     53 1795
     71 1796
     61 1797
     60 1798
     71 1799
     55 1800
     57 1801
     69 1802
     66 1803
     63 1804
     60 1805
     64 1806
     61 1807
     77 1808
     57 1809
     73 1810
     61 1811
     65 1812
     60 1813
     65 1814
     66 1815
     71 1816
     72 1817
     56 1818
     67 1819
     75 1820
     70 1821
     59 1822
     62 1823
     63 1824
     56 1825
     64 1826
     62 1827
     53 1828
     67 1829
     55 1830
     61 1831
     71 1832
     51 1833
     55 1834
     77 1835
     73 1836
     73 1837
     53 1838
     60 1839
     46 1840
     71 1841
     67 1842
     63 1843
     64 1844
     62 1845
     55 1846
     56 1847
     67 1848
     49 1849
     65 1850
     59 1851
     72 1852
     70 1853
     61 1854
     54 1855
     59 1856
     67 1857
     61 1858
     50 1859
     58 1860
     83 1861
     74 1862
     67 1863
     58 1864
     66 1865
     79 1866
     58 1867
     61 1868
     48 1869
     65 1870
     53 1871
     63 1872
     59 1873
     54 1874
     59 1875
     58 1876
     52 1877
     63 1878
     60 1879
     72 1880
     53 1881
     57 1882
     56 1883
     65 1884
     64 1885
     38 1886
     63 1887
     58 1888
     62 1889
     62 1890
     53 1891
     64 1892
     60 1893
     57 1894
     56 1895
     58 1896
     60 1897
     51 1898
     62 1899
     60 1900
     67 1901
     57 1902
     55 1903
     52 1904
     72 1905
     55 1906
     49 1907
     46 1908
     46 1909
     46 1910
     40 1911
     41 1912
     58 1913
     50 1914
     48 1915
     53 1916
     44 1917
     50 1918
     53 1919
     56 1920
     52 1921
     52 1922
     57 1923
     53 1924
     55 1925
     54 1926
     55 1927
     53 1928
     57 1929
     54 1930
     49 1931
     32 1932
     52 1933
     53 1934
     56 1935
     59 1936
     59 1937
     42 1938
     41 1939
     52 1940
     43 1941
     52 1942
     48 1943
     49 1944
     50 1945
     44 1946
     43 1947
     45 1948
     56 1949
     44 1950
     55 1951
     59 1952
     61 1953
     42 1954
     56 1955
     55 1956
     55 1957
     45 1958
     47 1959
     57 1960
     48 1961
     48 1962
     59 1963
     39 1964
     55 1965
     54 1966
     52 1967
     51 1968
     56 1969
     50 1970
     61 1971
     64 1972
     50 1973
     57 1974
     46 1975
     50 1976
     42 1977
     59 1978
     54 1979
     49 1980
     65 1981
     52 1982
     50 1983
     62 1984
     60 1985
     60 1986
     48 1987
     56 1988
     55 1989
     61 1990
     48 1991
     61 1992
     50 1993
     50 1994
     66 1995
     47 1996
     58 1997
     56 1998
     47 1999
     36 2000
     58 2001
     60 2002
     48 2003
     57 2004
     55 2005
     50 2006
     51 2007
     50 2008
     58 2009
     50 2010
     55 2011
     50 2012
     45 2013
     43 2014
     58 2015
     46 2016
     58 2017
     52 2018
     47 2019
     56 2020
     48 2021
     58 2022
     60 2023
     56 2024
     39 2025
     44 2026
     49 2027
     48 2028
     52 2029
     54 2030
     53 2031
     51 2032
     48 2033
     46 2034
     53 2035
     42 2036
     42 2037
     43 2038
     64 2039
     69 2040
     42 2041
     41 2042
     49 2043
     47 2044
     58 2045
     49 2046
     49 2047
     44 2048
     42 2049
     53 2050
     51 2051
     54 2052
     52 2053
     59 2054
     62 2055
     57 2056
     56 2057
     58 2058
     44 2059
     52 2060
     55 2061
     50 2062
     49 2063
     58 2064
     55 2065
     47 2066
     50 2067
     46 2068
     56 2069
     51 2070
     47 2071
     40 2072
     46 2073
     49 2074
     58 2075
     44 2076
     52 2077
     61 2078
     45 2079
     44 2080
     44 2081
     49 2082
     55 2083
     47 2084
     61 2085
     49 2086
     60 2087
     56 2088
     44 2089
     49 2090
     48 2091
     43 2092
     50 2093
     48 2094
     62 2095
     59 2096
     59 2097
     42 2098
     60 2099
     50 2100
     46 2101
     50 2102
     55 2103
     50 2104
     61 2105
     49 2106
     47 2107
     57 2108
     53 2109
     54 2110
     58 2111
     51 2112
     48 2113
     38 2114
     48 2115
     60 2116
     60 2117
     38 2118
     63 2119
     49 2120
     51 2121
     58 2122
     53 2123
     58 2124
     47 2125
     44 2126
     51 2127
     46 2128
     49 2129
     37 2130
     47 2131
     49 2132
     34 2133
     41 2134
     48 2135
     48 2136
     44 2137
     51 2138
     38 2139
     41 2140
     59 2141
     52 2142
     55 2143
     34 2144
     38 2145
     39 2146
     44 2147
     40 2148
     48 2149
     50 2150
     53 2151
     41 2152
     52 2153
     56 2154
     37 2155
     46 2156
     46 2157
     48 2158
     58 2159
     39 2160
     50 2161
     55 2162
     54 2163
     49 2164
     54 2165
     54 2166
     36 2167
     44 2168
     55 2169
     33 2170
     51 2171
     49 2172
     46 2173
     45 2174
     57 2175
     41 2176
     51 2177
     37 2178
     38 2179
     54 2180
     51 2181
     41 2182
     44 2183
     52 2184
     51 2185
     54 2186
     43 2187
     48 2188
     52 2189
     49 2190
     51 2191
     32 2192
     45 2193
     33 2194
     37 2195
     44 2196
     55 2197
     51 2198
     41 2199
     55 2200
     43 2201
     42 2202
     38 2203
     53 2204
     46 2205
     56 2206
     39 2207
     42 2208
     65 2209
     40 2210
     41 2211
     39 2212
     42 2213
     54 2214
     48 2215
     52 2216
     47 2217
     53 2218
     45 2219
     56 2220
     43 2221
     35 2222
     42 2223
     27 2224
     42 2225
     47 2226
     39 2227
     36 2228
     49 2229
     46 2230
     43 2231
     45 2232
     37 2233
     31 2234
     44 2235
     49 2236
     41 2237
     38 2238
     60 2239
     44 2240
     40 2241
     41 2242
     51 2243
     48 2244
     40 2245
     44 2246
     48 2247
     40 2248
     48 2249
     42 2250
     47 2251
     47 2252
     54 2253
     50 2254
     48 2255
     48 2256
     48 2257
     51 2258
     39 2259
     46 2260
     54 2261
     55 2262
     49 2263
     49 2264
     34 2265
     55 2266
     47 2267
     62 2268
     39 2269
     35 2270
     35 2271
     43 2272
     42 2273
     52 2274
     41 2275
     46 2276
     35 2277
     38 2278
     72 2279
     46 2280
     33 2281
     54 2282
     48 2283
     45 2284
     54 2285
     49 2286
     47 2287
     38 2288
     55 2289
     42 2290
     43 2291
     34 2292
     43 2293
     39 2294
     42 2295
     40 2296
     45 2297
     48 2298
     49 2299
     41 2300
     48 2301
     34 2302
     45 2303
     42 2304
     37 2305
     44 2306
     49 2307
     33 2308
     31 2309
     49 2310
     61 2311
     47 2312
     48 2313
     51 2314
     37 2315
     41 2316
     50 2317
     38 2318
     45 2319
     44 2320
     42 2321
     52 2322
     33 2323
     41 2324
     47 2325
     51 2326
     29 2327
     34 2328
     41 2329
     49 2330
     38 2331
     38 2332
     51 2333
     46 2334
     39 2335
     29 2336
     41 2337
     40 2338
     39 2339
     49 2340
     50 2341
     50 2342
     43 2343
     39 2344
     44 2345
     47 2346
     44 2347
     47 2348
     46 2349
     36 2350
     44 2351
     54 2352
     38 2353
     51 2354
     42 2355
     45 2356
     42 2357
     47 2358
     52 2359
     47 2360
     49 2361
     51 2362
     40 2363
     41 2364
     47 2365
     40 2366
     48 2367
     42 2368
     43 2369
     45 2370
     44 2371
     34 2372
     41 2373
     46 2374
     45 2375
     43 2376
     40 2377
     41 2378
     36 2379
     50 2380
     45 2381
     38 2382
     35 2383
     47 2384
     48 2385
     27 2386
     41 2387
     47 2388
     41 2389
     33 2390
     32 2391
     49 2392
     43 2393
     48 2394
     33 2395
     40 2396
     42 2397
     40 2398
     40 2399
     35 2400
     41 2401
     32 2402
     32 2403
     37 2404
     33 2405
     45 2406
     32 2407
     39 2408
     46 2409
     32 2410
     36 2411
     44 2412
     43 2413
     45 2414
     39 2415
     32 2416
     38 2417
     41 2418
     33 2419
     26 2420
     44 2421
     32 2422
     43 2423
     40 2424
     38 2425
     43 2426
     36 2427
     38 2428
     39 2429
     39 2430
     57 2431
     46 2432
     54 2433
     39 2434
     42 2435
     34 2436
     48 2437
     34 2438
     40 2439
     35 2440
     52 2441
     44 2442
     39 2443
     36 2444
     43 2445
     37 2446
     44 2447
     38 2448
     41 2449
     32 2450
     29 2451
     41 2452
     40 2453
     30 2454
     38 2455
     47 2456
     29 2457
     37 2458
     30 2459
     61 2460
     34 2461
     45 2462
     46 2463
     42 2464
     33 2465
     34 2466
     37 2467
     48 2468
     30 2469
     42 2470
     49 2471
     36 2472
     41 2473
     35 2474
     29 2475
     39 2476
     40 2477
     42 2478
     32 2479
     37 2480
     33 2481
     35 2482
     35 2483
     46 2484
     41 2485
     54 2486
     31 2487
     29 2488
     35 2489
     27 2490
     38 2491
     42 2492
     30 2493
     36 2494
     37 2495
     37 2496
     48 2497
     50 2498
     40 2499
     39 2500
     30 2501
     25 2502
     38 2503
     33 2504
     29 2505
     34 2506
     26 2507
     38 2508
     31 2509
     36 2510
     35 2511
     28 2512
     37 2513
     41 2514
     38 2515
     37 2516
     32 2517
     38 2518
     35 2519
     34 2520
     44 2521
     34 2522
     29 2523
     38 2524
     31 2525
     27 2526
     34 2527
     36 2528
     30 2529
     31 2530
     26 2531
     34 2532
     33 2533
     38 2534
     28 2535
     32 2536
     41 2537
     28 2538
     48 2539
     27 2540
     34 2541
     23 2542
     30 2543
     26 2544
     30 2545
     40 2546
     42 2547
     24 2548
     23 2549
     38 2550
     34 2551
     47 2552
     33 2553
     31 2554
     32 2555
     44 2556
     29 2557
     37 2558
     38 2559
     39 2560
     24 2561
     29 2562
     36 2563
     35 2564
     33 2565
     37 2566
     37 2567
     35 2568
     30 2569
     30 2570
     34 2571
     31 2572
     38 2573
     31 2574
     22 2575
     30 2576
     43 2577
     31 2578
     35 2579
     30 2580
     29 2581
     25 2582
     41 2583
     34 2584
     33 2585
     31 2586
     33 2587
     17 2588
     48 2589
     34 2590
     33 2591
     37 2592
     38 2593
     34 2594
     34 2595
     31 2596
     23 2597
     34 2598
     42 2599
     32 2600
     26 2601
     23 2602
     28 2603
     39 2604
     34 2605
     34 2606
     42 2607
     34 2608
     32 2609
     35 2610
     30 2611
     40 2612
     40 2613
     29 2614
     35 2615
     39 2616
     29 2617
     27 2618
     31 2619
     34 2620
     35 2621
     23 2622
     36 2623
     32 2624
     37 2625
     35 2626
     27 2627
     46 2628
     33 2629
     34 2630
     38 2631
     25 2632
     23 2633
     43 2634
     43 2635
     35 2636
     28 2637
     38 2638
     45 2639
     28 2640
     39 2641
     32 2642
     44 2643
     42 2644
     37 2645
     40 2646
     37 2647
     38 2648
     38 2649
     33 2650
     30 2651
     34 2652
     35 2653
     36 2654
     37 2655
     34 2656
     33 2657
     40 2658
     27 2659
     29 2660
     38 2661
     32 2662
     33 2663
     30 2664
     36 2665
     44 2666
     32 2667
     44 2668
     35 2669
     43 2670
     30 2671
     34 2672
     40 2673
     42 2674
     41 2675
     42 2676
     39 2677
     34 2678
     43 2679
     39 2680
     25 2681
     29 2682
     36 2683
     46 2684
     37 2685
     36 2686
     36 2687
     47 2688
     30 2689
     33 2690
     32 2691
     35 2692
     36 2693
     36 2694
     34 2695
     47 2696
     26 2697
     36 2698
     35 2699
     38 2700
     37 2701
     23 2702
     35 2703
     35 2704
     37 2705
     35 2706
     40 2707
     31 2708
     36 2709
     24 2710
     37 2711
     31 2712
     30 2713
     37 2714
     43 2715
     32 2716
     34 2717
     36 2718
     23 2719
     33 2720
     36 2721
     22 2722
     38 2723
     37 2724
     38 2725
     40 2726
     35 2727
     31 2728
     39 2729
     42 2730
     46 2731
     30 2732
     37 2733
     29 2734
     28 2735
     26 2736
     47 2737
     25 2738
     18 2739
     36 2740
     33 2741
     43 2742
     34 2743
     48 2744
     32 2745
     35 2746
     31 2747
     32 2748
     35 2749
     35 2750
     43 2751
     30 2752
     32 2753
     33 2754
     27 2755
     34 2756
     16 2757
     36 2758
     30 2759
     29 2760
     37 2761
     22 2762
     27 2763
     36 2764
     40 2765
     52 2766
     27 2767
     43 2768
     32 2769
     30 2770
     38 2771
     26 2772
     28 2773
     36 2774
     34 2775
     32 2776
     38 2777
     37 2778
     48 2779
     30 2780
     45 2781
     42 2782
     37 2783
     28 2784
     34 2785
     35 2786
     39 2787
     30 2788
     36 2789
     27 2790
     30 2791
     34 2792
     32 2793
     30 2794
     31 2795
     29 2796
     34 2797
     29 2798
     46 2799
     36 2800
     31 2801
     35 2802
     32 2803
     34 2804
     40 2805
     40 2806
     43 2807
     41 2808
     30 2809
     34 2810
     35 2811
     32 2812
     46 2813
     36 2814
     33 2815
     34 2816
     35 2817
     41 2818
     34 2819
     33 2820
     35 2821
     35 2822
     31 2823
     27 2824
     33 2825
     35 2826
     43 2827
     31 2828
     28 2829
     34 2830
     28 2831
     48 2832
     42 2833
     35 2834
     22 2835
     25 2836
     33 2837
     29 2838
     30 2839
     24 2840
     35 2841
     30 2842
     39 2843
     39 2844
     45 2845
     27 2846
     35 2847
     34 2848
     30 2849
     37 2850
     32 2851
     29 2852
     37 2853
     29 2854
     37 2855
     27 2856
     45 2857
     31 2858
     44 2859
     35 2860
     33 2861
     31 2862
     43 2863
     30 2864
     34 2865
     31 2866
     35 2867
     44 2868
     42 2869
     33 2870
     33 2871
     41 2872
     36 2873
     43 2874
     44 2875
     34 2876
     31 2877
     35 2878
     44 2879
     43 2880
     35 2881
     42 2882
     34 2883
     34 2884
     28 2885
     45 2886
     33 2887
     36 2888
     36 2889
     32 2890
     29 2891
     35 2892
     31 2893
     40 2894
     30 2895
     26 2896
     42 2897
     39 2898
     35 2899
     36 2900
     47 2901
     29 2902
     32 2903
     29 2904
     37 2905
     34 2906
     23 2907
     24 2908
     24 2909
     30 2910
     30 2911
     40 2912
     41 2913
     32 2914
     39 2915
     36 2916
     35 2917
     26 2918
     26 2919
     28 2920
     41 2921
     37 2922
     36 2923
     36 2924
     30 2925
     45 2926
     37 2927
     42 2928
     29 2929
     26 2930
     41 2931
     35 2932
     31 2933
     31 2934
     35 2935
     36 2936
     36 2937
     32 2938
     37 2939
     29 2940
     30 2941
     29 2942
     32 2943
     31 2944
     27 2945
     29 2946
     35 2947
     19 2948
     29 2949
     35 2950
     40 2951
     32 2952
     24 2953
     31 2954
     30 2955
     32 2956
     28 2957
     33 2958
     30 2959
     35 2960
     31 2961
     32 2962
     28 2963
     23 2964
     19 2965
     22 2966
     29 2967
     21 2968
     33 2969
     31 2970
     18 2971
     35 2972
     33 2973
     34 2974
     24 2975
     23 2976
     28 2977
     22 2978
     22 2979
     28 2980
     31 2981
     27 2982
     27 2983
     24 2984
     23 2985
     22 2986
     25 2987
     33 2988
     38 2989
     24 2990
     25 2991
     28 2992
     34 2993
     32 2994
     24 2995
     30 2996
     32 2997
     28 2998
     36 2999
     30 3000
     23 3001
     23 3002
     29 3003
     26 3004
     31 3005
     22 3006
     24 3007
     31 3008
     30 3009
     22 3010
     31 3011
     31 3012
     37 3013
     31 3014
     32 3015
     29 3016
     16 3017
     32 3018
     35 3019
     28 3020
     31 3021
     25 3022
     29 3023
     24 3024
     26 3025
     39 3026
     28 3027
     45 3028
     25 3029
     30 3030
     33 3031
     32 3032
     33 3033
     33 3034
     27 3035
     35 3036
     41 3037
     36 3038
     33 3039
     31 3040
     24 3041
     28 3042
     27 3043
     27 3044
     24 3045
     26 3046
     28 3047
     22 3048
     16 3049
     27 3050
     26 3051
     23 3052
     24 3053
     28 3054
     23 3055
     32 3056
     27 3057
     18 3058
     26 3059
     20 3060
     22 3061
     26 3062
     27 3063
     23 3064
     28 3065
     15 3066
     25 3067
     14 3068
     18 3069
     17 3070
     18 3071
     31 3072
     16 3073
     25 3074
     26 3075
     23 3076
     12 3077
     26 3078
     20 3079
     17 3080
     26 3081
     18 3082
     23 3083
     21 3084
     17 3085
     17 3086
     16 3087
     18 3088
     17 3089
     24 3090
     21 3091
     16 3092
     31 3093
     13 3094
     16 3095
     20 3096
     24 3097
     20 3098
     13 3099
     20 3100
     14 3101
     16 3102
     15 3103
     17 3104
     24 3105
     19 3106
     14 3107
     19 3108
     19 3109
     27 3110
     17 3111
     23 3112
     18 3113
     14 3114
     17 3115
     24 3116
     17 3117
     21 3118
     17 3119
     22 3120
     13 3121
     24 3122
     19 3123
     13 3124
     10 3125
     16 3126
     15 3127
     20 3128
     13 3129
     21 3130
     12 3131
     20 3132
     21 3133
     21 3134
     10 3135
     20 3136
     11 3137
     21 3138
     16 3139
     11 3140
     16 3141
     17 3142
     22 3143
     22 3144
     26 3145
     16 3146
     10 3147
     15 3148
     26 3149
     11 3150
     16 3151
     18 3152
     16 3153
     20 3154
     13 3155
     19 3156
     23 3157
     12 3158
     17 3159
     16 3160
     26 3161
     15 3162
     11 3163
     20 3164
     10 3165
     17 3166
      8 3167
     17 3168
     15 3169
     17 3170
     16 3171
     17 3172
     14 3173
     11 3174
     11 3175
     11 3176
     14 3177
     12 3178
     13 3179
     18 3180
     20 3181
     14 3182
     13 3183
     17 3184
     20 3185
     21 3186
     15 3187
     14 3188
     10 3189
     15 3190
     18 3191
     14 3192
     21 3193
     10 3194
     20 3195
     17 3196
     18 3197
     11 3198
     19 3199
     16 3200
     14 3201
     15 3202
     18 3203
     11 3204
     10 3205
     14 3206
     14 3207
     14 3208
     15 3209
     13 3210
     14 3211
     19 3212
     18 3213
     20 3214
     19 3215
     16 3216
     18 3217
     14 3218
     23 3219
     21 3220
     11 3221
      8 3222
      9 3223
     13 3224
     21 3225
     20 3226
     14 3227
     14 3228
     20 3229
     11 3230
     15 3231
     12 3232
     24 3233
     10 3234
     14 3235
     14 3236
     17 3237
     22 3238
      9 3239
     14 3240
     13 3241
     18 3242
     17 3243
     15 3244
     16 3245
     19 3246
     18 3247
     10 3248
     14 3249
     16 3250
      6 3251
     21 3252
     20 3253
     19 3254
     17 3255
     17 3256
     12 3257
     14 3258
     20 3259
     16 3260
      9 3261
     18 3262
     14 3263
      8 3264
     16 3265
     12 3266
     16 3267
     14 3268
     12 3269
     16 3270
     10 3271
     14 3272
     12 3273
      7 3274
     21 3275
     12 3276
      5 3277
      9 3278
     11 3279
      7 3280
     18 3281
     11 3282
     18 3283
     13 3284
     14 3285
     12 3286
     12 3287
     16 3288
     11 3289
     15 3290
     15 3291
      9 3292
     18 3293
      6 3294
     17 3295
      8 3296
     14 3297
      8 3298
     17 3299
     16 3300
     10 3301
     17 3302
     14 3303
     11 3304
     13 3305
     14 3306
      6 3307
     12 3308
     17 3309
     20 3310
     15 3311
     15 3312
     18 3313
     12 3314
     12 3315
     16 3316
     11 3317
     12 3318
     13 3319
     15 3320
     11 3321
     11 3322
     18 3323
      9 3324
     15 3325
     11 3326
     15 3327
     13 3328
     11 3329
      7 3330
     10 3331
      8 3332
     12 3333
     18 3334
     11 3335
     16 3336
     10 3337
     20 3338
     15 3339
      7 3340
     10 3341
     15 3342
     12 3343
     15 3344
     13 3345
     10 3346
     11 3347
     13 3348
     10 3349
     12 3350
     13 3351
      9 3352
     15 3353
      9 3354
     13 3355
     10 3356
     10 3357
      8 3358
     12 3359
     12 3360
     14 3361
     18 3362
     13 3363
      9 3364
     12 3365
     13 3366
     10 3367
     13 3368
     13 3369
     12 3370
     11 3371
     12 3372
     13 3373
     12 3374
      6 3375
     11 3376
     12 3377
     11 3378
     11 3379
     10 3380
     16 3381
     15 3382
     10 3383
     11 3384
     14 3385
     17 3386
      8 3387
     15 3388
     11 3389
     13 3390
      6 3391
     11 3392
     16 3393
     12 3394
     13 3395
     15 3396
      8 3397
     14 3398
     11 3399
     20 3400
     10 3401
     14 3402
     15 3403
     14 3404
     13 3405
     14 3406
     11 3407
     14 3408
      7 3409
     10 3410
      7 3411
     12 3412
     18 3413
     14 3414
      9 3415
      8 3416
     18 3417
     12 3418
     12 3419
     11 3420
     11 3421
     15 3422
      8 3423
      7 3424
      8 3425
     12 3426
     12 3427
     12 3428
     11 3429
     12 3430
     14 3431
     13 3432
     11 3433
     14 3434
     16 3435
     16 3436
     13 3437
     13 3438
     11 3439
      9 3440
     16 3441
     12 3442
     11 3443
     10 3444
      6 3445
     14 3446
     13 3447
      4 3448
     19 3449
     10 3450
     10 3451
     16 3452
      8 3453
      9 3454
     23 3455
     10 3456
      9 3457
      7 3458
     10 3459
      8 3460
      6 3461
     10 3462
      5 3463
      6 3464
     17 3465
     11 3466
     14 3467
     10 3468
      6 3469
     11 3470
      6 3471
     10 3472
     10 3473
      8 3474
      6 3475
      5 3476
      9 3477
      4 3478
      8 3479
     11 3480
     13 3481
      7 3482
     11 3483
      5 3484
      5 3485
     10 3486
      9 3487
      8 3488
     12 3489
      5 3490
     10 3491
     11 3492
      7 3493
     11 3494
     11 3495
      7 3496
     14 3497
     10 3498
     12 3499
     18 3500
     11 3501
     13 3502
     10 3503
     10 3504
     13 3505
      9 3506
     16 3507
     11 3508
     13 3509
      7 3510
      6 3511
     10 3512
      4 3513
     13 3514
     11 3515
     17 3516
      8 3517
      8 3518
      8 3519
     10 3520
      8 3521
      7 3522
      9 3523
     15 3524
     12 3525
     11 3526
      7 3527
     13 3528
      9 3529
      9 3530
      9 3531
     13 3532
      9 3533
      9 3534
     12 3535
      5 3536
     10 3537
     13 3538
      9 3539
     13 3540
     10 3541
      6 3542
      8 3543
     11 3544
      6 3545
     13 3546
      9 3547
      5 3548
     12 3549
     10 3550
     13 3551
     10 3552
      9 3553
      9 3554
      3 3555
     13 3556
      7 3557
     10 3558
     11 3559
      3 3560
     13 3561
     11 3562
      6 3563
     12 3564
      3 3565
      9 3566
     11 3567
     14 3568
     17 3569
     12 3570
      5 3571
      5 3572
      5 3573
      7 3574
     11 3575
      9 3576
      5 3577
      9 3578
      9 3579
      9 3580
      9 3581
      8 3582
      7 3583
     12 3584
      6 3585
      4 3586
     11 3587
     10 3588
     19 3589
     15 3590
      7 3591
      6 3592
     10 3593
      8 3594
     12 3595
     11 3596
      8 3597
      5 3598
     12 3599
      6 3600
      2 3601
      9 3602
     11 3603
     11 3604
     11 3605
     16 3606
      5 3607
     10 3608
      8 3609
      7 3610
     10 3611
     10 3612
     12 3613
      8 3614
      8 3615
      5 3616
      8 3617
      4 3618
      7 3619
     13 3620
     12 3621
      4 3622
      4 3623
     13 3624
      8 3625
      5 3626
      7 3627
      8 3628
      8 3629
      8 3630
     10 3631
     11 3632
     13 3633
      6 3634
      6 3635
     11 3636
      5 3637
     11 3638
     10 3639
      4 3640
      4 3641
     10 3642
     11 3643
     10 3644
      7 3645
     11 3646
      4 3647
     11 3648
     14 3649
     10 3650
     12 3651
     12 3652
      4 3653
      5 3654
      7 3655
      5 3656
     14 3657
     16 3658
      7 3659
     12 3660
      8 3661
      9 3662
      7 3663
      6 3664
      9 3665
      3 3666
      6 3667
     14 3668
     11 3669
     14 3670
      9 3671
      8 3672
      7 3673
      5 3674
      7 3675
      4 3676
      7 3677
     11 3678
      7 3679
      6 3680
      7 3681
     12 3682
      9 3683
      7 3684
     10 3685
     13 3686
      5 3687
      4 3688
     12 3689
     10 3690
      3 3691
     11 3692
     13 3693
      9 3694
      8 3695
     11 3696
      7 3697
      9 3698
      6 3699
     16 3700
     11 3701
      8 3702
      9 3703
      6 3704
      8 3705
      7 3706
      6 3707
     11 3708
      5 3709
      7 3710
      7 3711
      8 3712
      7 3713
      8 3714
      3 3715
     13 3716
     11 3717
     13 3718
      5 3719
     10 3720
      6 3721
      8 3722
      4 3723
      5 3724
     10 3725
      7 3726
     12 3727
      9 3728
      5 3729
      8 3730
      3 3731
      7 3732
     12 3733
     10 3734
      5 3735
      8 3736
      9 3737
      2 3738
      7 3739
     17 3740
      7 3741
      8 3742
      8 3743
      6 3744
      6 3745
      3 3746
      6 3747
      7 3748
      4 3749
      6 3750
      5 3751
      2 3752
      7 3753
      9 3754
      9 3755
     13 3756
     11 3757
     11 3758
     11 3759
      3 3760
      6 3761
      8 3762
     10 3763
      6 3764
     11 3765
      8 3766
      7 3767
      9 3768
      5 3769
      5 3770
      7 3771
      7 3772
      8 3773
      4 3774
      7 3775
      7 3776
      7 3777
      7 3778
      8 3779
      8 3780
      6 3781
      7 3782
      6 3783
      3 3784
      6 3785
      6 3786
     11 3787
      7 3788
      8 3789
     12 3790
      5 3791
      2 3792
      6 3793
      3 3794
      7 3795
      4 3796
      6 3797
      8 3798
      4 3799
     10 3800
      4 3801
     12 3802
      6 3803
      2 3804
      4 3805
     11 3806
      4 3807
      8 3808
      2 3809
      4 3810
      9 3811
      6 3812
     10 3813
     10 3814
      4 3815
      6 3816
      6 3817
      8 3818
      4 3819
      5 3820
      6 3821
      2 3822
      4 3823
      5 3824
      5 3825
      6 3826
      5 3827
      8 3828
      3 3829
      7 3830
      6 3831
     10 3832
      4 3833
      9 3834
      4 3835
     11 3836
      8 3837
      5 3838
      6 3839
      9 3840
      1 3841
     11 3842
      6 3843
      6 3844
      3 3845
      5 3846
      7 3847
      4 3848
      6 3849
      5 3850
      7 3851
      8 3852
      4 3853
      6 3854
      5 3855
      7 3856
     11 3857
      5 3858
      7 3859
      5 3860
      7 3861
     11 3862
      7 3863
      4 3864
      2 3865
      9 3866
      6 3867
     10 3868
      5 3869
      6 3870
      3 3871
      8 3872
      7 3873
     11 3874
      5 3875
      7 3876
      8 3877
      5 3878
      4 3879
      5 3880
      6 3881
      5 3882
     11 3883
      6 3884
      3 3885
      3 3886
      6 3887
      5 3888
      4 3889
      5 3890
      5 3891
     10 3892
      7 3893
      5 3894
      7 3895
      3 3896
      6 3897
      8 3898
      6 3899
      7 3900
      7 3901
     13 3902
      8 3903
      5 3904
      8 3905
      8 3906
      7 3907
      8 3908
      8 3909
      4 3910
      1 3911
      5 3912
     10 3913
      2 3914
      6 3915
      4 3916
      4 3917
      6 3918
      4 3919
      7 3920
      8 3921
      5 3922
      6 3923
      2 3924
      3 3925
      5 3926
      5 3927
      2 3928
      9 3929
      6 3930
      6 3931
      5 3932
      6 3933
      7 3934
      1 3935
      6 3936
      9 3937
      6 3938
      9 3939
      5 3940
      4 3941
      5 3942
      6 3943
      6 3944
      5 3945
      7 3946
      9 3947
      9 3948
      5 3949
      5 3950
      8 3951
      8 3952
      4 3953
      9 3954
      4 3955
      3 3956
      7 3957
      6 3958
      4 3959
      6 3960
      6 3961
     13 3962
      3 3963
      4 3964
     12 3965
      5 3966
      9 3967
      6 3968
      9 3969
      2 3970
      3 3971
      7 3972
      6 3973
      7 3974
      1 3975
      5 3976
      3 3977
      6 3978
      4 3979
      5 3980
      5 3981
      7 3982
      8 3983
     11 3984
      6 3985
      8 3986
     10 3987
      7 3988
     11 3989
      3 3990
      3 3991
      4 3992
      4 3993
      6 3994
      4 3995
      6 3996
      5 3997
      2 3998
      2 3999
      5 4000
      4 4001
      4 4002
      4 4003
      3 4004
      8 4005
      5 4006
      4 4007
      6 4008
     10 4009
      6 4010
      2 4011
      7 4012
      7 4013
      9 4014
      9 4015
      6 4016
     11 4017
      7 4018
      7 4019
      4 4020
      7 4021
      4 4022
      6 4023
      4 4024
      6 4025
      3 4026
      5 4027
      5 4028
      5 4029
      3 4030
      9 4031
      6 4032
      6 4033
      8 4034
      3 4035
      6 4036
      4 4037
      7 4038
      7 4039
      3 4040
      6 4041
      6 4042
      4 4043
      7 4044
      8 4045
      8 4046
      4 4047
      3 4048
      6 4049
      5 4050
      5 4051
      6 4052
      5 4053
      5 4054
      5 4055
      3 4056
      8 4057
      9 4058
      9 4059
      4 4060
      8 4061
      6 4062
      9 4063
      7 4064
      4 4065
      7 4066
      8 4067
      5 4068
      3 4069
      6 4070
      8 4071
     11 4072
      7 4073
      8 4074
      6 4075
      6 4076
      8 4077
      5 4078
      5 4079
      8 4080
     10 4081
     11 4082
      6 4083
      3 4084
      9 4085
      9 4086
      8 4087
      8 4088
      7 4089
      6 4090
      4 4091
      5 4092
      8 4093
      8 4094
      3 4095
      5 4096
      4 4097
     11 4098
      4 4099
      8 4100
      7 4101
      5 4102
      7 4103
     11 4104
      5 4105
      4 4106
      6 4107
      5 4108
      4 4109
      7 4110
      8 4111
      1 4112
      9 4113
      6 4114
      7 4115
      8 4116
      7 4117
      5 4118
      8 4119
      3 4120
     11 4121
      5 4122
     11 4123
      7 4124
      8 4125
      7 4126
      4 4127
      4 4128
      5 4129
      4 4130
      6 4131
      5 4132
      4 4133
      6 4134
      6 4135
      3 4136
      6 4137
      9 4138
      5 4139
      3 4140
      3 4141
      5 4142
      2 4143
      3 4144
      3 4145
      9 4146
      5 4147
      6 4148
      3 4149
      4 4150
      5 4151
      6 4152
      3 4153
      5 4154
      6 4155
      5 4156
      5 4157
      3 4158
      9 4159
      9 4160
      5 4161
      1 4162
      3 4163
      6 4164
      6 4165
      3 4166
      4 4167
      4 4168
      4 4169
      3 4170
      5 4171
      4 4172
      6 4173
      7 4174
      4 4175
      6 4176
      6 4177
      6 4178
      7 4179
      7 4180
      4 4181
      3 4182
      6 4183
      3 4184
      6 4185
      4 4186
      6 4187
      2 4188
      5 4189
      5 4190
      2 4191
      5 4192
      3 4193
      2 4194
      5 4195
      9 4196
      6 4197
      7 4198
      5 4199
      5 4200
      3 4201
      4 4202
      7 4203
      5 4204
      5 4205
      4 4206
      3 4207
      1 4208
      6 4209
      4 4210
      1 4211
      3 4212
      4 4213
      6 4214
      3 4215
      6 4216
      2 4217
      5 4218
      5 4219
      4 4220
      2 4221
      2 4222
      5 4223
      3 4224
      3 4225
      4 4226
      8 4227
      1 4228
      4 4229
      4 4230
      7 4231
      3 4232
      5 4233
      5 4234
      8 4235
      3 4236
      5 4237
      5 4238
      3 4239
      6 4240
      5 4241
      7 4242
      6 4243
      3 4244
      4 4245
      4 4246
      7 4247
      8 4248
      4 4249
      1 4250
      7 4251
      4 4252
      5 4253
      6 4254
      7 4255
      4 4256
      2 4257
      8 4258
      4 4259
      3 4260
      2 4261
      1 4262
      3 4263
      6 4264
      3 4265
      3 4266
      2 4267
      4 4268
      6 4269
      8 4270
      5 4271
      6 4272
      4 4273
      3 4274
      2 4275
      5 4276
      5 4277
      9 4278
      3 4279
      3 4281
      2 4282
      3 4283
      3 4284
      2 4285
      5 4286
      4 4287
      3 4288
      2 4289
      2 4290
      5 4291
      3 4292
      6 4293
      5 4294
      2 4295
      3 4296
      4 4297
      8 4298
      4 4299
      6 4300
      5 4301
      1 4302
      6 4303
      4 4304
      6 4305
      3 4306
      5 4307
      3 4308
      8 4309
      6 4310
      3 4311
      1 4312
      3 4313
      4 4314
      5 4315
      1 4316
      8 4317
      6 4318
      3 4319
      2 4320
      3 4321
      2 4322
      1 4323
      5 4324
      4 4325
      2 4326
      5 4327
      8 4328
      2 4329
      3 4331
      4 4332
      8 4333
      1 4334
      5 4335
      4 4336
      7 4337
      6 4338
      2 4339
      8 4340
      5 4341
      2 4342
      4 4343
      3 4344
      2 4345
      2 4346
      2 4347
      3 4348
      3 4349
      2 4350
      4 4351
      4 4352
      5 4353
      2 4354
      2 4355
      3 4356
      4 4357
      6 4358
      2 4359
      4 4360
      4 4361
      4 4362
      3 4363
      7 4364
      1 4365
      3 4366
      3 4367
      5 4368
      3 4369
      2 4370
      5 4371
      2 4372
      5 4373
      2 4374
      5 4375
      5 4376
      5 4377
      4 4378
      4 4379
      1 4380
      5 4381
      7 4382
      3 4383
      1 4384
      2 4385
      3 4386
      5 4387
      4 4388
      3 4389
      3 4391
      2 4392
      5 4393
      7 4394
      3 4395
      5 4396
      1 4397
      3 4398
      4 4400
      7 4401
      1 4402
      6 4403
      2 4404
      4 4405
      4 4406
      2 4407
      2 4408
      3 4409
      6 4410
      1 4411
      4 4412
      1 4413
      3 4414
      2 4415
      3 4416
      4 4417
      7 4418
      6 4419
      3 4420
      2 4421
      3 4422
      3 4423
      4 4424
      6 4425
      2 4426
      7 4427
      3 4428
      5 4429
      5 4430
      3 4431
      6 4433
      4 4434
     10 4435
      4 4436
      3 4437
      3 4438
      5 4439
      4 4440
      9 4441
      5 4442
      4 4443
      4 4444
      3 4445
      3 4446
      5 4447
      4 4448
      3 4449
      3 4451
      1 4452
      5 4453
      5 4454
      2 4455
      4 4456
      5 4457
      4 4458
      3 4459
      4 4460
      5 4461
      3 4462
      2 4463
      5 4464
      2 4465
      3 4466
      3 4467
      2 4468
      4 4469
      3 4470
      3 4471
      1 4472
      5 4473
      1 4474
      4 4475
      1 4476
      5 4477
      6 4478
      2 4479
      4 4480
      7 4481
      6 4482
      5 4483
      4 4484
      3 4485
      2 4486
      4 4487
      5 4488
      2 4489
      4 4490
      5 4491
      2 4492
      4 4493
      9 4494
      2 4495
      2 4496
      6 4497
      4 4498
      3 4500
      2 4501
      4 4502
      2 4503
      3 4504
      5 4505
      2 4506
      2 4507
      3 4508
      4 4509
      4 4510
      3 4511
      7 4512
      3 4513
      2 4514
      6 4515
      2 4516
      6 4517
      5 4518
      5 4519
      6 4520
      3 4521
      1 4522
      1 4523
      3 4524
      5 4525
      6 4526
      1 4527
      3 4528
      2 4529
      3 4530
      2 4531
      3 4532
      2 4533
      3 4534
      3 4535
      5 4536
      2 4537
      1 4538
      6 4539
      1 4540
      3 4542
      3 4543
      3 4544
      2 4545
      3 4546
      6 4547
      3 4548
      5 4549
      5 4550
      6 4551
      4 4552
      5 4553
      2 4554
      4 4555
      1 4556
      6 4557
      2 4558
      2 4559
      7 4560
      5 4561
      2 4562
      2 4563
      2 4564
      2 4565
      5 4566
      3 4567
      8 4568
      5 4569
      4 4570
      3 4571
      4 4572
      4 4573
      3 4574
      2 4575
      5 4576
      3 4577
      4 4578
      7 4579
      6 4580
      4 4581
      4 4582
      4 4583
      3 4584
      6 4585
      2 4586
      6 4587
      5 4588
      3 4589
      5 4590
      1 4591
      8 4592
      1 4593
      1 4594
      3 4595
      4 4596
      3 4597
      2 4598
      2 4599
      7 4600
      2 4601
      3 4602
      4 4603
      2 4604
      2 4605
      4 4606
      2 4607
      4 4608
      7 4609
      4 4610
      3 4611
      3 4612
      4 4613
      3 4616
      1 4617
      4 4618
      4 4619
      6 4620
      4 4622
      3 4623
      4 4624
      1 4625
      2 4626
      2 4627
      6 4628
      3 4629
      4 4630
      4 4631
      7 4632
      3 4633
      1 4634
      4 4635
      5 4636
      2 4637
      2 4638
      8 4639
      3 4640
      1 4641
      4 4642
      2 4643
      3 4644
      3 4645
      1 4646
      4 4647
      4 4648
      3 4650
      1 4651
      4 4652
      2 4653
      3 4654
      2 4655
      3 4656
      2 4657
      2 4658
      3 4659
      2 4660
      4 4661
      8 4662
      2 4663
      4 4664
      3 4666
      1 4667
      1 4668
      2 4669
      5 4670
      3 4671
      5 4672
      4 4675
      3 4676
      2 4677
      2 4678
      4 4679
      3 4680
      1 4681
      3 4682
      4 4683
      5 4684
      2 4685
      2 4686
      5 4687
      1 4688
      3 4689
      1 4690
      5 4691
      3 4692
      3 4693
      4 4694
      2 4695
      3 4696
      4 4697
      1 4698
      2 4699
      1 4700
      6 4701
      4 4702
      2 4704
      2 4705
      1 4706
      5 4707
      1 4708
      1 4709
      4 4710
      1 4711
      2 4712
      3 4713
      2 4714
      1 4715
      3 4716
      1 4718
      7 4719
      7 4720
      4 4721
      1 4722
      6 4723
      3 4725
      3 4726
      6 4728
      1 4729
      4 4730
      4 4731
      3 4732
      1 4733
      1 4734
      3 4735
      2 4736
      4 4737
      3 4739
      5 4740
      2 4741
      4 4742
      3 4743
      2 4744
      1 4745
      3 4746
      4 4747
      2 4748
      3 4749
      3 4750
      3 4751
      1 4752
      1 4753
      4 4754
      2 4755
      3 4756
      5 4757
      2 4758
      2 4759
      2 4760
      2 4761
      2 4762
      2 4763
      2 4764
      2 4765
      1 4766
      4 4768
      5 4769
      6 4770
      1 4771
      2 4772
      3 4773
      2 4774
      1 4775
      1 4776
      4 4778
      3 4779
      1 4780
      3 4781
      5 4782
      2 4783
      1 4784
      2 4785
      3 4786
      1 4787
      3 4788
      2 4789
      1 4790
      2 4791
      5 4792
      2 4793
      2 4794
      1 4795
      3 4796
      2 4797
      1 4798
      3 4799
      1 4800
      1 4801
      2 4802
      2 4803
      3 4804
      1 4805
      1 4806
      1 4807
      3 4808
      3 4809
      2 4810
      1 4811
      4 4812
      3 4813
      1 4814
      1 4815
      2 4816
      3 4817
      2 4818
      3 4819
      1 4821
      3 4822
      2 4823
      2 4824
      6 4825
      2 4826
      3 4827
      3 4828
      4 4829
      4 4830
      3 4831
      3 4832
      1 4833
      1 4835
      3 4836
      2 4837
      2 4838
      3 4839
      3 4840
      1 4842
      2 4843
      4 4844
      1 4845
      4 4846
      1 4847
      3 4848
      5 4849
      1 4850
      5 4851
      1 4852
      2 4853
      3 4854
      4 4855
      2 4856
      3 4857
      2 4858
      1 4859
      1 4860
      2 4861
      3 4862
      3 4863
      1 4864
      4 4866
      1 4867
      3 4868
      2 4869
      1 4870
      1 4871
      3 4872
      2 4873
      1 4875
      5 4876
      5 4877
      2 4878
      6 4879
      1 4881
      3 4882
      5 4883
      2 4884
      3 4885
      4 4886
      3 4887
      4 4888
      3 4889
      3 4890
      1 4891
      3 4893
      2 4894
      2 4895
      3 4896
      4 4897
      3 4898
      1 4899
      2 4900
      3 4902
      2 4903
      3 4904
      2 4905
      4 4906
      3 4907
      1 4908
      4 4909
      3 4910
      4 4911
      3 4912
      1 4913
      3 4914
      1 4916
      2 4917
      5 4918
      2 4919
      3 4920
      2 4921
      6 4922
      1 4923
      8 4924
      1 4925
      4 4927
      3 4930
      2 4931
      1 4932
      2 4933
      1 4934
      3 4935
      1 4936
      3 4937
      6 4938
      3 4939
      7 4940
      1 4941
      2 4942
      1 4943
      5 4944
      3 4945
      3 4946
      4 4947
      5 4948
      6 4950
      1 4951
      2 4952
      3 4953
      7 4954
      3 4956
      2 4957
      1 4958
      2 4959
      2 4960
      6 4961
      1 4962
      7 4965
      2 4966
      2 4967
      2 4968
      1 4969
      1 4970
      1 4971
      3 4972
      1 4973
      7 4974
      4 4975
      1 4976
      5 4978
      7 4979
      3 4980
      2 4981
      3 4982
      1 4983
      3 4984
      1 4985
      4 4986
      1 4987
      4 4988
      1 4990
      3 4991
      2 4992
      2 4993
      2 4994
      2 4995
      4 4996
      2 4997
      4 4998
      3 4999
      2 5000
      5 5001
      6 5003
      4 5005
      3 5006
      1 5007
      3 5008
      3 5009
      1 5010
      4 5011
      4 5014
      2 5015
      2 5016
      2 5017
      1 5018
      3 5019
      2 5020
      6 5021
      8 5022
      4 5023
      2 5024
      3 5025
      6 5027
      2 5028
      3 5029
      2 5030
      4 5031
      5 5032
      2 5033
      5 5034
      2 5036
      2 5037
      3 5038
      1 5039
      1 5040
      2 5041
      2 5042
      2 5043
      2 5044
      3 5045
      5 5046
      1 5047
      4 5049
      5 5050
      3 5051
      3 5052
      4 5053
      2 5054
      3 5055
      3 5056
      1 5057
      3 5058
      3 5059
      4 5060
      4 5061
      5 5062
      5 5063
      4 5064
      4 5065
      2 5066
      2 5067
      8 5068
      1 5069
      1 5070
      2 5071
      1 5072
      4 5073
      3 5074
      1 5075
      3 5076
      1 5078
      1 5079
      5 5080
      2 5081
      2 5083
      2 5084
      2 5085
      3 5086
      2 5087
      4 5088
      2 5089
      4 5090
      3 5091
      1 5092
      3 5094
      1 5097
      2 5098
      6 5099
      5 5100
      2 5101
      3 5102
      2 5103
      1 5104
      3 5105
      3 5106
      2 5107
      1 5108
      2 5109
      3 5110
      4 5111
      1 5112
      4 5113
      5 5114
      8 5115
      5 5116
      2 5117
      3 5118
      2 5119
      1 5120
      2 5121
      4 5122
      2 5123
      1 5124
      1 5126
      3 5128
      2 5129
      3 5130
      5 5131
      2 5132
      2 5133
      4 5134
      4 5137
      1 5138
      3 5139
      2 5141
      3 5142
      2 5143
      1 5144
      3 5145
      1 5146
      3 5147
      5 5148
      2 5149
      3 5150
      5 5151
      2 5152
      3 5153
      1 5154
      3 5155
      3 5156
      2 5157
      1 5158
      2 5160
      3 5161
      1 5162
      3 5163
      2 5164
      3 5166
      2 5167
      5 5168
      2 5169
      1 5170
      2 5171
      2 5172
      3 5173
      1 5174
      3 5175
      4 5176
      1 5177
      6 5178
      2 5179
      2 5180
      1 5181
      3 5183
      3 5185
      2 5186
      6 5188
      1 5189
      4 5190
      2 5191
      1 5193
      2 5194
      7 5195
      5 5196
      3 5197
      2 5198
      2 5199
      2 5200
      4 5201
      3 5203
      1 5204
      3 5205
      2 5206
      2 5207
      4 5208
      2 5209
      7 5210
      3 5212
      2 5214
      1 5215
      4 5216
      1 5217
      2 5218
      3 5219
      1 5221
      2 5222
      3 5223
      3 5224
      4 5225
      4 5226
      2 5227
      1 5228
      3 5229
      2 5231
      4 5232
      2 5233
      4 5234
      2 5235
      1 5236
      3 5237
      3 5238
      1 5239
      1 5240
      5 5241
      5 5242
      5 5244
      2 5245
      2 5246
      3 5248
      3 5249
      3 5250
      1 5251
      1 5252
      2 5253
      3 5254
      2 5255
      3 5256
      2 5257
      5 5258
      1 5259
      8 5260
      2 5261
      5 5262
      2 5263
      2 5264
      2 5265
      2 5266
      3 5267
      1 5268
      1 5269
      2 5270
      2 5271
      2 5272
      2 5273
      1 5275
      3 5276
      3 5277
      1 5278
      3 5279
      5 5280
      4 5281
      4 5282
      2 5284
      2 5287
      2 5289
      6 5290
      1 5291
      3 5292
      6 5293
      1 5294
      3 5295
      4 5296
      3 5297
      1 5298
      3 5299
      2 5300
      3 5301
      2 5302
      1 5303
      4 5305
      2 5306
      2 5307
      3 5308
      5 5309
      1 5310
      4 5311
      2 5312
      5 5313
      4 5314
      3 5315
      2 5316
      1 5318
      1 5319
      1 5320
      1 5321
      2 5322
      2 5323
      2 5324
      1 5325
      2 5326
      2 5327
      3 5328
      3 5329
      5 5330
      3 5331
      2 5332
      1 5333
      5 5335
      4 5337
      3 5338
      1 5339
      2 5340
      1 5341
      1 5342
      1 5343
      5 5344
      4 5345
      3 5346
      2 5347
      6 5348
      2 5349
      3 5350
      3 5351
      3 5352
      3 5353
      1 5354
      3 5355
      1 5356
      4 5357
      1 5358
      1 5359
      5 5361
      3 5362
      1 5363
      1 5364
      3 5365
      2 5366
      2 5367
      1 5368
      2 5370
      4 5371
      2 5372
      1 5373
      2 5374
      2 5375
      2 5376
      1 5377
      2 5378
      6 5379
      2 5380
      2 5381
      3 5382
      2 5383
      6 5385
      3 5386
      1 5387
      2 5388
      2 5389
      3 5391
      1 5392
      5 5395
      2 5396
      3 5397
      4 5399
      4 5400
      1 5402
      1 5403
      2 5404
      1 5405
      3 5406
      5 5407
      4 5409
      1 5410
      1 5411
      2 5412
      1 5413
      1 5415
      2 5416
      2 5417
      1 5418
      5 5419
      4 5420
      4 5421
      3 5422
      3 5423
      1 5424
      3 5425
      1 5426
      1 5427
      3 5429
      1 5430
      2 5431
      1 5432
      3 5433
      2 5435
      1 5437
      2 5438
      2 5439
      2 5440
      1 5441
      1 5442
      2 5443
      1 5446
      1 5447
      3 5448
      2 5449
      2 5450
      5 5451
      1 5452
      2 5454
      2 5455
      1 5456
      1 5457
      3 5458
      3 5459
      4 5460
      1 5461
      2 5462
      2 5463
      2 5464
      1 5465
      3 5466
      4 5467
      3 5468
      1 5469
      2 5470
      4 5471
      3 5472
      2 5474
      1 5476
      2 5477
      1 5478
      5 5479
      3 5480
      6 5481
      4 5482
      4 5483
      1 5485
      2 5486
      2 5487
      3 5488
      1 5489
      1 5490
      2 5491
      1 5492
      1 5493
      1 5496
      2 5497
      4 5499
      2 5500
      3 5501
      5 5503
      1 5504
      3 5505
      1 5506
      3 5508
      2 5509
      1 5510
      2 5511
      4 5513
      2 5515
      2 5516
      4 5517
      2 5518
      3 5519
      2 5522
      2 5523
      3 5524
      2 5525
      1 5526
      4 5527
      1 5528
      1 5529
      1 5530
      2 5531
      1 5532
      2 5533
      1 5534
      5 5535
      3 5536
      1 5537
      3 5538
      4 5539
      4 5542
      2 5543
      4 5544
      2 5545
      2 5546
      1 5547
      1 5548
      2 5549
      3 5550
      2 5551
      2 5553
      2 5555
      4 5556
      2 5557
      2 5558
      4 5559
      2 5560
      2 5561
      1 5562
      2 5563
      2 5566
      2 5567
      2 5568
      3 5569
      2 5571
      5 5572
      4 5573
      1 5574
      1 5576
      1 5577
      2 5578
      3 5579
      1 5581
      1 5582
      1 5584
      4 5585
      1 5586
      1 5587
      1 5588
      3 5589
      4 5590
      2 5591
      1 5594
      2 5595
      1 5596
      3 5599
      1 5600
      2 5601
      5 5603
      2 5605
      2 5607
      2 5608
      3 5609
      1 5610
      2 5611
      1 5612
      2 5613
      1 5614
      2 5615
      4 5616
      2 5617
      1 5619
      3 5621
      1 5622
      2 5623
      4 5624
      2 5625
      3 5626
      1 5627
      2 5628
      2 5629
      4 5630
      1 5631
      1 5632
      2 5633
      2 5634
      1 5635
      1 5637
      2 5638
      1 5641
      2 5642
      2 5643
      2 5644
      1 5645
      3 5647
      3 5648
      2 5651
      5 5652
      1 5653
      3 5654
      3 5655
      2 5657
      1 5659
      1 5660
      2 5661
      3 5663
      2 5664
      1 5665
      1 5666
      1 5668
      1 5670
      2 5671
      3 5672
      1 5674
      2 5675
      3 5676
      2 5677
      1 5678
      2 5680
      2 5682
      2 5683
      5 5686
      1 5687
      1 5688
      2 5689
      2 5690
      2 5692
      3 5693
      1 5694
      2 5695
      1 5696
      2 5697
      1 5698
      4 5699
      2 5700
      1 5701
      1 5702
      2 5703
      3 5704
      2 5705
      3 5706
      3 5707
      1 5708
      2 5709
      2 5710
      1 5711
      3 5712
      3 5713
      1 5714
      1 5715
      1 5716
      1 5717
      2 5718
      2 5720
      1 5721
      2 5722
      2 5723
      1 5724
      2 5725
      1 5726
      2 5727
      3 5728
      2 5729
      1 5730
      3 5733
      5 5734
      1 5735
      1 5736
      3 5737
      2 5738
      1 5739
      6 5740
      3 5742
      1 5743
      4 5746
      2 5747
      2 5748
      2 5750
      2 5751
      3 5753
      3 5755
      2 5757
      5 5758
      3 5759
      2 5760
      3 5761
      3 5762
      1 5763
      1 5764
      3 5766
      3 5767
      1 5768
      3 5769
      2 5770
      5 5771
      1 5772
      1 5773
      2 5774
      2 5775
      1 5776
      2 5777
      3 5778
      1 5779
      2 5781
      1 5782
      1 5783
      2 5784
      1 5785
      2 5786
      2 5787
      3 5789
      2 5790
      3 5791
      3 5792
      2 5793
      1 5794
      1 5795
      2 5796
      1 5798
      4 5799
      3 5801
      1 5802
      2 5803
      4 5804
      1 5805
      2 5807
      2 5808
      1 5809
      1 5810
      2 5812
      2 5814
      1 5816
      2 5817
      2 5819
      2 5820
      1 5821
      1 5823
      2 5824
      3 5825
      2 5826
      3 5827
      1 5828
      2 5829
      1 5830
      2 5832
      2 5833
      1 5834
      2 5835
      1 5837
      1 5838
      2 5839
      2 5840
      1 5845
      2 5846
      4 5847
      2 5849
      1 5850
      3 5851
      1 5852
      1 5853
      1 5854
      1 5855
      1 5856
      2 5858
      1 5859
      2 5860
      1 5861
      1 5862
      1 5865
      4 5866
      2 5867
      2 5868
      1 5869
      1 5870
      3 5871
      2 5872
      2 5873
      4 5874
      1 5875
      1 5876
      2 5879
      1 5883
      2 5884
      3 5885
      1 5886
      2 5887
      2 5888
      2 5889
      1 5890
      2 5893
      1 5894
      3 5896
      1 5897
      1 5898
      3 5899
      1 5900
      1 5902
      1 5903
      1 5904
      1 5907
      1 5908
      2 5909
      2 5910
      1 5911
      3 5912
      2 5914
      3 5916
      1 5917
      2 5918
      1 5920
      1 5921
      2 5922
      1 5923
      2 5924
      1 5925
      1 5926
      3 5927
      1 5928
      2 5930
      1 5931
      1 5933
      1 5934
      2 5935
      1 5936
      2 5938
      2 5940
      1 5944
      2 5946
      2 5947
      3 5949
      2 5951
      1 5952
      1 5953
      2 5954
      3 5956
      2 5957
      1 5959
      2 5960
      1 5961
      1 5962
      3 5963
      1 5964
      1 5966
      1 5967
      2 5968
      1 5969
      2 5970
      1 5971
      4 5972
      1 5974
      1 5975
      3 5976
      2 5978
      2 5979
      1 5980
      1 5981
      3 5982
      3 5983
      3 5984
      2 5985
      1 5986
      1 5987
      3 5988
      2 5989
      1 5990
      1 5992
      1 5993
      7 5994
      1 5995
      2 5997
      2 5999
      1 6000
      1 6001
      1 6002
      1 6003
      1 6004
      3 6005
      3 6006
      2 6007
      2 6008
      1 6009
      2 6010
      1 6011
      8 6012
      1 6013
      2 6014
      2 6015
      2 6016
      1 6017
      3 6018
      5 6019
      4 6021
      2 6022
      2 6023
      1 6024
      4 6025
      5 6026
      4 6027
      2 6028
      4 6030
      1 6031
      3 6032
      3 6035
      3 6036
      3 6038
      1 6039
      1 6040
      2 6041
      2 6042
      2 6043
      1 6044
      3 6045
      1 6046
      1 6047
      3 6048
      2 6049
      1 6050
      2 6051
      2 6053
      2 6054
      1 6056
      2 6057
      1 6058
      1 6059
      1 6060
      4 6061
      1 6062
      1 6063
      1 6064
      3 6066
      1 6067
      3 6068
      2 6070
      2 6071
      2 6072
      4 6074
      4 6075
      3 6076
      1 6077
      3 6078
      1 6079
      2 6080
      1 6081
      1 6082
      2 6083
      1 6085
      1 6086
      3 6087
      4 6089
      1 6090
      1 6092
      2 6095
      3 6096
      2 6097
      3 6098
      3 6100
      1 6101
      1 6102
      2 6103
      4 6104
      2 6105
      3 6106
      2 6107
      2 6108
      5 6109
      2 6110
      3 6111
      6 6112
      1 6113
      1 6114
      3 6115
      1 6116
      3 6117
      1 6118
      3 6119
      3 6120
      4 6121
      1 6123
      1 6124
      3 6126
      3 6127
      1 6128
      4 6130
      1 6131
      4 6132
      2 6133
      6 6135
      2 6136
      4 6138
      1 6139
      3 6140
      1 6141
      3 6142
      1 6143
      3 6144
      4 6146
      1 6147
      3 6150
      2 6151
      1 6152
      2 6153
      2 6154
      1 6156
      1 6157
      2 6158
      2 6160
      4 6161
      3 6162
      3 6165
      2 6166
      1 6167
      3 6168
      1 6169
      2 6170
      2 6171
      1 6172
      1 6174
      1 6175
      4 6176
      1 6177
      4 6178
      1 6179
      1 6180
      1 6181
      1 6182
      2 6183
      1 6184
      1 6185
      2 6186
      3 6188
      5 6189
      3 6190
      4 6191
      3 6192
      2 6193
      1 6194
      2 6195
      3 6196
      4 6197
      2 6198
      2 6199
      3 6200
      1 6201
      2 6202
      2 6203
      3 6204
      2 6206
      2 6208
      1 6209
      2 6211
      2 6212
      2 6213
      1 6214
      2 6215
      2 6216
      1 6217
      2 6219
      1 6220
      3 6221
      2 6222
      2 6223
      1 6224
      3 6225
      1 6226
      2 6227
      2 6228
      5 6229
      2 6230
      2 6231
      3 6232
      5 6233
      1 6234
      3 6235
      2 6236
      3 6237
      5 6239
      1 6240
      2 6242
      2 6243
      2 6244
      3 6247
      2 6249
      2 6250
      1 6251
      3 6252
      1 6253
      1 6254
      1 6255
      1 6256
      4 6258
      1 6259
      3 6260
      3 6261
      4 6262
      3 6263
      1 6264
      1 6265
      3 6266
      3 6267
      1 6268
      2 6269
      1 6270
      5 6272
      2 6273
      2 6274
      3 6275
      2 6276
      1 6277
      3 6278
      3 6279
      1 6280
      1 6281
      2 6282
      3 6283
      2 6284
      2 6285
      3 6287
      3 6288
      3 6289
      1 6290
      1 6293
      3 6294
      3 6295
      3 6296
      4 6297
      2 6298
      3 6299
      2 6301
      5 6303
      4 6305
      3 6306
      3 6307
      3 6308
      1 6309
      3 6311
      1 6312
      2 6313
      1 6314
      1 6315
      3 6316
      1 6317
      1 6318
      2 6319
      6 6321
      1 6322
      1 6323
      3 6325
      2 6326
      1 6328
      1 6329
      2 6330
      3 6331
      2 6332
      1 6333
      1 6334
      1 6335
      1 6336
      1 6338
      1 6339
      6 6340
      1 6342
      1 6343
      5 6346
      2 6348
      1 6350
      2 6351
      2 6352
      3 6353
      2 6354
      1 6357
      2 6359
      3 6360
      2 6361
      4 6362
      1 6363
      2 6364
      1 6365
      4 6367
      3 6368
      4 6369
      2 6370
      4 6371
      1 6372
      2 6373
      1 6374
      1 6376
      2 6377
      1 6380
      1 6381
      3 6387
      3 6389
      1 6390
      1 6391
      1 6392
      1 6393
      2 6394
      1 6395
      1 6396
      2 6397
      1 6398
      1 6399
      1 6400
      2 6401
      1 6402
      1 6403
      3 6404
      2 6405
      1 6406
      2 6408
      1 6409
      1 6410
      2 6411
      3 6412
      2 6413
      2 6414
      1 6416
      1 6417
      3 6419
      2 6420
      2 6421
      2 6422
      2 6423
      1 6424
      1 6425
      3 6426
      1 6427
      4 6428
      1 6429
      1 6430
      1 6432
      2 6435
      2 6436
      1 6437
      1 6438
      1 6439
      2 6440
      1 6441
      4 6442
      1 6443
      1 6444
      1 6445
      1 6446
      2 6447
      1 6448
      1 6449
      3 6450
      3 6451
      3 6452
      2 6455
      2 6456
      1 6457
      1 6459
      3 6460
      2 6461
      3 6463
      2 6464
      1 6465
      2 6468
      1 6469
      1 6472
      1 6473
      1 6474
      2 6476
      2 6477
      1 6479
      1 6480
      1 6481
      1 6482
      1 6484
      2 6486
      2 6488
      1 6491
      1 6492
      1 6495
      3 6496
      3 6497
      2 6498
      2 6500
      2 6501
      1 6502
      1 6503
      3 6504
      1 6505
      4 6506
      1 6507
      1 6508
      2 6510
      1 6511
      1 6512
      2 6513
      1 6514
      2 6516
      2 6517
      2 6519
      1 6520
      2 6521
      1 6522
      1 6523
      1 6525
      3 6526
      1 6528
      1 6529
      2 6530
      4 6532
      1 6534
      1 6535
      2 6536
      2 6537
      1 6538
      1 6539
      1 6540
      2 6541
      1 6543
      1 6544
      2 6545
      1 6546
      1 6547
      2 6550
      6 6551
      1 6552
      2 6553
      2 6556
      3 6558
      2 6559
      2 6560
      2 6561
      1 6562
      1 6565
      3 6568
      2 6570
      3 6571
      2 6575
      1 6576
      2 6577
      2 6578
      5 6579
      3 6580
      1 6582
      4 6583
      1 6585
      1 6586
      2 6587
      1 6590
      3 6591
      2 6592
      2 6595
      1 6598
      1 6599
      1 6601
      1 6602
      2 6603
      3 6604
      1 6607
      1 6608
      1 6609
      3 6610
      1 6611
      1 6612
      1 6614
      3 6615
      1 6616
      1 6617
      1 6618
      1 6619
      2 6620
      2 6622
      3 6624
      2 6626
      1 6627
      1 6629
      1 6630
      1 6631
      1 6632
      1 6633
      1 6635
      1 6636
      1 6637
      2 6638
      2 6639
      1 6641
      2 6642
      1 6643
      2 6644
      2 6645
      1 6647
      1 6648
      1 6649
      1 6650
      1 6651
      3 6653
      1 6654
      2 6655
      2 6656
      2 6657
      2 6658
      1 6659
      1 6660
      1 6661
      2 6662
      1 6663
      2 6665
      2 6666
      4 6667
      2 6668
      1 6669
      2 6670
      1 6671
      2 6672
      1 6673
      2 6674
      2 6675
      3 6676
      2 6677
      1 6678
      2 6680
      1 6681
      3 6683
      5 6685
      1 6689
      2 6690
      1 6691
      2 6692
      3 6694
      2 6698
      3 6699
      1 6701
      1 6702
      2 6705
      1 6706
      3 6707
      2 6708
      2 6709
      1 6712
      1 6713
      2 6715
      1 6716
      1 6717
      1 6719
      1 6721
      2 6722
      2 6723
      3 6724
      1 6725
      3 6726
      1 6729
      2 6730
      1 6732
      2 6733
      1 6734
      1 6735
      2 6736
      1 6737
      2 6739
      1 6740
      1 6742
      1 6744
      3 6745
      1 6746
      3 6747
      1 6749
      1 6750
      1 6751
      3 6752
      1 6753
      3 6754
      1 6755
      1 6757
      2 6759
      1 6760
      4 6761
      2 6762
      1 6763
      2 6765
      2 6766
      1 6770
      2 6772
      2 6773
      1 6774
      1 6775
      4 6776
      3 6777
      1 6778
      5 6779
      2 6781
      1 6782
      1 6783
      3 6784
      4 6785
      1 6786
      3 6787
      1 6788
      3 6789
      2 6790
      2 6791
      1 6792
      2 6793
      4 6794
      2 6795
      1 6796
      4 6797
      1 6798
      2 6799
      3 6800
      2 6801
      1 6803
      2 6806
      1 6808
      2 6812
      3 6817
      2 6818
      1 6819
      2 6820
      1 6821
      1 6822
      1 6823
      2 6824
      5 6827
      2 6832
      1 6834
      1 6836
      2 6837
      2 6838
      1 6839
      1 6841
      2 6843
      1 6845
      1 6848
      1 6850
      1 6854
      1 6857
      1 6860
      1 6862
      2 6864
      2 6865
      1 6874
      1 6876
      1 6877
      1 6880
      1 6882
      1 6883
      1 6884
      1 6889
      2 6893
      4 6894
      1 6895
      3 6897
      1 6900
      1 6901
      1 6903
      1 6904
      1 6905
      1 6908
      2 6911
      1 6912
      3 6916
      1 6920
      1 6921
      1 6922
      2 6927
      1 6933
      1 6938
      2 6941
      1 6945
      1 6953
      1 6955
      1 6958
      1 6962
      2 6964
      1 6967
      1 6971
      2 6973
      1 6974
      1 6975
      1 6982
      1 6993
      1 6994
      2 6996
      1 6997
      1 6999
      1 7001
      4 7005
      1 7006
      1 7008
      4 7011
      1 7012
      1 7013
      1 7014
      1 7015
      1 7017
      1 7020
      2 7022
      1 7024
      1 7026
      2 7027
      1 7030
      2 7031
      2 7032
      1 7034
      2 7035
      1 7037
      1 7040
      2 7043
      1 7044
      1 7046
      1 7047
      1 7048
      2 7052
      1 7056
      2 7064
      1 7065
      1 7071
      1 7072
      2 7073
      1 7075
      1 7077
      1 7083
      1 7094
      1 7098
      1 7099
      1 7100
      1 7103
      1 7117
      1 7118
      1 7123
      1 7127
      1 7129
      1 7131
      1 7132
      2 7139
      1 7147
      1 7148
      1 7150
      1 7154
      1 7159
      1 7160
      1 7163
      1 7164
      1 7167
      1 7173
      2 7175
      2 7177
      1 7179
      1 7184
      2 7190
      2 7192
      1 7193
      1 7196
      1 7202
      1 7204
      1 7215
      2 7221
      1 7224
      1 7227
      1 7233
      1 7235
      2 7239
      1 7242
      1 7243
      1 7244
      1 7246
      2 7249
      1 7253
      1 7254
      1 7255
      1 7257
      4 7259
      1 7261
      1 7271
      2 7273
      1 7275
      1 7281
      1 7284
      1 7286
      2 7288
      1 7294
      1 7302
      1 7304
      3 7305
      1 7309
      1 7310
      1 7311
      1 7312
      1 7313
      1 7324
      1 7325
      1 7326
      3 7327
      1 7334
      1 7339
      1 7340
      1 7341
      1 7343
      1 7344
      1 7346
      2 7351
      1 7352
      1 7353
      2 7355
      1 7357
      1 7360
      1 7365
      1 7367
      1 7368
      1 7377
      1 7378
      1 7385
      1 7387
      2 7388
      1 7391
      1 7398
      1 7399
      1 7405
      1 7407
      1 7408
      1 7409
      2 7416
      1 7418
      1 7421
      1 7427
      1 7431
      1 7435
      1 7442
      1 7450
      1 7451
      1 7453
      2 7454
      3 7455
      1 7457
      1 7466
      2 7471
      1 7474
      1 7476
      2 7477
      1 7479
      1 7482
      1 7485
      2 7490
      1 7494
      1 7495
      2 7498
      1 7501
      1 7502
      1 7503
      1 7506
      2 7512
      1 7517
      1 7518
      1 7527
      1 7528
      1 7530
      2 7531
      3 7532
      1 7535
      1 7537
      1 7538
      1 7539
      1 7549
      1 7550
      1 7552
      1 7557
      2 7558
      1 7560
      1 7570
      1 7572
      1 7574
      3 7580
      1 7581
      1 7582
      1 7588
      1 7589
      1 7593
      1 7600
      2 7601
      1 7602
      1 7604
      1 7606
      2 7609
      2 7610
      1 7611
      1 7612
      1 7614
      1 7618
      1 7620
      1 7622
      2 7623
      1 7626
      1 7628
      1 7633
      1 7634
      2 7636
      1 7640
      1 7641
      1 7642
      1 7643
      2 7644
      1 7645
      1 7646
      1 7647
      1 7649
      1 7652
      1 7654
      2 7655
      1 7657
      2 7658
      1 7659
      1 7660
      4 7663
      3 7667
      3 7670
      3 7672
      1 7673
      1 7675
      1 7676
      2 7677
      1 7678
      1 7679
      2 7680
      1 7681
      1 7682
      3 7685
      1 7686
      1 7687
      1 7688
      2 7693
      1 7698
      2 7701
      1 7703
      1 7711
      1 7712
      2 7715
      2 7716
      2 7717
      1 7718
      1 7719
      1 7720
      1 7722
      1 7729
      1 7738
      1 7739
      1 7741
      1 7743
      2 7746
      2 7747
      1 7749
      1 7751
      1 7756
      2 7759
      1 7761
      1 7769
      1 7771
      1 7773
      2 7774
      2 7777
      1 7781
      1 7785
      1 7787
      2 7788
      1 7794
      2 7796
      1 7801
      1 7804
      1 7806
      3 7807
      2 7808
      2 7809
      1 7810
      1 7813
      1 7814
      1 7815
      1 7816
      1 7817
      1 7820
      2 7821
      1 7826
      1 7828
      3 7829
      3 7830
      1 7835
      1 7838
      1 7843
      1 7847
      4 7849
      1 7851
      2 7853
      2 7854
      1 7855
      1 7857
      2 7858
      1 7859
      1 7861
      2 7863
      2 7865
      2 7866
      2 7868
      1 7869
      1 7870
      2 7872
      2 7873
      1 7874
      1 7875
      1 7876
      2 7877
      4 7879
      2 7881
      3 7882
      6 7883
      4 7884
      2 7885
      3 7886
      1 7887
      3 7888
      2 7889
      5 7890
      5 7891
      7 7892
      4 7893
      3 7894
      1 7895
      1 7896
      8 7897
      3 7898
      6 7899
      1 7900
      4 7901
      6 7902
      3 7903
      1 7904
      4 7905
      2 7906
      3 7907
      3 7908
      6 7909
      2 7910
      6 7911
      3 7912
      3 7913
      2 7914
      1 7915
      2 7916
      2 7917
      1 7918
      4 7919
      6 7920
      3 7921
      5 7922
      3 7923
      4 7924
      5 7926
      2 7927
      3 7928
      1 7929
      1 7930
      1 7931
      1 7932
      4 7933
      1 7934
      2 7935
      5 7936
      4 7937
      1 7938
      3 7940
      1 7941
      1 7942
      1 7943
      3 7944
      2 7945
      1 7946
      1 7947
      1 7948
      3 7950
      1 7951
      1 7952
      1 7953
      1 7954
      1 7955
      1 7956
      2 7957
      3 7958
      5 7959
      3 7960
      2 7962
      3 7963
      2 7964
      2 7965
      1 7966
      1 7968
      2 7969
      3 7970
      1 7972
      7 7973
      2 7975
      4 7976
      1 7977
      1 7978
      3 7979
      2 7980
      1 7981
      1 7983
      1 7984
