 204197 0
42901303 1
102296520 2
192157726 3
292119761 4
371727515 5
406424359 6
389918699 7
333991319 8
258420767 9
182663667 10
119062106 11
72209968 12
41172425 13
22332127 14
11704709 15
6087689 16
3258314 17
1885793 18
1207911 19
 869931 20
 676119 21
 557638 22
 471705 23
 406821 24
 357869 25
 316593 26
 285356 27
 257817 28
 231314 29
 209938 30
 190581 31
 175862 32
 160497 33
 148211 34
 137666 35
 126309 36
 117484 37
 108560 38
  99939 39
  92166 40
  84985 41
  78861 42
  73334 43
  68041 44
  63227 45
  59025 46
  55078 47
  51824 48
  48946 49
  45111 50
  43149 51
  40551 52
  38245 53
  36821 54
  35294 55
  33977 56
  32424 57
  31928 58
  30706 59
  29483 60
  28579 61
  27988 62
  27294 63
  26501 64
  25743 65
  24217 66
  23681 67
  22473 68
  22316 69
  21324 70
  20577 71
  19711 72
  19191 73
  19049 74
  18648 75
  18114 76
  17709 77
  17062 78
  16445 79
  16005 80
  15243 81
  15351 82
  15502 83
  15106 84
  14830 85
  14637 86
  14172 87
  13872 88
  13233 89
  13038 90
  12866 91
  12561 92
  12229 93
  12286 94
  12073 95
  12033 96
  12088 97
  11648 98
  11137 99
  10988 100
  10871 101
  10428 102
  10612 103
  10118 104
   9889 105
   9787 106
   9714 107
   9857 108
   9723 109
   9394 110
   9061 111
   9080 112
   8699 113
   8801 114
   8680 115
   8681 116
   8456 117
   8490 118
   8241 119
   8210 120
   7855 121
   7764 122
   7629 123
   7435 124
   7620 125
   7358 126
   7268 127
   7038 128
   6839 129
   6707 130
   6887 131
   6717 132
   6851 133
   6746 134
   6637 135
   6488 136
   6419 137
   6487 138
   6485 139
   6441 140
   6514 141
   6281 142
   6238 143
   6280 144
   6119 145
   6138 146
   5890 147
   5932 148
   5952 149
   5822 150
   5606 151
   5629 152
   5497 153
   5508 154
   5413 155
   5335 156
   5181 157
   5295 158
   5232 159
   5103 160
   5175 161
   5048 162
   4933 163
   4990 164
   5044 165
   4749 166
   4662 167
   4681 168
   4618 169
   4583 170
   4505 171
   4320 172
   4478 173
   4393 174
   4314 175
   4350 176
   4314 177
   4308 178
   4286 179
   4051 180
   3968 181
   4039 182
   4082 183
   4024 184
   3965 185
   3981 186
   3861 187
   3706 188
   3766 189
   3683 190
   3763 191
   3587 192
   3678 193
   3480 194
   3599 195
   3618 196
   3510 197
   3462 198
   3344 199
   3442 200
   3453 201
   3325 202
   3301 203
   3294 204
   3143 205
   3199 206
   3075 207
   3148 208
   3089 209
   3117 210
   3038 211
   3126 212
   3078 213
   2969 214
   2936 215
   2921 216
   2956 217
   3092 218
   2834 219
   2845 220
   2876 221
   2977 222
   2803 223
   2796 224
   2830 225
   2823 226
   2814 227
   2946 228
   2724 229
   2716 230
   2766 231
   2617 232
   2699 233
   2591 234
   2572 235
   2684 236
   2530 237
   2507 238
   2496 239
   2507 240
   2408 241
   2462 242
   2436 243
   2349 244
   2380 245
   2343 246
   2425 247
   2358 248
   2329 249
   2341 250
   2340 251
   2343 252
   2261 253
   2236 254
   2411 255
   2227 256
   2264 257
   2313 258
   2263 259
   2212 260
   2198 261
   2255 262
   2157 263
   2149 264
   2258 265
   2241 266
   2237 267
   2194 268
   2117 269
   2132 270
   1994 271
   2147 272
   2087 273
   2137 274
   2092 275
   2041 276
   2067 277
   2052 278
   2088 279
   2064 280
   2027 281
   2045 282
   2030 283
   2000 284
   1892 285
   1990 286
   1937 287
   1960 288
   1865 289
   1964 290
   1938 291
   1973 292
   1919 293
   1951 294
   1894 295
   1944 296
   1874 297
   1863 298
   1818 299
   1791 300
   1909 301
   1800 302
   1865 303
   1871 304
   1776 305
   1828 306
   1812 307
   1837 308
   1840 309
   1706 310
   1698 311
   1838 312
   1767 313
   1691 314
   1709 315
   1758 316
   1723 317
   1733 318
   1692 319
   1625 320
   1703 321
   1634 322
   1703 323
   1673 324
   1707 325
   1735 326
   1699 327
   1652 328
   1594 329
   1624 330
   1696 331
   1710 332
   1713 333
   1659 334
   1645 335
   1723 336
   1701 337
   1716 338
   1724 339
   1723 340
   1698 341
   1703 342
   1697 343
   1736 344
   1731 345
   1765 346
   1774 347
   1776 348
   1680 349
   1718 350
   1679 351
   1733 352
   1809 353
   1768 354
   1666 355
   1667 356
   1708 357
   1733 358
   1666 359
   1710 360
   1765 361
   1787 362
   1838 363
   1765 364
   1858 365
   1780 366
   1885 367
   1859 368
   1821 369
   1825 370
   1788 371
   1861 372
   1866 373
   1970 374
   1854 375
   1841 376
   1901 377
   1950 378
   1906 379
   2021 380
   1955 381
   1969 382
   1972 383
   1979 384
   1973 385
   1969 386
   2166 387
   2136 388
   2111 389
   2082 390
   2015 391
   2153 392
   2133 393
   2146 394
   2202 395
   2142 396
   2074 397
   2183 398
   2143 399
   2209 400
   2223 401
   2228 402
   2179 403
   2208 404
   2341 405
   2248 406
   2289 407
   2305 408
   2361 409
   2313 410
   2372 411
   2304 412
   2245 413
   2249 414
   2246 415
   2231 416
   2153 417
   2163 418
   2215 419
   2226 420
   2319 421
   2237 422
   2225 423
   2192 424
   2309 425
   2299 426
   2255 427
   2217 428
   2256 429
   2153 430
   2125 431
   2135 432
   2150 433
   2164 434
   2104 435
   2053 436
   2080 437
   1951 438
   2006 439
   2050 440
   1965 441
   2028 442
   2055 443
   1957 444
   1897 445
   1925 446
   2006 447
   2002 448
   2025 449
   1883 450
   1817 451
   1816 452
   1940 453
   1726 454
   1817 455
   1789 456
   1769 457
   1730 458
   1738 459
   1720 460
   1623 461
   1604 462
   1665 463
   1648 464
   1524 465
   1524 466
   1557 467
   1501 468
   1482 469
   1504 470
   1512 471
   1467 472
   1523 473
   1490 474
   1413 475
   1423 476
   1386 477
   1332 478
   1358 479
   1333 480
   1403 481
   1247 482
   1370 483
   1244 484
   1231 485
   1285 486
   1218 487
   1163 488
   1199 489
   1159 490
   1202 491
   1173 492
   1143 493
   1198 494
   1064 495
   1105 496
   1093 497
   1137 498
   1001 499
   1049 500
   1050 501
   1048 502
   1070 503
   1046 504
   1013 505
   1024 506
   1028 507
   1033 508
    967 509
    969 510
    886 511
    933 512
    937 513
    914 514
    948 515
    937 516
    908 517
    930 518
    888 519
    877 520
    892 521
    878 522
    866 523
    818 524
    892 525
    886 526
    917 527
    866 528
    866 529
    899 530
    891 531
    894 532
    828 533
    853 534
    882 535
    841 536
    813 537
    825 538
    765 539
    771 540
    811 541
    868 542
    835 543
    746 544
    814 545
    746 546
    763 547
    792 548
    808 549
    787 550
    794 551
    787 552
    751 553
    712 554
    805 555
    763 556
    747 557
    763 558
    766 559
    743 560
    747 561
    724 562
    700 563
    730 564
    727 565
    756 566
    819 567
    768 568
    746 569
    703 570
    732 571
    681 572
    726 573
    728 574
    696 575
    688 576
    708 577
    743 578
    699 579
    702 580
    714 581
    714 582
    669 583
    664 584
    657 585
    670 586
    715 587
    727 588
    654 589
    610 590
    637 591
    622 592
    634 593
    567 594
    606 595
    597 596
    617 597
    653 598
    606 599
    584 600
    561 601
    559 602
    598 603
    596 604
    601 605
    605 606
    596 607
    553 608
    534 609
    540 610
    610 611
    550 612
    608 613
    566 614
    540 615
    507 616
    539 617
    505 618
    534 619
    544 620
    465 621
    530 622
    510 623
    474 624
    508 625
    479 626
    556 627
    482 628
    476 629
    501 630
    493 631
    473 632
    442 633
    471 634
    507 635
    468 636
    483 637
    498 638
    457 639
    472 640
    501 641
    463 642
    479 643
    465 644
    480 645
    448 646
    511 647
    455 648
    499 649
    445 650
    489 651
    475 652
    475 653
    444 654
    439 655
    450 656
    464 657
    474 658
    459 659
    405 660
    425 661
    394 662
    365 663
    427 664
    442 665
    400 666
    439 667
    410 668
    422 669
    446 670
    416 671
    435 672
    391 673
    417 674
    413 675
    433 676
    404 677
    405 678
    361 679
    397 680
    472 681
    435 682
    451 683
    421 684
    366 685
    432 686
    435 687
    425 688
    410 689
    387 690
    405 691
    418 692
    400 693
    414 694
    424 695
    447 696
    408 697
    386 698
    382 699
    409 700
    392 701
    445 702
    386 703
    402 704
    342 705
    375 706
    370 707
    405 708
    362 709
    382 710
    345 711
    380 712
    387 713
    385 714
    330 715
    393 716
    390 717
    415 718
    349 719
    357 720
    354 721
    375 722
    405 723
    351 724
    348 725
    379 726
    331 727
    374 728
    373 729
    391 730
    388 731
    391 732
    406 733
    412 734
    404 735
    362 736
    350 737
    408 738
    437 739
    400 740
    402 741
    378 742
    338 743
    346 744
    366 745
    367 746
    369 747
    348 748
    407 749
    356 750
    380 751
    319 752
    368 753
    340 754
    376 755
    331 756
    350 757
    364 758
    327 759
    325 760
    302 761
    368 762
    369 763
    384 764
    332 765
    374 766
    367 767
    365 768
    342 769
    321 770
    355 771
    359 772
    346 773
    350 774
    296 775
    322 776
    343 777
    334 778
    310 779
    343 780
    349 781
    324 782
    350 783
    300 784
    336 785
    315 786
    343 787
    346 788
    301 789
    316 790
    326 791
    344 792
    323 793
    345 794
    329 795
    337 796
    366 797
    323 798
    359 799
    337 800
    363 801
    366 802
    351 803
    330 804
    357 805
    330 806
    333 807
    333 808
    313 809
    324 810
    328 811
    328 812
    320 813
    297 814
    299 815
    305 816
    312 817
    329 818
    307 819
    354 820
    310 821
    321 822
    331 823
    315 824
    310 825
    326 826
    315 827
    307 828
    320 829
    319 830
    305 831
    326 832
    335 833
    348 834
    332 835
    341 836
    355 837
    309 838
    339 839
    332 840
    309 841
    287 842
    311 843
    369 844
    302 845
    320 846
    288 847
    324 848
    314 849
    303 850
    298 851
    304 852
    294 853
    293 854
    321 855
    295 856
    302 857
    278 858
    288 859
    300 860
    284 861
    278 862
    294 863
    293 864
    317 865
    269 866
    295 867
    303 868
    262 869
    284 870
    297 871
    273 872
    299 873
    290 874
    285 875
    276 876
    282 877
    278 878
    301 879
    295 880
    296 881
    316 882
    313 883
    293 884
    283 885
    312 886
    275 887
    283 888
    276 889
    279 890
    281 891
    257 892
    295 893
    271 894
    284 895
    266 896
    260 897
    283 898
    273 899
    304 900
    238 901
    268 902
    245 903
    257 904
    251 905
    256 906
    263 907
    260 908
    276 909
    259 910
    248 911
    268 912
    241 913
    256 914
    221 915
    274 916
    277 917
    269 918
    265 919
    249 920
    254 921
    268 922
    258 923
    245 924
    265 925
    264 926
    245 927
    254 928
    244 929
    229 930
    234 931
    264 932
    256 933
    231 934
    238 935
    271 936
    236 937
    235 938
    245 939
    238 940
    246 941
    219 942
    206 943
    237 944
    241 945
    254 946
    214 947
    219 948
    227 949
    217 950
    221 951
    271 952
    240 953
    236 954
    225 955
    211 956
    231 957
    235 958
    237 959
    222 960
    233 961
    196 962
    226 963
    210 964
    221 965
    206 966
    202 967
    222 968
    226 969
    206 970
    189 971
    229 972
    236 973
    207 974
    220 975
    223 976
    222 977
    226 978
    241 979
    241 980
    236 981
    211 982
    189 983
    229 984
    196 985
    236 986
    188 987
    220 988
    199 989
    204 990
    221 991
    203 992
    239 993
    218 994
    241 995
    213 996
    222 997
    212 998
    246 999
    209 1000
    227 1001
    220 1002
    199 1003
    196 1004
    195 1005
    224 1006
    200 1007
    208 1008
    241 1009
    209 1010
    192 1011
    210 1012
    197 1013
    207 1014
    213 1015
    211 1016
    213 1017
    185 1018
    187 1019
    189 1020
    201 1021
    218 1022
    215 1023
    202 1024
    208 1025
    185 1026
    209 1027
    203 1028
    196 1029
    226 1030
    176 1031
    181 1032
    191 1033
    207 1034
    225 1035
    189 1036
    196 1037
    199 1038
    208 1039
    190 1040
    199 1041
    203 1042
    202 1043
    225 1044
    217 1045
    217 1046
    178 1047
    207 1048
    213 1049
    212 1050
    198 1051
    187 1052
    195 1053
    195 1054
    192 1055
    194 1056
    210 1057
    225 1058
    209 1059
    198 1060
    176 1061
    200 1062
    208 1063
    218 1064
    194 1065
    191 1066
    209 1067
    223 1068
    184 1069
    195 1070
    173 1071
    207 1072
    164 1073
    188 1074
    214 1075
    193 1076
    205 1077
    170 1078
    208 1079
    187 1080
    177 1081
    197 1082
    188 1083
    216 1084
    164 1085
    213 1086
    194 1087
    220 1088
    201 1089
    166 1090
    193 1091
    164 1092
    163 1093
    186 1094
    204 1095
    180 1096
    188 1097
    206 1098
    180 1099
    202 1100
    194 1101
    186 1102
    175 1103
    174 1104
    186 1105
    185 1106
    172 1107
    190 1108
    203 1109
    178 1110
    190 1111
    174 1112
    185 1113
    190 1114
    178 1115
    204 1116
    183 1117
    180 1118
    176 1119
    187 1120
    221 1121
    173 1122
    196 1123
    202 1124
    183 1125
    213 1126
    168 1127
    173 1128
    180 1129
    196 1130
    198 1131
    203 1132
    191 1133
    195 1134
    169 1135
    197 1136
    196 1137
    197 1138
    189 1139
    177 1140
    159 1141
    175 1142
    168 1143
    192 1144
    170 1145
    165 1146
    169 1147
    177 1148
    183 1149
    175 1150
    215 1151
    182 1152
    192 1153
    176 1154
    184 1155
    182 1156
    171 1157
    167 1158
    153 1159
    152 1160
    172 1161
    161 1162
    171 1163
    157 1164
    154 1165
    165 1166
    165 1167
    141 1168
    175 1169
    140 1170
    150 1171
    171 1172
    166 1173
    155 1174
    202 1175
    170 1176
    195 1177
    148 1178
    169 1179
    153 1180
    149 1181
    167 1182
    184 1183
    161 1184
    153 1185
    158 1186
    171 1187
    153 1188
    154 1189
    151 1190
    179 1191
    155 1192
    141 1193
    160 1194
    140 1195
    135 1196
    166 1197
    142 1198
    134 1199
    174 1200
    168 1201
    175 1202
    170 1203
    134 1204
    139 1205
    153 1206
    144 1207
    162 1208
    170 1209
    151 1210
    175 1211
    132 1212
    169 1213
    140 1214
    149 1215
    140 1216
    141 1217
    156 1218
    138 1219
    135 1220
    145 1221
    149 1222
    146 1223
    159 1224
    134 1225
    152 1226
    159 1227
    145 1228
    135 1229
    140 1230
    144 1231
    142 1232
    132 1233
    147 1234
    173 1235
    138 1236
    136 1237
    144 1238
    157 1239
    159 1240
    139 1241
    166 1242
    159 1243
    155 1244
    144 1245
    147 1246
    164 1247
    191 1248
    165 1249
    148 1250
    182 1251
    154 1252
    167 1253
    142 1254
    180 1255
    160 1256
    177 1257
    160 1258
    150 1259
    162 1260
    149 1261
    169 1262
    140 1263
    143 1264
    170 1265
    160 1266
    179 1267
    172 1268
    146 1269
    130 1270
    148 1271
    148 1272
    154 1273
    153 1274
    151 1275
    165 1276
    145 1277
    154 1278
    162 1279
    143 1280
    181 1281
    147 1282
    156 1283
    146 1284
    158 1285
    141 1286
    141 1287
    148 1288
    148 1289
    150 1290
    163 1291
    152 1292
    133 1293
    158 1294
    149 1295
    127 1296
    149 1297
    151 1298
    140 1299
    172 1300
    131 1301
    147 1302
    148 1303
    113 1304
    148 1305
    143 1306
    141 1307
    118 1308
    140 1309
    125 1310
    136 1311
    129 1312
    147 1313
    150 1314
    152 1315
    147 1316
    147 1317
    123 1318
    150 1319
    147 1320
    131 1321
    125 1322
    135 1323
    145 1324
    119 1325
    131 1326
    132 1327
    134 1328
    166 1329
    138 1330
    142 1331
    135 1332
    144 1333
    151 1334
    133 1335
    141 1336
    133 1337
    126 1338
    139 1339
    134 1340
    142 1341
    128 1342
    121 1343
    165 1344
    128 1345
    139 1346
    138 1347
    150 1348
    137 1349
    134 1350
    158 1351
    169 1352
    147 1353
    133 1354
    136 1355
    136 1356
    131 1357
    156 1358
    139 1359
    124 1360
    145 1361
    128 1362
    112 1363
    119 1364
    153 1365
    151 1366
    126 1367
    166 1368
    155 1369
    154 1370
    133 1371
    151 1372
    144 1373
    130 1374
    158 1375
    133 1376
    151 1377
    157 1378
    154 1379
    143 1380
    165 1381
    140 1382
    121 1383
    142 1384
    147 1385
    138 1386
    131 1387
    136 1388
    135 1389
    128 1390
    126 1391
    130 1392
    130 1393
    142 1394
    140 1395
    135 1396
    114 1397
    133 1398
    140 1399
    144 1400
    124 1401
    136 1402
    150 1403
    126 1404
    129 1405
    131 1406
    151 1407
    128 1408
    145 1409
    117 1410
    114 1411
    117 1412
    122 1413
    124 1414
    116 1415
    133 1416
    126 1417
    127 1418
    130 1419
    121 1420
    139 1421
    145 1422
    113 1423
    137 1424
    135 1425
    143 1426
    149 1427
    124 1428
    139 1429
    141 1430
    138 1431
    119 1432
    137 1433
    136 1434
    137 1435
    115 1436
    127 1437
    140 1438
    132 1439
    145 1440
    127 1441
    126 1442
    135 1443
    132 1444
    153 1445
    128 1446
    125 1447
    122 1448
    144 1449
    149 1450
    124 1451
    122 1452
    128 1453
    115 1454
    140 1455
    131 1456
    125 1457
    141 1458
    130 1459
    135 1460
    126 1461
    109 1462
    117 1463
    116 1464
    133 1465
    110 1466
    124 1467
    121 1468
    136 1469
    128 1470
    129 1471
    118 1472
    155 1473
    132 1474
    120 1475
    138 1476
    139 1477
    118 1478
    122 1479
    115 1480
    127 1481
     99 1482
    132 1483
    143 1484
    135 1485
    134 1486
    125 1487
    117 1488
    131 1489
    134 1490
    127 1491
    129 1492
    111 1493
    143 1494
    126 1495
    104 1496
    114 1497
    137 1498
    109 1499
    135 1500
    106 1501
    110 1502
    131 1503
    124 1504
    140 1505
    118 1506
    122 1507
    142 1508
    137 1509
    123 1510
    147 1511
    125 1512
    134 1513
    116 1514
    129 1515
    130 1516
    144 1517
    112 1518
    124 1519
    133 1520
    103 1521
    130 1522
    133 1523
    116 1524
    119 1525
    122 1526
    110 1527
    147 1528
    123 1529
    124 1530
    131 1531
    113 1532
    114 1533
    128 1534
    144 1535
    137 1536
    103 1537
    118 1538
    143 1539
    135 1540
    129 1541
    122 1542
    127 1543
    117 1544
    150 1545
    117 1546
    135 1547
    120 1548
    122 1549
    140 1550
    142 1551
    114 1552
    145 1553
    120 1554
    138 1555
    110 1556
    146 1557
    155 1558
    141 1559
    130 1560
    133 1561
    132 1562
    134 1563
    139 1564
    127 1565
    104 1566
    119 1567
    103 1568
    114 1569
    138 1570
    107 1571
    123 1572
    134 1573
    135 1574
    108 1575
     94 1576
    113 1577
    126 1578
     97 1579
    125 1580
    133 1581
    117 1582
    142 1583
    132 1584
    122 1585
    106 1586
    111 1587
    124 1588
    116 1589
    133 1590
    125 1591
    112 1592
    141 1593
    124 1594
    130 1595
    120 1596
    134 1597
    147 1598
    126 1599
    120 1600
    135 1601
    100 1602
    139 1603
    139 1604
    112 1605
    147 1606
    119 1607
    132 1608
    124 1609
    119 1610
    133 1611
    118 1612
    114 1613
    130 1614
    123 1615
    131 1616
    113 1617
    121 1618
    117 1619
    132 1620
    126 1621
    136 1622
    139 1623
    125 1624
    114 1625
    127 1626
    126 1627
    135 1628
    127 1629
    138 1630
    127 1631
    144 1632
    110 1633
    125 1634
    120 1635
    112 1636
    128 1637
    119 1638
    114 1639
    124 1640
    131 1641
    128 1642
    107 1643
    129 1644
    125 1645
    118 1646
    138 1647
    143 1648
    122 1649
    127 1650
    150 1651
    127 1652
    132 1653
    107 1654
    148 1655
    125 1656
    126 1657
    102 1658
    102 1659
    107 1660
    107 1661
    123 1662
    116 1663
    118 1664
    130 1665
    123 1666
    108 1667
     91 1668
    113 1669
    113 1670
    114 1671
    106 1672
    112 1673
     98 1674
    130 1675
    111 1676
    122 1677
    108 1678
    120 1679
     95 1680
    116 1681
    108 1682
    111 1683
    105 1684
    100 1685
     91 1686
    108 1687
    103 1688
    101 1689
     99 1690
    104 1691
    114 1692
    115 1693
    134 1694
    124 1695
    106 1696
    106 1697
     99 1698
    112 1699
    103 1700
    105 1701
     95 1702
    115 1703
     96 1704
     95 1705
     83 1706
     94 1707
    110 1708
     91 1709
    107 1710
     87 1711
    102 1712
     92 1713
    100 1714
     97 1715
    100 1716
    100 1717
     90 1718
     95 1719
     89 1720
     98 1721
     96 1722
    103 1723
    117 1724
     89 1725
    108 1726
    108 1727
    108 1728
    107 1729
    119 1730
    115 1731
    111 1732
    107 1733
    100 1734
     94 1735
     94 1736
     81 1737
     94 1738
     88 1739
     88 1740
    105 1741
     98 1742
     97 1743
     79 1744
    107 1745
     94 1746
     87 1747
     91 1748
    109 1749
    106 1750
     93 1751
    103 1752
     91 1753
     91 1754
     94 1755
     82 1756
     84 1757
    105 1758
     83 1759
    108 1760
     98 1761
     99 1762
     96 1763
     91 1764
     88 1765
    100 1766
     78 1767
     92 1768
     86 1769
     84 1770
    101 1771
     79 1772
    100 1773
     72 1774
     80 1775
     93 1776
     71 1777
     82 1778
     99 1779
     83 1780
     77 1781
     76 1782
     93 1783
     76 1784
     81 1785
     77 1786
     82 1787
     91 1788
     89 1789
     80 1790
     86 1791
     75 1792
     87 1793
     78 1794
     75 1795
     84 1796
     83 1797
    101 1798
     95 1799
    101 1800
     76 1801
     94 1802
     84 1803
     88 1804
     83 1805
     89 1806
     91 1807
     78 1808
     64 1809
     71 1810
     70 1811
     88 1812
     90 1813
     77 1814
     77 1815
     70 1816
     64 1817
     79 1818
     85 1819
     69 1820
     81 1821
     96 1822
     75 1823
     72 1824
     95 1825
     90 1826
     79 1827
     67 1828
     69 1829
     66 1830
     69 1831
     74 1832
     76 1833
     76 1834
     85 1835
     71 1836
     86 1837
     73 1838
     64 1839
     62 1840
     67 1841
     71 1842
     81 1843
     76 1844
     79 1845
     80 1846
     89 1847
     61 1848
     69 1849
     76 1850
     75 1851
     85 1852
     94 1853
     71 1854
     66 1855
     70 1856
     77 1857
     69 1858
     75 1859
     65 1860
     65 1861
     69 1862
     81 1863
     75 1864
     69 1865
     76 1866
     63 1867
     56 1868
     67 1869
     64 1870
     59 1871
     59 1872
     69 1873
     80 1874
     66 1875
     59 1876
     63 1877
     66 1878
     78 1879
     70 1880
     50 1881
     64 1882
     69 1883
     59 1884
     70 1885
     61 1886
     74 1887
     62 1888
     67 1889
     74 1890
     69 1891
     65 1892
     50 1893
     71 1894
     55 1895
     58 1896
     59 1897
     62 1898
     70 1899
     68 1900
     65 1901
     78 1902
     57 1903
     58 1904
     71 1905
     64 1906
     59 1907
     61 1908
     56 1909
     60 1910
     49 1911
     53 1912
     52 1913
     45 1914
     64 1915
     54 1916
     63 1917
     64 1918
     53 1919
     55 1920
     58 1921
     71 1922
     64 1923
     54 1924
     54 1925
     46 1926
     65 1927
     67 1928
     61 1929
     48 1930
     51 1931
     64 1932
     55 1933
     53 1934
     62 1935
     56 1936
     57 1937
     67 1938
     63 1939
     65 1940
     71 1941
     54 1942
     70 1943
     68 1944
     51 1945
     62 1946
     55 1947
     47 1948
     43 1949
     57 1950
     52 1951
     62 1952
     55 1953
     47 1954
     67 1955
     73 1956
     62 1957
     53 1958
     59 1959
     53 1960
     55 1961
     56 1962
     69 1963
     53 1964
     63 1965
     55 1966
     53 1967
     58 1968
     66 1969
     54 1970
     48 1971
     58 1972
     45 1973
     50 1974
     59 1975
     56 1976
     54 1977
     62 1978
     45 1979
     50 1980
     51 1981
     60 1982
     73 1983
     36 1984
     43 1985
     48 1986
     49 1987
     53 1988
     48 1989
     55 1990
     54 1991
     57 1992
     46 1993
     59 1994
     62 1995
     73 1996
     49 1997
     45 1998
     68 1999
     54 2000
     54 2001
     44 2002
     51 2003
     54 2004
     56 2005
     59 2006
     49 2007
     50 2008
     45 2009
     45 2010
     54 2011
     65 2012
     54 2013
     50 2014
     53 2015
     58 2016
     57 2017
     66 2018
     59 2019
     53 2020
     56 2021
     58 2022
     55 2023
     57 2024
     50 2025
     59 2026
     60 2027
     62 2028
     45 2029
     56 2030
     58 2031
     58 2032
     46 2033
     49 2034
     44 2035
     59 2036
     54 2037
     63 2038
     42 2039
     47 2040
     55 2041
     60 2042
     71 2043
     53 2044
     44 2045
     53 2046
     65 2047
     67 2048
     41 2049
     49 2050
     55 2051
     60 2052
     51 2053
     52 2054
     42 2055
     49 2056
     54 2057
     55 2058
     62 2059
     55 2060
     67 2061
     43 2062
     59 2063
     53 2064
     46 2065
     59 2066
     55 2067
     70 2068
     63 2069
     55 2070
     46 2071
     48 2072
     48 2073
     54 2074
     59 2075
     54 2076
     55 2077
     44 2078
     52 2079
     67 2080
     57 2081
     56 2082
     51 2083
     38 2084
     46 2085
     58 2086
     58 2087
     54 2088
     49 2089
     59 2090
     55 2091
     53 2092
     47 2093
     43 2094
     59 2095
     58 2096
     39 2097
     55 2098
     60 2099
     57 2100
     45 2101
     62 2102
     40 2103
     57 2104
     43 2105
     65 2106
     51 2107
     65 2108
     45 2109
     45 2110
     58 2111
     56 2112
     44 2113
     55 2114
     41 2115
     46 2116
     54 2117
     44 2118
     59 2119
     45 2120
     67 2121
     47 2122
     42 2123
     51 2124
     47 2125
     45 2126
     41 2127
     48 2128
     53 2129
     47 2130
     46 2131
     51 2132
     52 2133
     57 2134
     45 2135
     59 2136
     45 2137
     59 2138
     58 2139
     44 2140
     53 2141
     44 2142
     51 2143
     48 2144
     48 2145
     48 2146
     44 2147
     52 2148
     64 2149
     49 2150
     57 2151
     37 2152
     59 2153
     58 2154
     54 2155
     46 2156
     63 2157
     59 2158
     57 2159
     50 2160
     39 2161
     46 2162
     65 2163
     65 2164
     59 2165
     51 2166
     49 2167
     56 2168
     52 2169
     55 2170
     49 2171
     44 2172
     50 2173
     46 2174
     47 2175
     45 2176
     55 2177
     57 2178
     55 2179
     60 2180
     39 2181
     60 2182
     58 2183
     54 2184
     51 2185
     47 2186
     50 2187
     68 2188
     50 2189
     48 2190
     56 2191
     58 2192
     58 2193
     63 2194
     45 2195
     43 2196
     51 2197
     50 2198
     47 2199
     47 2200
     36 2201
     53 2202
     59 2203
     49 2204
     58 2205
     54 2206
     54 2207
     55 2208
     65 2209
     37 2210
     46 2211
     56 2212
     48 2213
     36 2214
     44 2215
     50 2216
     48 2217
     37 2218
     40 2219
     53 2220
     39 2221
     42 2222
     48 2223
     46 2224
     50 2225
     30 2226
     49 2227
     38 2228
     29 2229
     51 2230
     53 2231
     41 2232
     48 2233
     50 2234
     55 2235
     41 2236
     47 2237
     49 2238
     35 2239
     47 2240
     45 2241
     34 2242
     51 2243
     52 2244
     38 2245
     48 2246
     41 2247
     38 2248
     35 2249
     38 2250
     47 2251
     30 2252
     42 2253
     40 2254
     34 2255
     36 2256
     42 2257
     41 2258
     43 2259
     42 2260
     60 2261
     49 2262
     46 2263
     39 2264
     42 2265
     43 2266
     45 2267
     36 2268
     44 2269
     37 2270
     41 2271
     41 2272
     54 2273
     37 2274
     32 2275
     40 2276
     39 2277
     36 2278
     34 2279
     51 2280
     38 2281
     46 2282
     48 2283
     44 2284
     42 2285
     28 2286
     40 2287
     41 2288
     36 2289
     44 2290
     53 2291
     33 2292
     45 2293
     58 2294
     36 2295
     41 2296
     34 2297
     48 2298
     46 2299
     37 2300
     40 2301
     36 2302
     36 2303
     39 2304
     44 2305
     37 2306
     47 2307
     43 2308
     34 2309
     41 2310
     41 2311
     40 2312
     31 2313
     35 2314
     38 2315
     36 2316
     34 2317
     47 2318
     49 2319
     35 2320
     39 2321
     42 2322
     39 2323
     44 2324
     44 2325
     47 2326
     42 2327
     39 2328
     35 2329
     35 2330
     32 2331
     38 2332
     37 2333
     43 2334
     43 2335
     44 2336
     49 2337
     28 2338
     41 2339
     43 2340
     51 2341
     40 2342
     40 2343
     39 2344
     46 2345
     50 2346
     42 2347
     49 2348
     35 2349
     48 2350
     40 2351
     45 2352
     41 2353
     48 2354
     43 2355
     44 2356
     38 2357
     59 2358
     31 2359
     46 2360
     40 2361
     48 2362
     44 2363
     39 2364
     36 2365
     39 2366
     47 2367
     48 2368
     40 2369
     49 2370
     37 2371
     56 2372
     35 2373
     46 2374
     34 2375
     44 2376
     48 2377
     38 2378
     32 2379
     57 2380
     39 2381
     30 2382
     42 2383
     48 2384
     42 2385
     37 2386
     29 2387
     30 2388
     40 2389
     40 2390
     43 2391
     47 2392
     47 2393
     49 2394
     46 2395
     50 2396
     46 2397
     34 2398
     43 2399
     40 2400
     45 2401
     48 2402
     37 2403
     47 2404
     51 2405
     30 2406
     39 2407
     51 2408
     48 2409
     52 2410
     44 2411
     40 2412
     56 2413
     51 2414
     51 2415
     48 2416
     54 2417
     55 2418
     43 2419
     50 2420
     38 2421
     42 2422
     47 2423
     56 2424
     47 2425
     43 2426
     54 2427
     45 2428
     44 2429
     48 2430
     39 2431
     41 2432
     43 2433
     44 2434
     49 2435
     37 2436
     33 2437
     37 2438
     37 2439
     44 2440
     37 2441
     42 2442
     34 2443
     38 2444
     43 2445
     49 2446
     35 2447
     47 2448
     37 2449
     43 2450
     42 2451
     42 2452
     38 2453
     30 2454
     39 2455
     42 2456
     45 2457
     43 2458
     37 2459
     34 2460
     49 2461
     49 2462
     39 2463
     48 2464
     37 2465
     44 2466
     40 2467
     48 2468
     39 2469
     42 2470
     36 2471
     44 2472
     41 2473
     38 2474
     49 2475
     38 2476
     34 2477
     38 2478
     44 2479
     31 2480
     44 2481
     47 2482
     54 2483
     33 2484
     36 2485
     38 2486
     38 2487
     37 2488
     40 2489
     50 2490
     41 2491
     35 2492
     42 2493
     44 2494
     39 2495
     41 2496
     40 2497
     42 2498
     45 2499
     42 2500
     42 2501
     26 2502
     30 2503
     41 2504
     39 2505
     30 2506
     38 2507
     45 2508
     34 2509
     38 2510
     45 2511
     46 2512
     47 2513
     21 2514
     35 2515
     47 2516
     35 2517
     33 2518
     43 2519
     38 2520
     34 2521
     37 2522
     34 2523
     33 2524
     30 2525
     41 2526
     32 2527
     28 2528
     26 2529
     36 2530
     42 2531
     36 2532
     40 2533
     48 2534
     35 2535
     50 2536
     51 2537
     34 2538
     42 2539
     39 2540
     43 2541
     27 2542
     39 2543
     32 2544
     33 2545
     38 2546
     40 2547
     37 2548
     33 2549
     38 2550
     36 2551
     41 2552
     37 2553
     39 2554
     31 2555
     42 2556
     31 2557
     38 2558
     43 2559
     37 2560
     43 2561
     40 2562
     35 2563
     41 2564
     44 2565
     39 2566
     36 2567
     42 2568
     38 2569
     50 2570
     47 2571
     53 2572
     40 2573
     40 2574
     36 2575
     31 2576
     37 2577
     48 2578
     36 2579
     46 2580
     33 2581
     41 2582
     54 2583
     34 2584
     46 2585
     41 2586
     37 2587
     43 2588
     34 2589
     37 2590
     37 2591
     32 2592
     49 2593
     46 2594
     57 2595
     44 2596
     46 2597
     42 2598
     32 2599
     50 2600
     44 2601
     46 2602
     48 2603
     42 2604
     44 2605
     43 2606
     43 2607
     38 2608
     40 2609
     39 2610
     37 2611
     42 2612
     37 2613
     47 2614
     35 2615
     38 2616
     44 2617
     47 2618
     40 2619
     36 2620
     39 2621
     46 2622
     38 2623
     51 2624
     48 2625
     48 2626
     35 2627
     38 2628
     47 2629
     43 2630
     44 2631
     60 2632
     51 2633
     43 2634
     43 2635
     54 2636
     43 2637
     46 2638
     40 2639
     42 2640
     39 2641
     43 2642
     49 2643
     46 2644
     41 2645
     50 2646
     53 2647
     42 2648
     46 2649
     43 2650
     55 2651
     36 2652
     40 2653
     42 2654
     48 2655
     45 2656
     53 2657
     53 2658
     45 2659
     46 2660
     61 2661
     34 2662
     30 2663
     48 2664
     58 2665
     43 2666
     42 2667
     44 2668
     54 2669
     51 2670
     47 2671
     54 2672
     46 2673
     55 2674
     37 2675
     56 2676
     48 2677
     37 2678
     55 2679
     41 2680
     46 2681
     49 2682
     37 2683
     59 2684
     39 2685
     46 2686
     47 2687
     45 2688
     54 2689
     42 2690
     50 2691
     47 2692
     40 2693
     38 2694
     53 2695
     47 2696
     63 2697
     47 2698
     54 2699
     42 2700
     58 2701
     53 2702
     45 2703
     49 2704
     51 2705
     54 2706
     40 2707
     60 2708
     47 2709
     47 2710
     61 2711
     47 2712
     55 2713
     50 2714
     61 2715
     54 2716
     53 2717
     52 2718
     47 2719
     61 2720
     51 2721
     52 2722
     50 2723
     59 2724
     53 2725
     53 2726
     59 2727
     57 2728
     55 2729
     51 2730
     69 2731
     52 2732
     50 2733
     43 2734
     53 2735
     55 2736
     42 2737
     35 2738
     48 2739
     52 2740
     51 2741
     46 2742
     43 2743
     49 2744
     56 2745
     47 2746
     39 2747
     43 2748
     33 2749
     57 2750
     50 2751
     47 2752
     46 2753
     46 2754
     43 2755
     45 2756
     65 2757
     57 2758
     44 2759
     59 2760
     49 2761
     43 2762
     51 2763
     58 2764
     53 2765
     40 2766
     56 2767
     58 2768
     41 2769
     52 2770
     51 2771
     49 2772
     51 2773
     48 2774
     53 2775
     55 2776
     46 2777
     49 2778
     50 2779
     48 2780
     46 2781
     52 2782
     54 2783
     56 2784
     60 2785
     43 2786
     61 2787
     60 2788
     58 2789
     44 2790
     52 2791
     51 2792
     47 2793
     49 2794
     48 2795
     40 2796
     60 2797
     56 2798
     53 2799
     60 2800
     57 2801
     46 2802
     50 2803
     60 2804
     48 2805
     45 2806
     45 2807
     53 2808
     57 2809
     49 2810
     51 2811
     58 2812
     43 2813
     47 2814
     53 2815
     37 2816
     38 2817
     45 2818
     55 2819
     52 2820
     73 2821
     48 2822
     47 2823
     62 2824
     62 2825
     57 2826
     68 2827
     62 2828
     61 2829
     47 2830
     52 2831
     54 2832
     55 2833
     45 2834
     47 2835
     58 2836
     58 2837
     57 2838
     53 2839
     60 2840
     47 2841
     62 2842
     59 2843
     50 2844
     50 2845
     60 2846
     45 2847
     45 2848
     37 2849
     69 2850
     47 2851
     48 2852
     53 2853
     54 2854
     53 2855
     42 2856
     48 2857
     52 2858
     42 2859
     52 2860
     44 2861
     54 2862
     48 2863
     59 2864
     63 2865
     47 2866
     49 2867
     55 2868
     50 2869
     54 2870
     51 2871
     54 2872
     56 2873
     61 2874
     52 2875
     53 2876
     62 2877
     64 2878
     60 2879
     52 2880
     49 2881
     52 2882
     51 2883
     54 2884
     60 2885
     44 2886
     69 2887
     53 2888
     66 2889
     59 2890
     58 2891
     59 2892
     48 2893
     50 2894
     58 2895
     56 2896
     58 2897
     46 2898
     53 2899
     54 2900
     52 2901
     51 2902
     36 2903
     50 2904
     67 2905
     56 2906
     57 2907
     63 2908
     63 2909
     54 2910
     53 2911
     52 2912
     57 2913
     61 2914
     57 2915
     61 2916
     46 2917
     57 2918
     48 2919
     46 2920
     58 2921
     59 2922
     46 2923
     61 2924
     51 2925
     60 2926
     52 2927
     51 2928
     63 2929
     56 2930
     53 2931
     62 2932
     57 2933
     64 2934
     65 2935
     47 2936
     46 2937
     59 2938
     52 2939
     79 2940
     54 2941
     59 2942
     54 2943
     54 2944
     60 2945
     43 2946
     66 2947
     67 2948
     58 2949
     58 2950
     57 2951
     57 2952
     58 2953
     51 2954
     61 2955
     51 2956
     48 2957
     51 2958
     54 2959
     63 2960
     61 2961
     59 2962
     57 2963
     57 2964
     49 2965
     62 2966
     60 2967
     44 2968
     48 2969
     66 2970
     52 2971
     46 2972
     57 2973
     61 2974
     51 2975
     55 2976
     52 2977
     63 2978
     57 2979
     48 2980
     50 2981
     63 2982
     46 2983
     54 2984
     44 2985
     45 2986
     43 2987
     50 2988
     52 2989
     49 2990
     55 2991
     40 2992
     61 2993
     41 2994
     42 2995
     48 2996
     45 2997
     46 2998
     53 2999
     52 3000
     32 3001
     41 3002
     35 3003
     33 3004
     39 3005
     48 3006
     28 3007
     43 3008
     42 3009
     47 3010
     29 3011
     38 3012
     24 3013
     46 3014
     38 3015
     36 3016
     42 3017
     37 3018
     42 3019
     32 3020
     32 3021
     28 3022
     39 3023
     34 3024
     45 3025
     38 3026
     32 3027
     38 3028
     37 3029
     43 3030
     36 3031
     36 3032
     40 3033
     29 3034
     30 3035
     27 3036
     28 3037
     40 3038
     38 3039
     28 3040
     23 3041
     40 3042
     37 3043
     29 3044
     30 3045
     30 3046
     53 3047
     39 3048
     39 3049
     26 3050
     43 3051
     42 3052
     34 3053
     31 3054
     31 3055
     39 3056
     29 3057
     33 3058
     31 3059
     27 3060
     30 3061
     41 3062
     34 3063
     32 3064
     38 3065
     32 3066
     35 3067
     30 3068
     32 3069
     27 3070
     41 3071
     33 3072
     28 3073
     25 3074
     37 3075
     27 3076
     18 3077
     25 3078
     31 3079
     36 3080
     23 3081
     25 3082
     43 3083
     28 3084
     31 3085
     32 3086
     29 3087
     24 3088
     26 3089
     26 3090
     23 3091
     35 3092
     27 3093
     22 3094
     25 3095
     20 3096
     30 3097
     27 3098
     26 3099
     20 3100
     21 3101
     33 3102
     28 3103
     22 3104
     34 3105
     33 3106
     20 3107
     30 3108
     27 3109
     38 3110
     16 3111
     28 3112
     28 3113
     19 3114
     30 3115
     26 3116
     32 3117
     34 3118
     25 3119
     17 3120
     24 3121
     20 3122
     25 3123
     27 3124
     26 3125
     29 3126
     17 3127
     22 3128
     23 3129
     26 3130
     16 3131
     18 3132
     23 3133
     35 3134
     23 3135
     24 3136
     18 3137
     19 3138
     19 3139
     19 3140
     19 3141
     22 3142
     22 3143
     22 3144
     29 3145
     21 3146
     23 3147
     20 3148
     24 3149
     35 3150
     24 3151
     18 3152
     20 3153
     29 3154
     26 3155
     23 3156
     27 3157
     28 3158
     19 3159
     17 3160
     25 3161
     18 3162
     26 3163
     23 3164
     33 3165
     14 3166
     20 3167
     19 3168
     22 3169
     19 3170
     24 3171
     25 3172
     19 3173
     20 3174
     16 3175
     24 3176
     18 3177
     27 3178
     23 3179
     21 3180
     18 3181
     19 3182
     22 3183
     21 3184
     25 3185
     19 3186
     18 3187
     19 3188
     20 3189
     18 3190
     25 3191
     16 3192
     19 3193
     24 3194
     20 3195
     24 3196
     26 3197
     18 3198
     32 3199
     18 3200
     16 3201
     21 3202
     29 3203
     21 3204
     31 3205
     18 3206
     17 3207
     26 3208
     19 3209
     27 3210
     22 3211
     20 3212
     25 3213
     26 3214
     16 3215
     20 3216
     21 3217
     14 3218
     18 3219
     18 3220
     26 3221
     20 3222
     18 3223
     21 3224
     24 3225
     19 3226
     18 3227
     22 3228
     13 3229
     24 3230
     15 3231
     24 3232
     19 3233
     16 3234
     17 3235
     19 3236
     24 3237
     21 3238
     25 3239
     22 3240
     18 3241
     20 3242
     15 3243
     25 3244
     18 3245
      5 3246
     22 3247
     16 3248
     20 3249
     22 3250
     24 3251
     19 3252
     16 3253
     12 3254
     18 3255
     17 3256
     23 3257
     22 3258
     20 3259
     19 3260
     18 3261
     30 3262
     17 3263
     23 3264
     31 3265
     19 3266
     20 3267
     25 3268
     20 3269
     21 3270
     28 3271
     17 3272
     19 3273
     20 3274
     20 3275
     21 3276
     16 3277
     24 3278
     21 3279
     20 3280
     14 3281
     18 3282
     15 3283
     19 3284
     16 3285
     19 3286
     12 3287
     18 3288
     21 3289
     14 3290
     21 3291
     17 3292
     21 3293
     20 3294
     17 3295
     26 3296
     24 3297
     17 3298
     17 3299
     15 3300
     16 3301
     23 3302
     15 3303
     21 3304
     15 3305
     21 3306
     22 3307
     16 3308
     17 3309
     11 3310
     15 3311
     16 3312
      9 3313
     13 3314
     12 3315
     14 3316
     18 3317
     18 3318
     23 3319
     16 3320
     22 3321
     24 3322
     23 3323
     19 3324
     16 3325
     21 3326
     13 3327
     12 3328
     17 3329
     16 3330
     22 3331
     19 3332
     16 3333
     16 3334
     18 3335
     13 3336
      8 3337
     17 3338
     17 3339
     19 3340
     17 3341
     13 3342
     20 3343
     19 3344
     17 3345
     15 3346
     14 3347
     11 3348
     22 3349
     20 3350
     16 3351
     16 3352
     12 3353
     17 3354
     14 3355
      9 3356
     11 3357
     10 3358
     18 3359
     15 3360
     15 3361
     18 3362
      9 3363
      9 3364
     16 3365
     16 3366
     20 3367
     23 3368
     19 3369
     19 3370
     19 3371
     15 3372
     12 3373
     14 3374
     15 3375
     12 3376
     11 3377
     10 3378
     11 3379
     20 3380
     17 3381
     15 3382
     17 3383
     15 3384
     11 3385
     12 3386
     21 3387
     16 3388
     15 3389
      9 3390
      7 3391
     16 3392
     11 3393
     14 3394
     14 3395
     10 3396
     12 3397
     13 3398
     19 3399
     14 3400
     18 3401
     12 3402
     19 3403
     12 3404
     14 3405
     14 3406
      7 3407
     11 3408
     20 3409
     19 3410
      8 3411
     14 3412
     11 3413
      4 3414
     11 3415
     16 3416
     18 3417
     14 3418
     14 3419
      7 3420
     16 3421
     14 3422
     14 3423
     18 3424
     17 3425
     10 3426
     11 3427
     12 3428
     10 3429
      8 3430
     11 3431
     17 3432
     16 3433
     20 3434
     16 3435
     10 3436
     14 3437
     11 3438
     11 3439
     15 3440
     12 3441
     21 3442
     13 3443
     11 3444
     11 3445
     14 3446
     15 3447
     12 3448
     13 3449
     11 3450
     15 3451
     15 3452
     11 3453
     14 3454
     15 3455
     18 3456
     11 3457
     10 3458
     18 3459
     18 3460
     18 3461
     15 3462
      9 3463
     12 3464
     15 3465
     13 3466
     14 3467
     12 3468
     10 3469
     14 3470
     19 3471
     16 3472
      9 3473
     14 3474
      9 3475
     13 3476
     14 3477
     19 3478
     13 3479
      9 3480
     11 3481
     12 3482
     14 3483
      5 3484
     13 3485
     17 3486
     13 3487
      5 3488
     13 3489
     14 3490
     15 3491
      7 3492
      8 3493
     13 3494
     14 3495
     11 3496
      9 3497
     13 3498
      9 3499
     10 3500
     12 3501
      8 3502
     18 3503
      8 3504
      9 3505
     15 3506
      7 3507
     11 3508
     12 3509
     17 3510
      7 3511
     13 3512
     12 3513
      8 3514
     12 3515
     17 3516
      8 3517
      7 3518
     14 3519
      7 3520
     17 3521
      7 3522
     14 3523
     14 3524
     18 3525
     10 3526
      9 3527
      9 3528
     14 3529
      7 3530
     14 3531
      5 3532
     13 3533
     19 3534
      7 3535
     14 3536
      6 3537
     20 3538
     12 3539
     15 3540
     13 3541
     11 3542
     12 3543
     10 3544
     12 3545
     14 3546
     15 3547
      7 3548
     16 3549
     13 3550
     15 3551
     13 3552
     14 3553
      9 3554
     18 3555
     14 3556
     11 3557
     20 3558
     16 3559
      7 3560
     18 3561
     12 3562
     15 3563
      8 3564
     10 3565
     14 3566
     14 3567
     17 3568
      9 3569
     11 3570
     14 3571
     13 3572
     12 3573
     15 3574
     13 3575
      7 3576
      9 3577
     15 3578
     16 3579
     15 3580
     12 3581
     10 3582
     12 3583
     11 3584
     15 3585
     12 3586
     13 3587
     10 3588
     13 3589
     11 3590
      9 3591
     12 3592
     15 3593
     14 3594
     17 3595
     13 3596
      8 3597
     11 3598
     12 3599
     15 3600
      9 3601
     11 3602
      6 3603
     15 3604
     11 3605
     15 3606
     11 3607
     19 3608
     12 3609
     12 3610
     11 3611
     12 3612
      7 3613
     13 3614
      8 3615
     11 3616
      9 3617
     16 3618
     11 3619
     17 3620
     14 3621
     12 3622
     13 3623
     11 3624
     11 3625
      8 3626
     10 3627
     19 3628
     13 3629
     10 3630
      8 3631
      6 3632
     11 3633
     17 3634
     14 3635
     15 3636
     12 3637
      9 3638
     16 3639
     10 3640
      8 3641
      7 3642
     14 3643
     10 3644
     21 3645
     12 3646
     19 3647
     12 3648
     16 3649
     18 3650
     10 3651
     16 3652
      9 3653
     12 3654
      6 3655
      8 3656
      8 3657
     20 3658
      5 3659
     10 3660
      9 3661
     16 3662
      8 3663
     22 3664
     11 3665
     15 3666
     10 3667
     16 3668
     10 3669
     15 3670
      9 3671
     17 3672
     13 3673
     15 3674
     13 3675
     15 3676
     14 3677
      9 3678
      9 3679
      8 3680
     15 3681
     12 3682
      8 3683
      8 3684
     14 3685
     11 3686
     14 3687
      9 3688
      9 3689
     15 3690
     10 3691
     12 3692
      8 3693
      9 3694
     18 3695
     11 3696
     10 3697
     13 3698
      4 3699
     11 3700
     15 3701
      9 3702
     13 3703
      9 3704
     15 3705
      6 3706
     12 3707
     11 3708
      6 3709
      8 3710
     11 3711
     12 3712
     14 3713
     14 3714
     12 3715
      4 3716
     15 3717
      9 3718
      9 3719
     12 3720
      6 3721
     13 3722
      5 3723
     11 3724
      9 3725
      8 3726
      8 3727
     11 3728
      9 3729
     10 3730
     11 3731
      9 3732
      9 3733
     12 3734
      9 3735
      8 3736
     14 3737
     10 3738
     10 3739
     15 3740
      6 3741
     10 3742
      8 3743
     12 3744
      8 3745
      5 3746
      5 3747
      9 3748
      8 3749
     14 3750
      9 3751
      6 3752
      4 3753
     10 3754
      8 3755
      5 3756
      6 3757
      9 3758
      7 3759
     11 3760
      6 3761
      5 3762
      6 3763
     10 3764
      9 3765
     10 3766
     11 3767
      6 3768
      6 3769
      5 3770
      6 3771
     12 3772
      6 3773
     13 3774
      6 3775
      9 3776
      9 3777
      6 3778
      6 3779
     10 3780
      5 3781
     17 3782
      3 3783
      5 3784
     11 3785
      5 3786
      6 3787
     10 3788
      6 3789
     10 3790
      8 3791
     13 3792
      7 3793
      9 3794
     11 3795
     13 3796
      8 3797
     13 3798
      4 3799
     14 3800
      8 3801
      7 3802
      7 3803
      6 3804
     10 3805
     12 3806
      9 3807
      7 3808
     11 3809
     11 3810
      9 3811
      9 3812
      8 3813
     12 3814
      8 3815
     13 3816
      6 3817
      6 3818
     15 3819
      4 3820
      9 3821
      6 3822
     10 3823
      7 3824
      6 3825
      4 3826
      8 3827
      5 3828
      7 3830
      6 3831
     11 3832
      7 3833
      7 3834
      7 3835
      8 3836
     10 3837
      8 3838
     10 3839
     10 3840
     10 3841
      6 3842
      8 3843
     11 3844
      7 3845
     13 3846
      6 3847
      9 3848
     10 3849
      8 3850
     10 3851
      9 3852
     12 3853
     12 3854
     14 3855
      7 3856
     13 3857
     10 3858
     11 3859
     10 3860
      5 3861
     10 3862
     12 3863
     10 3864
      6 3865
      7 3866
     11 3867
     18 3868
      5 3869
     11 3870
      8 3871
      6 3872
      8 3873
      9 3874
     15 3875
      9 3876
      8 3877
     10 3878
      9 3879
      7 3880
      5 3881
      6 3882
      7 3883
     11 3884
      6 3885
     15 3886
     15 3887
      8 3888
     14 3889
      7 3890
     16 3891
     11 3892
      9 3893
     12 3894
     10 3895
     15 3896
     16 3897
     10 3898
      8 3899
      4 3900
     11 3901
      9 3902
     14 3903
      5 3904
      8 3905
     11 3906
      8 3907
     10 3908
     11 3909
      2 3910
     10 3911
      5 3912
     10 3913
     13 3914
      9 3915
      5 3916
      8 3917
     11 3918
      9 3919
      8 3920
     10 3921
      3 3922
     10 3923
      9 3924
      6 3925
     13 3926
      7 3927
     15 3928
      7 3929
      7 3930
      6 3931
      7 3932
      6 3933
      7 3934
      5 3935
      9 3936
      9 3937
     11 3938
      6 3939
      4 3940
      8 3941
      8 3942
     11 3943
     10 3944
      9 3945
      6 3946
      6 3947
      9 3948
      5 3949
      9 3950
     10 3951
      9 3952
      9 3953
      4 3954
      7 3955
      1 3956
      7 3957
      7 3958
      3 3959
      6 3960
      7 3961
      9 3962
      9 3963
      8 3964
      9 3965
     11 3966
     12 3967
      4 3968
      7 3969
      8 3970
     13 3971
     11 3972
      9 3973
      4 3974
      7 3975
      6 3976
     10 3977
      8 3978
      7 3979
     11 3980
      7 3981
      6 3982
     11 3983
      9 3984
      7 3985
      9 3986
     11 3987
     11 3988
      7 3989
      6 3990
      6 3991
      2 3992
     10 3993
      9 3994
     10 3995
     11 3996
     11 3997
      9 3998
      6 3999
     12 4000
      8 4001
     14 4002
     13 4003
      7 4004
      9 4005
      9 4006
     10 4007
      7 4008
      2 4009
      6 4010
     10 4011
      4 4012
      8 4013
     10 4014
     14 4015
     12 4016
      8 4017
      6 4018
     12 4019
      7 4020
      6 4021
      5 4022
     10 4023
     12 4024
      6 4025
     10 4026
      6 4027
      5 4028
      6 4029
      6 4030
     15 4031
      9 4032
      6 4033
      6 4034
      8 4035
      3 4036
     10 4037
     12 4038
      9 4039
      4 4040
     15 4041
      4 4042
      6 4043
      9 4044
     10 4045
     11 4046
     12 4047
      1 4048
      8 4049
     11 4050
      6 4051
      7 4052
     12 4053
     10 4054
     10 4055
      8 4056
      2 4057
      8 4058
      8 4059
      4 4060
     12 4061
      6 4062
     10 4063
      5 4064
      6 4065
     11 4066
      4 4067
      9 4068
     10 4069
      9 4070
      3 4071
      5 4072
      9 4073
     18 4074
      8 4075
      5 4076
      6 4077
      5 4078
      1 4079
      8 4080
      7 4081
      6 4082
      6 4083
      4 4084
      5 4085
      9 4086
      5 4087
      7 4088
      7 4089
      6 4090
      7 4091
      3 4092
     10 4093
      9 4094
      6 4095
     10 4096
      5 4097
     10 4098
      8 4099
     10 4100
      7 4101
      8 4102
      3 4103
      5 4104
      6 4105
     10 4106
     10 4107
      4 4108
      7 4109
      9 4110
      6 4111
      7 4112
      6 4113
      9 4114
      4 4115
      3 4116
      3 4117
     10 4118
      5 4119
      3 4120
      7 4121
      5 4122
      4 4123
      1 4124
     10 4125
      7 4126
      7 4127
      9 4128
      4 4129
      7 4130
      5 4131
      3 4132
      4 4133
      8 4134
      7 4135
      6 4136
      9 4137
      5 4138
     14 4139
      8 4140
      5 4141
      6 4142
      6 4143
      8 4144
      7 4145
      7 4146
      9 4147
      8 4148
      9 4149
     10 4150
      7 4151
      7 4152
      5 4153
      9 4154
      5 4155
      9 4156
      8 4157
      6 4158
      4 4159
      6 4160
      6 4161
     10 4162
      6 4163
     10 4164
     12 4165
     13 4166
     10 4167
      5 4168
      6 4169
     12 4170
      6 4171
      8 4172
      9 4173
      7 4174
     11 4175
      5 4176
     10 4177
      4 4178
     10 4179
      5 4180
      7 4181
      5 4182
     13 4183
      6 4184
      5 4185
     11 4186
      6 4187
      5 4188
      7 4189
      8 4190
      4 4191
      5 4192
      3 4193
      5 4194
      8 4195
      9 4196
     10 4197
      7 4198
      4 4199
      3 4200
      9 4201
      8 4202
      9 4203
     11 4204
      6 4205
      4 4206
      5 4207
     10 4208
      8 4209
     13 4210
      7 4211
      8 4212
      9 4213
      5 4214
      4 4215
      7 4216
      5 4217
      4 4218
      7 4219
      6 4220
     14 4221
      9 4222
     12 4223
      4 4224
      6 4225
      5 4226
      7 4227
      5 4228
      7 4229
     10 4230
      7 4231
      4 4232
      6 4233
      7 4234
      8 4235
      7 4236
      5 4237
      8 4238
     10 4239
      8 4240
      2 4241
      7 4242
      6 4243
      6 4244
      9 4245
      5 4246
      7 4247
     11 4248
      9 4249
      1 4250
      7 4251
     10 4252
      8 4253
      6 4254
      7 4255
      5 4256
      5 4257
      2 4258
      7 4259
      4 4260
      2 4261
     10 4262
      8 4263
      4 4264
      1 4265
      2 4266
      4 4267
      2 4268
      3 4269
      6 4270
      4 4271
      8 4272
      6 4273
     10 4274
      7 4275
      3 4276
      5 4277
     11 4278
      6 4279
     12 4280
      2 4281
     11 4282
     10 4283
      8 4284
      5 4285
      5 4286
      4 4287
      4 4288
      8 4289
      4 4290
      6 4291
      3 4292
      7 4293
      4 4294
      5 4295
     12 4296
     10 4297
      8 4298
      5 4299
      5 4300
      5 4301
      6 4302
      7 4303
      4 4304
      8 4305
      6 4306
      8 4307
      5 4308
      4 4309
      5 4310
     10 4311
      9 4312
      6 4313
      4 4314
      6 4315
      3 4316
      6 4317
      7 4318
      4 4319
      7 4320
      5 4321
      8 4322
      6 4323
      6 4324
      4 4325
      3 4326
     12 4327
      6 4328
      2 4329
      8 4330
      6 4331
      9 4332
     16 4333
      4 4334
      9 4335
      8 4336
      5 4337
      6 4338
      9 4339
      4 4340
      6 4341
      2 4342
      7 4343
      5 4344
      7 4345
      6 4346
      6 4347
      5 4348
      7 4349
      3 4350
      6 4351
      6 4352
      6 4353
     10 4354
      5 4355
      4 4356
      2 4357
      6 4358
      4 4359
      5 4360
      7 4361
      7 4362
      5 4363
      8 4364
      8 4365
     11 4366
      5 4367
      2 4368
      5 4369
     10 4370
      6 4371
      4 4372
      3 4373
      5 4374
      5 4375
      6 4376
      8 4377
     10 4378
      6 4379
      7 4380
      2 4381
      3 4382
      8 4383
      6 4384
      8 4385
      5 4386
      6 4387
      6 4388
      4 4389
      3 4390
      6 4391
      8 4392
      2 4393
      3 4394
      5 4395
      8 4396
      4 4397
      2 4398
      4 4399
      3 4400
      8 4401
      3 4402
      4 4403
      6 4404
      9 4405
      4 4406
      5 4407
      6 4408
      4 4409
      5 4410
      4 4411
      3 4412
      5 4413
      2 4414
      5 4415
     10 4416
      5 4417
     11 4418
      1 4419
      6 4420
      1 4421
     11 4422
      6 4423
      4 4424
      3 4425
      5 4426
      5 4427
      2 4428
      3 4429
     13 4430
     10 4431
      6 4432
      4 4433
      3 4434
      5 4435
      4 4436
      4 4437
      4 4438
      2 4439
      4 4440
      6 4441
      4 4442
      6 4443
      4 4445
      3 4446
      2 4447
      5 4448
      5 4449
      6 4450
      6 4451
      3 4452
      8 4453
      5 4454
      5 4455
      4 4456
      6 4457
      4 4458
      7 4459
      6 4460
      7 4461
      4 4462
      6 4463
      3 4464
      7 4465
      3 4466
      9 4467
      8 4468
      6 4469
      2 4470
      6 4471
      5 4472
      2 4473
      5 4474
      4 4475
      5 4476
      6 4477
      3 4478
      9 4479
      5 4480
      4 4481
      1 4482
      3 4483
      4 4484
      7 4485
      4 4486
      2 4487
      3 4488
      5 4489
      2 4490
      3 4491
      2 4492
      4 4493
      4 4494
      5 4495
      5 4496
      4 4497
      7 4498
      5 4499
      6 4500
      8 4501
      5 4502
      7 4503
      5 4504
      8 4505
      6 4506
     11 4507
      6 4508
      7 4509
      6 4510
      4 4511
      2 4512
      4 4513
      3 4514
      5 4515
      4 4516
      5 4517
      5 4518
      4 4519
      2 4520
      6 4521
      3 4522
      5 4523
      5 4524
      8 4525
      5 4526
      5 4527
      8 4528
      8 4529
      5 4530
      1 4531
      5 4532
      7 4533
      7 4534
      9 4535
      7 4536
      8 4537
      4 4539
      6 4540
      7 4541
      8 4542
      1 4543
      9 4544
      6 4545
      6 4546
      5 4547
      8 4548
      7 4549
      4 4550
      4 4551
      2 4552
      8 4553
      7 4554
      7 4555
      3 4556
      2 4557
      7 4558
      9 4559
      7 4560
     10 4561
      2 4562
      7 4563
      5 4564
      5 4565
      5 4566
      2 4567
      4 4568
      6 4569
      7 4570
      3 4571
      6 4572
      5 4573
      3 4574
      3 4575
      7 4576
      5 4577
      3 4578
      4 4579
      7 4580
      3 4581
      7 4582
      4 4583
      4 4584
      2 4585
      4 4586
      4 4587
      5 4588
      6 4589
      2 4590
      5 4591
      6 4592
      6 4593
      6 4594
      6 4595
      5 4596
      7 4597
      4 4598
      5 4599
      4 4600
      3 4601
      1 4602
      4 4603
      4 4604
      5 4605
      5 4606
      1 4607
      2 4608
      3 4609
      1 4611
      3 4612
      4 4613
      5 4614
      5 4615
      5 4616
      6 4617
      6 4618
      6 4619
      4 4620
      2 4621
      1 4622
      7 4623
      3 4624
      6 4625
      4 4626
      5 4627
      7 4628
      6 4629
      6 4630
      5 4631
      5 4632
      4 4633
      5 4634
      6 4635
      2 4636
      5 4637
      3 4638
      1 4639
      3 4640
      2 4641
      3 4642
      4 4643
      5 4644
      3 4645
      8 4646
      2 4647
      4 4648
      3 4649
      6 4650
      4 4651
      5 4652
      5 4653
      6 4654
      1 4655
      5 4656
      3 4657
      6 4658
      5 4659
      4 4660
      3 4661
      4 4662
      6 4663
      7 4664
      1 4665
      4 4666
      5 4667
      6 4668
      4 4669
      8 4670
      7 4671
      7 4672
      8 4673
      7 4674
      7 4675
      3 4676
      2 4677
      4 4678
      3 4679
      3 4680
      5 4681
      5 4682
      7 4683
      2 4684
      2 4685
      3 4686
      3 4687
      1 4688
      6 4689
      4 4690
      6 4691
      2 4692
      5 4693
      2 4694
      2 4695
      3 4696
      4 4697
      8 4698
      5 4699
      3 4700
      7 4701
      5 4702
      1 4703
      7 4704
      8 4705
      3 4706
      3 4707
      4 4708
      4 4709
      3 4710
      5 4711
      7 4712
      3 4713
      7 4714
      5 4715
      7 4716
      1 4717
      8 4718
      4 4719
      9 4720
      1 4721
      6 4722
      5 4723
      7 4724
      7 4725
      1 4726
      5 4727
      2 4728
      1 4729
      4 4730
      7 4731
      2 4732
      1 4733
      3 4734
      3 4735
      6 4736
      6 4737
      9 4738
      2 4739
      6 4741
      6 4742
      6 4743
      9 4744
      3 4745
      6 4746
      3 4747
      4 4748
      2 4749
      4 4750
      1 4751
      2 4752
      2 4753
      2 4754
      5 4755
      7 4756
      4 4757
      1 4758
      4 4759
      3 4760
      2 4761
      2 4762
      2 4763
      4 4764
      2 4765
      4 4766
      1 4767
      3 4768
      7 4769
      4 4770
      3 4771
      4 4772
      3 4773
      6 4774
      7 4775
      6 4776
      5 4777
      4 4778
      2 4779
      4 4780
      7 4781
      3 4782
      3 4783
      8 4784
      4 4785
      4 4786
      2 4787
      6 4788
      4 4789
      8 4790
      1 4791
      3 4792
      3 4793
      5 4794
      4 4795
      3 4796
      3 4797
      4 4798
      5 4799
      7 4800
      2 4801
      1 4802
      3 4803
      2 4804
      4 4805
      4 4806
      3 4807
      2 4808
      3 4809
      1 4811
      3 4812
      6 4814
      1 4815
      4 4816
      5 4817
      3 4818
     10 4819
      6 4820
      5 4821
      5 4822
      7 4823
      4 4824
      3 4825
      1 4826
      2 4827
      3 4828
      2 4829
      6 4830
      4 4831
      4 4832
      3 4833
      4 4834
      6 4835
      2 4836
      2 4837
      2 4838
      3 4839
      2 4840
      3 4841
      2 4842
      4 4843
      4 4844
      6 4845
      1 4846
      3 4847
      4 4848
      5 4849
      2 4850
      3 4851
      5 4852
      5 4853
      3 4854
      4 4855
      2 4856
      3 4857
      3 4858
      3 4860
      2 4861
      9 4863
      1 4864
      1 4865
      1 4866
      2 4867
      4 4868
      1 4869
      3 4871
      4 4872
      4 4873
      1 4874
      3 4875
      1 4876
      3 4877
      5 4878
      5 4879
      2 4880
      2 4881
      2 4882
      4 4883
      4 4884
      2 4885
      3 4886
      3 4887
      2 4888
      2 4889
      1 4890
      2 4891
      4 4892
      5 4893
      1 4894
      3 4895
      4 4896
      3 4897
      1 4898
      5 4899
      4 4900
      2 4901
      1 4902
      1 4903
      3 4905
      1 4906
      2 4907
      2 4908
      2 4909
      2 4910
      3 4912
      3 4913
      5 4914
      4 4915
      4 4917
      2 4918
      2 4919
      2 4920
      1 4921
      4 4922
      3 4923
      5 4924
      3 4925
      5 4928
      3 4930
      2 4931
      2 4932
      5 4933
      2 4935
      4 4936
      3 4937
      2 4938
      3 4939
      3 4940
      3 4941
      4 4944
      6 4945
      2 4946
      2 4947
      7 4948
      3 4949
      8 4950
      1 4951
      3 4953
      3 4954
      6 4955
      3 4956
      5 4957
      1 4958
      4 4959
      2 4960
      6 4961
      4 4962
      3 4963
      1 4964
      2 4965
      2 4966
      4 4967
      2 4968
      1 4969
      8 4970
      3 4971
      6 4972
      3 4973
      2 4974
      2 4975
      2 4976
      1 4977
      2 4978
      3 4979
      3 4980
      3 4981
      2 4982
      2 4983
      4 4984
      3 4985
      1 4986
      1 4987
      1 4988
      5 4989
      5 4991
      2 4992
      4 4993
      5 4994
      2 4995
      6 4996
      1 4998
      4 4999
      4 5000
      2 5001
      2 5002
      4 5003
      3 5004
      4 5005
      2 5006
      2 5007
      1 5008
      5 5010
      2 5011
      3 5012
      4 5013
      8 5014
      3 5015
      2 5016
      1 5017
      3 5018
      2 5019
      3 5020
      2 5021
      2 5022
      5 5023
      3 5024
      6 5025
      3 5026
      4 5027
      2 5028
      5 5029
      1 5031
      7 5032
      6 5033
      3 5034
      5 5035
      3 5036
      2 5037
      1 5038
      1 5039
      4 5040
      4 5041
      1 5042
      2 5043
      7 5044
      5 5045
      5 5046
      2 5047
      3 5048
      5 5049
      5 5050
      4 5051
      1 5052
      2 5053
      2 5054
      2 5055
      5 5056
      5 5057
      2 5058
      3 5059
      2 5060
      1 5061
      4 5062
      2 5063
      3 5064
      1 5065
      4 5066
      1 5067
      4 5068
      5 5069
      3 5070
      3 5071
      5 5072
      3 5073
      3 5074
      1 5075
      3 5076
      3 5077
      5 5078
      4 5079
      3 5080
      5 5081
      2 5082
      2 5083
      2 5084
      5 5085
      8 5086
      4 5087
      3 5088
      1 5089
      9 5090
      6 5091
      6 5092
      3 5093
      3 5094
      1 5096
      8 5097
      3 5098
      4 5099
      3 5100
      3 5101
      4 5102
      2 5103
      6 5104
      3 5105
      2 5106
      3 5107
      2 5108
      8 5109
      3 5110
      1 5111
      3 5112
      3 5113
      4 5114
      3 5115
      3 5117
      2 5118
      3 5121
      4 5122
      3 5123
      6 5124
      7 5125
      2 5126
      4 5127
      5 5128
      1 5129
      4 5130
      6 5131
      3 5132
      3 5133
      3 5134
      4 5135
      5 5136
      6 5137
      3 5138
      3 5139
      5 5140
      7 5141
      4 5142
      8 5143
      5 5144
      3 5145
      3 5146
      3 5147
      3 5148
      2 5149
      2 5150
      3 5151
      3 5152
      2 5153
      1 5154
      5 5155
      4 5156
      2 5157
      1 5158
      6 5159
      3 5160
      4 5161
      7 5162
      5 5163
      5 5164
      2 5165
      4 5166
      7 5167
      5 5168
     10 5169
      2 5170
      5 5171
      3 5172
      2 5173
      5 5174
      3 5175
      3 5176
      1 5177
      5 5179
      2 5180
      4 5181
      2 5182
      6 5183
      1 5184
      1 5185
      6 5186
      5 5187
      3 5188
      4 5189
      4 5190
      4 5191
      5 5192
      2 5193
      4 5194
      3 5195
      1 5196
      2 5197
      2 5198
      3 5199
      2 5200
      4 5201
      5 5202
      3 5203
      1 5205
      4 5206
      4 5207
      1 5208
      1 5209
      4 5210
      2 5211
      1 5212
      4 5213
      6 5214
      2 5215
      2 5216
      1 5217
      2 5218
      3 5219
      3 5220
      3 5221
      5 5222
      3 5224
      3 5226
      3 5227
      5 5228
      3 5229
      4 5230
      2 5231
      4 5232
      4 5233
      3 5234
      6 5235
      1 5236
      1 5237
      1 5238
      5 5239
      2 5240
      4 5241
      4 5243
      4 5244
      1 5245
      1 5246
      6 5247
      1 5248
      1 5249
      3 5250
      1 5251
      3 5252
      4 5253
      3 5254
      4 5256
      2 5257
      4 5258
      2 5259
      2 5260
      3 5261
      5 5262
      4 5263
      1 5264
      1 5265
      2 5266
      2 5267
      3 5268
      5 5269
      2 5270
      1 5271
      3 5272
      4 5273
      2 5274
      3 5275
      2 5276
      1 5277
      4 5278
      1 5279
      3 5280
      3 5282
      3 5283
      4 5285
      1 5286
      5 5287
      4 5288
      2 5289
      2 5290
      7 5291
      4 5292
      3 5293
      2 5294
      3 5295
      3 5296
      3 5297
      1 5298
      3 5299
      3 5300
      1 5301
      1 5302
      3 5303
      3 5304
      5 5305
      4 5306
      4 5307
      1 5308
      3 5309
      4 5310
      2 5311
      6 5313
      3 5314
      1 5316
      3 5317
      4 5318
      3 5319
      4 5320
      4 5322
      7 5323
      2 5324
      4 5325
      1 5326
      4 5328
      4 5329
      3 5330
      2 5331
      4 5332
      4 5333
      3 5334
      2 5335
      2 5336
      3 5337
      3 5338
      6 5339
      2 5340
      1 5341
      3 5342
      2 5343
      1 5344
      3 5345
      3 5346
      3 5347
      2 5348
      1 5349
      3 5350
      2 5351
      4 5352
      5 5353
      2 5354
      3 5355
      2 5356
      2 5357
      2 5358
      1 5359
      5 5360
      1 5361
      1 5362
      1 5363
      2 5364
      2 5366
      3 5367
      1 5368
      5 5371
      1 5372
      1 5373
      2 5374
      7 5375
      4 5376
      5 5377
      3 5378
      1 5379
      8 5380
      1 5381
      4 5382
      1 5383
      5 5384
      2 5386
      2 5387
      3 5388
      5 5389
      1 5390
      5 5391
      3 5393
      2 5394
      1 5395
      1 5396
      2 5397
      3 5398
      5 5399
      5 5400
      5 5402
      3 5403
      5 5404
      2 5405
      5 5407
      1 5408
      2 5409
      1 5410
      2 5411
      1 5412
      1 5413
      2 5414
      5 5415
      1 5416
      1 5417
      3 5418
      1 5419
      1 5420
      2 5421
      3 5422
      3 5424
      1 5425
      5 5426
      5 5427
      1 5428
      4 5429
      1 5430
      1 5431
      3 5432
      4 5433
      2 5434
      3 5435
      3 5436
      1 5437
      1 5438
      1 5439
      4 5441
      1 5442
      3 5443
      3 5444
      1 5445
      4 5446
      3 5447
      4 5448
      2 5449
      2 5450
      3 5452
      3 5454
      3 5455
      1 5457
      2 5458
      3 5459
      6 5460
      3 5461
      1 5462
      2 5463
      3 5464
      2 5465
      4 5466
      4 5467
      1 5468
      3 5469
      1 5470
      5 5471
      2 5472
      2 5473
      1 5474
      3 5475
      2 5476
      2 5477
      2 5478
      2 5480
      2 5481
      5 5482
      3 5484
      5 5486
      2 5487
      2 5488
      1 5489
      4 5490
      1 5491
      4 5492
      2 5493
      1 5494
      2 5495
      3 5496
      3 5499
      7 5500
      3 5501
      2 5502
      2 5503
      4 5504
      1 5505
      1 5506
      2 5507
      2 5508
      1 5509
      6 5511
      1 5512
      2 5513
      3 5514
      1 5515
      4 5516
      3 5518
      5 5519
      3 5520
      1 5521
      1 5522
      3 5524
      2 5525
      4 5526
      4 5527
      2 5528
      2 5529
      1 5530
      1 5531
      3 5532
      2 5534
      1 5535
      4 5536
      1 5537
      1 5538
      2 5539
      3 5540
      4 5541
      2 5542
      2 5544
      3 5545
      4 5546
      2 5547
      2 5548
      2 5550
      3 5551
      5 5552
      3 5553
      2 5555
      2 5556
      1 5557
      3 5558
      2 5559
      3 5560
      1 5562
      3 5563
      8 5564
      2 5565
      4 5567
      4 5568
      3 5569
      2 5570
      2 5571
      4 5572
      1 5573
      1 5574
      2 5575
      2 5576
      2 5577
      2 5578
      2 5579
      1 5580
      1 5581
      1 5582
      1 5583
      5 5584
      4 5585
      4 5586
      5 5587
      1 5588
      4 5589
      4 5590
      1 5591
      3 5592
      5 5593
      4 5594
      1 5595
      3 5596
      2 5597
      1 5598
      2 5599
      1 5600
      3 5601
      1 5602
      3 5603
      4 5604
      4 5606
      3 5607
      2 5608
      6 5609
      4 5610
      5 5611
      2 5612
      1 5613
      3 5614
      2 5615
      3 5616
      3 5617
      1 5618
      1 5619
      1 5620
      2 5621
      2 5622
      2 5623
      3 5624
      2 5625
      6 5626
      2 5627
      5 5628
      2 5630
      2 5631
      1 5633
      6 5634
      1 5636
      3 5637
      4 5638
      3 5639
      2 5640
      1 5642
      1 5643
      2 5644
      2 5645
      1 5646
      1 5647
      1 5648
      1 5650
      1 5651
      1 5652
      3 5653
      3 5654
      1 5655
      1 5656
      1 5657
      3 5658
      2 5659
      4 5660
      2 5661
      1 5662
      1 5663
      4 5664
      3 5665
      3 5666
      1 5667
      2 5668
      3 5669
      3 5670
      1 5671
      1 5672
      3 5673
      4 5674
      3 5675
      4 5676
      1 5677
      1 5678
      3 5679
      3 5680
      2 5681
      1 5682
      2 5683
      5 5684
      1 5685
      2 5686
      2 5687
      6 5688
      4 5689
      1 5690
      2 5691
      3 5692
      4 5693
      3 5694
      2 5695
      3 5696
      3 5697
      3 5698
      1 5700
      2 5701
      2 5702
      2 5703
      3 5704
      2 5705
      1 5706
      2 5707
      4 5708
      3 5709
      1 5710
      4 5711
      5 5712
      5 5713
      3 5714
      2 5715
      3 5716
      6 5717
      4 5720
      3 5721
      2 5722
      3 5723
      5 5724
      4 5725
      4 5726
      3 5727
      1 5728
      7 5729
      4 5730
      2 5731
      1 5732
      1 5733
      3 5734
      3 5735
      4 5736
      3 5737
      1 5738
      3 5739
      5 5740
      2 5741
      1 5742
      3 5743
      3 5744
      1 5745
      1 5746
      3 5747
      3 5748
      2 5749
      2 5750
      2 5751
      1 5752
      1 5753
      1 5754
      1 5755
      5 5756
      2 5757
      2 5758
      1 5759
      4 5760
      1 5761
      3 5762
      4 5763
      1 5764
      1 5765
      1 5766
      4 5767
      3 5768
      2 5769
      1 5770
      4 5771
      3 5773
      1 5774
      2 5775
      4 5776
      1 5777
      2 5779
      2 5780
      4 5781
      3 5782
      1 5784
      2 5785
      3 5786
      4 5787
      7 5788
      3 5789
      2 5790
      7 5791
      2 5792
      1 5793
      1 5795
      1 5796
      2 5797
      2 5798
      1 5799
      3 5800
      3 5801
      2 5802
      2 5803
      1 5804
      2 5806
      1 5807
      1 5808
      1 5809
      1 5810
      2 5811
      4 5812
      6 5813
      1 5814
      4 5816
      3 5817
      3 5818
      2 5819
      4 5820
      3 5821
      2 5822
      3 5824
      2 5827
      2 5828
      3 5829
      1 5830
      2 5831
      1 5832
      2 5833
      4 5834
      1 5835
      4 5837
      1 5838
      3 5839
      3 5840
      2 5841
      2 5842
      3 5843
      2 5844
      4 5845
      2 5846
      3 5848
      3 5849
      2 5850
      2 5851
      2 5852
      4 5853
      3 5854
      4 5855
      4 5856
      1 5857
      1 5858
      3 5859
      2 5860
      1 5861
      3 5862
      5 5863
      1 5864
      2 5865
      1 5866
      3 5867
      3 5868
      4 5869
      2 5870
      1 5871
      2 5872
      1 5873
      6 5875
      2 5876
      2 5877
      1 5878
      2 5879
      1 5881
      2 5883
      2 5884
      3 5885
      3 5886
      3 5887
      1 5889
      4 5890
      1 5892
      2 5893
      2 5894
      1 5895
      5 5896
      1 5897
      2 5898
      1 5899
      6 5900
      1 5901
      3 5902
      5 5903
      4 5904
      1 5905
      4 5906
      2 5907
      5 5908
      4 5910
      1 5911
      2 5912
      1 5914
      3 5915
      1 5916
      1 5917
      3 5918
      2 5919
      1 5920
      3 5921
      3 5922
      2 5923
      2 5924
      3 5925
      4 5926
      3 5927
      1 5928
      1 5929
      1 5930
      5 5931
      3 5932
      1 5933
      3 5934
      2 5935
      1 5936
      2 5937
      4 5938
      3 5939
      1 5940
      1 5941
      3 5942
      1 5943
      3 5944
      1 5945
      2 5946
      1 5947
      3 5949
      1 5950
      2 5951
      2 5952
      1 5953
      5 5954
      1 5955
      3 5956
      1 5957
      1 5958
      3 5959
      2 5960
      2 5961
      2 5962
      1 5963
      1 5964
      1 5965
      4 5966
      2 5967
      1 5968
      4 5969
      3 5970
      2 5971
      2 5972
      1 5974
      1 5975
      3 5976
      1 5977
      2 5978
      2 5979
      1 5981
      1 5982
      1 5983
      3 5984
      2 5985
      2 5986
      5 5987
      1 5988
      1 5989
      2 5990
      3 5991
      1 5992
      1 5993
      1 5994
      2 5995
      3 5996
      5 5997
      4 5998
      3 5999
      3 6000
      1 6001
      1 6002
      2 6003
      1 6005
      1 6006
      1 6007
      2 6008
      4 6009
      1 6011
      3 6012
      1 6013
      7 6014
      3 6016
      1 6019
      3 6021
      6 6023
      1 6024
      1 6025
      1 6026
      1 6027
      1 6028
      1 6029
      2 6032
      1 6036
      1 6037
      1 6038
      1 6039
      2 6041
      1 6042
      4 6043
      1 6044
      1 6046
      1 6047
      3 6048
      2 6049
      2 6050
      1 6052
      2 6053
      1 6055
      1 6057
      1 6058
      1 6059
      1 6060
      1 6061
      2 6062
      5 6063
      1 6064
      1 6066
      4 6067
      3 6068
      1 6072
      2 6074
      1 6076
      4 6077
      2 6078
      1 6079
      1 6080
      1 6081
      2 6083
      3 6085
      1 6086
      6 6087
      2 6088
      1 6089
      1 6090
      1 6092
      1 6094
      2 6095
      2 6096
      1 6098
      1 6100
      1 6101
      1 6103
      2 6104
      2 6106
      2 6108
      2 6110
      2 6111
      2 6113
      1 6116
      2 6119
      1 6120
      1 6125
      2 6127
      2 6128
      3 6129
      1 6130
      1 6133
      4 6135
      1 6136
      1 6138
      2 6139
      1 6141
      1 6143
      2 6144
      1 6146
      1 6148
      2 6149
      3 6150
      2 6152
      2 6153
      1 6154
      1 6156
      1 6160
      1 6162
      2 6163
      1 6165
      1 6166
      1 6169
      2 6170
      1 6171
      1 6174
      2 6175
      1 6177
      1 6180
      3 6182
      1 6183
      2 6185
      2 6187
      1 6189
      1 6193
      1 6194
      2 6195
      1 6196
      2 6197
      3 6198
      1 6202
      2 6204
      1 6205
      1 6206
      3 6209
      4 6211
      3 6212
      2 6213
      1 6215
      1 6216
      1 6217
      2 6220
      4 6221
      1 6222
      1 6223
      2 6224
      1 6225
      2 6226
      1 6229
      1 6230
      1 6232
      1 6233
      1 6235
      1 6236
      2 6237
      1 6240
      1 6241
      1 6242
      2 6244
      1 6245
      2 6246
      1 6247
      1 6250
      2 6252
      2 6255
      2 6256
      1 6257
      2 6259
      2 6261
      2 6262
      1 6266
      1 6267
      2 6268
      2 6270
      1 6271
      1 6272
      1 6273
      1 6277
      2 6278
      1 6279
      2 6282
      1 6283
      1 6285
      1 6286
      2 6288
      1 6289
      1 6290
      1 6292
      2 6293
      1 6295
      2 6296
      1 6297
      1 6298
      2 6300
      1 6303
      2 6306
      1 6307
      3 6308
      1 6309
      1 6310
      2 6311
      1 6316
      1 6317
      3 6319
      1 6320
      2 6321
      1 6323
      1 6325
      2 6326
      1 6327
      1 6328
      3 6329
      1 6330
      1 6331
      1 6332
      1 6333
      2 6334
      1 6336
      1 6339
      2 6345
      2 6346
      1 6347
      2 6348
      2 6350
      1 6352
      2 6353
      2 6356
      1 6359
      1 6360
      2 6361
      1 6365
      2 6366
      1 6369
      1 6370
      1 6371
      1 6373
      2 6374
      1 6377
      3 6378
      2 6379
      1 6381
      1 6382
      1 6383
      1 6384
      1 6386
      1 6389
      1 6390
      1 6391
      1 6393
      1 6394
      2 6395
      1 6396
      1 6400
      2 6401
      2 6403
      2 6405
      1 6410
      3 6411
      5 6413
      1 6415
      1 6416
      1 6417
      1 6418
      1 6419
      1 6420
      1 6422
      3 6423
      1 6424
      1 6425
      1 6426
      2 6427
      2 6428
      1 6429
      1 6431
      1 6435
      2 6436
      1 6437
      1 6438
      1 6439
      1 6440
      1 6442
      2 6443
      2 6444
      2 6446
      3 6447
      1 6448
      1 6449
      3 6450
      2 6451
      2 6453
      3 6454
      2 6455
      3 6457
      3 6458
      2 6459
      1 6460
      1 6462
      1 6463
      2 6464
      4 6465
      1 6466
      1 6467
      3 6468
      2 6469
      3 6470
      1 6471
      2 6472
      3 6473
      1 6474
      1 6475
      2 6476
      1 6477
      1 6478
      2 6479
      1 6482
      1 6483
      1 6485
      1 6486
      4 6487
      1 6488
      2 6489
      2 6490
      1 6492
      2 6493
      3 6495
      2 6496
      1 6497
      2 6498
      2 6499
      1 6500
      4 6501
      2 6503
      1 6505
      1 6507
      1 6508
      2 6509
      1 6511
      1 6512
      2 6514
      2 6515
      1 6517
      1 6521
      1 6522
      1 6523
      1 6524
      1 6527
      2 6530
      1 6531
      2 6533
      1 6534
      5 6536
      1 6539
      3 6540
      1 6541
      1 6542
      1 6543
      2 6545
      2 6547
      1 6549
      1 6550
      1 6552
      1 6553
      2 6561
      1 6562
      2 6563
      3 6564
      1 6566
      3 6568
      2 6570
      3 6572
      2 6573
      1 6577
      1 6580
      3 6582
      1 6583
      2 6585
      2 6591
      1 6593
      3 6594
      1 6599
      1 6600
      2 6603
      1 6606
      2 6607
      2 6608
      1 6609
      1 6610
      1 6613
      2 6619
      3 6620
      1 6621
      3 6624
      1 6625
      1 6627
      1 6628
      1 6629
      1 6631
      1 6632
      3 6633
      1 6634
      1 6636
      1 6637
      1 6638
      3 6639
      3 6641
      3 6642
      2 6643
      2 6644
      2 6645
      1 6646
      1 6647
      2 6648
      5 6649
      1 6650
      3 6651
      2 6652
      1 6653
      1 6654
      1 6655
      1 6658
      1 6659
      1 6660
      1 6661
      1 6662
      1 6663
      3 6664
      2 6665
      1 6666
      3 6667
      2 6668
      1 6669
      1 6670
      1 6673
      1 6675
      3 6677
      1 6682
      1 6686
      2 6687
      2 6689
      2 6690
      2 6691
      1 6693
      1 6694
      1 6695
      1 6696
      1 6697
      1 6698
      1 6702
      1 6703
      1 6707
      2 6710
      2 6711
      1 6713
      1 6716
      1 6717
      1 6718
      1 6719
      1 6720
      2 6721
      1 6723
      1 6724
      2 6727
      1 6730
      1 6735
      1 6736
      1 6739
      3 6740
      3 6741
      1 6747
      2 6750
      1 6754
      1 6755
      1 6756
      1 6759
      1 6760
      1 6761
      1 6762
      1 6766
      1 6767
      1 6769
      3 6770
      1 6771
      2 6772
      2 6774
      2 6779
      3 6781
      1 6782
      1 6783
      1 6788
      1 6789
      1 6790
      1 6791
      1 6792
      1 6793
      1 6794
      2 6797
      2 6799
      2 6803
      1 6804
      1 6805
      1 6807
      1 6808
      2 6809
      1 6810
      4 6817
      1 6819
      1 6824
      1 6827
      1 6829
      1 6830
      1 6832
      1 6834
      1 6841
      1 6846
      1 6852
      2 6853
      2 6857
      1 6858
      1 6859
      1 6860
      1 6862
      1 6868
      1 6870
      1 6873
      2 6875
      1 6876
      1 6880
      1 6881
      2 6883
      2 6884
      2 6886
      1 6887
      2 6891
      2 6892
      1 6895
      1 6898
      1 6901
      1 6902
      2 6905
      2 6906
      1 6910
      3 6914
      2 6915
      1 6916
      1 6917
      1 6918
      1 6926
      1 6932
      1 6937
      1 6938
      2 6939
      1 6941
      1 6944
      1 6948
      3 6951
      2 6953
      2 6954
      1 6957
      1 6958
      1 6959
      2 6960
      1 6961
      1 6962
      1 6964
      1 6967
      2 6968
      1 6969
      5 6970
      1 6973
      1 6974
      2 6975
      1 6976
      2 6977
      2 6978
      1 6979
      3 6981
      1 6984
      3 6987
      1 6988
      1 6991
      2 6992
      2 6994
      1 6996
      2 6997
      2 6998
      1 7001
      1 7004
      1 7005
      1 7006
      2 7009
      2 7010
      1 7011
      1 7013
      2 7014
      2 7015
      2 7018
      1 7020
      4 7021
      1 7022
      2 7023
      2 7024
      1 7025
      1 7026
      4 7027
      2 7028
      2 7029
      2 7030
      1 7032
      2 7033
      2 7035
      1 7036
      1 7037
      1 7038
      2 7040
      2 7041
      1 7042
      2 7043
      1 7045
      2 7046
      1 7047
      1 7048
      5 7049
      3 7050
      2 7052
      1 7053
      1 7054
      2 7055
      2 7056
      1 7057
      1 7058
      2 7060
      3 7061
      5 7062
      5 7064
      1 7066
      1 7067
      2 7068
      2 7069
      2 7070
      1 7071
      2 7072
      3 7073
      2 7074
      1 7075
      2 7076
      2 7077
      1 7080
      2 7081
      1 7083
      3 7084
      4 7087
      2 7090
      1 7091
      3 7093
      1 7095
      1 7096
      4 7097
      1 7098
      1 7099
      1 7105
      1 7106
      2 7107
      2 7108
      1 7109
      4 7110
      2 7111
      3 7112
      3 7113
      2 7114
      1 7115
      5 7116
      1 7117
      3 7118
      2 7119
      1 7120
      1 7121
      4 7123
      1 7126
      1 7127
      2 7128
      1 7129
      2 7131
      4 7132
      2 7134
      1 7135
      1 7136
      1 7139
      4 7140
      3 7141
      2 7142
      4 7144
      2 7145
      2 7147
      1 7148
      2 7149
      1 7150
      2 7151
      2 7152
      2 7153
      2 7154
      1 7156
      2 7159
      3 7160
      1 7161
      1 7163
      1 7165
      4 7166
      2 7167
      2 7168
      2 7169
      1 7171
      3 7173
      4 7174
      4 7175
      3 7176
      2 7177
      2 7179
      3 7180
      1 7181
      2 7184
      1 7185
      1 7186
      2 7187
      2 7188
      2 7190
      1 7191
      1 7192
      1 7193
      2 7195
      1 7196
      1 7197
      2 7199
      2 7200
      2 7201
      2 7203
      1 7205
      1 7206
      2 7208
      1 7209
      2 7210
      1 7211
      1 7212
      7 7213
      1 7215
      1 7216
      4 7217
      2 7218
      3 7220
      1 7221
      2 7222
      4 7223
      1 7224
      1 7227
      1 7228
      4 7229
      2 7231
      3 7234
      1 7235
      2 7236
      1 7237
      2 7238
      3 7240
      2 7242
      3 7243
      1 7245
      1 7246
      1 7249
      1 7250
      1 7251
      1 7252
      2 7254
      1 7255
      1 7256
      1 7257
      1 7258
      2 7259
      1 7260
      2 7263
      1 7264
      1 7266
      1 7269
      1 7270
      2 7272
      2 7273
      3 7274
      5 7275
      3 7276
      1 7277
      1 7278
      2 7279
      1 7281
      1 7282
      2 7283
      1 7286
      1 7287
      1 7288
      2 7289
      1 7290
      2 7291
      1 7292
      1 7294
      2 7295
      1 7296
      1 7297
      1 7301
      2 7303
      1 7304
      1 7305
      1 7308
      1 7315
      1 7316
      1 7317
      1 7320
      1 7322
      2 7323
      1 7324
      1 7326
      1 7330
      1 7332
      1 7333
      1 7334
      1 7335
      1 7336
      1 7337
      1 7338
      1 7342
      1 7349
      1 7351
      2 7355
      1 7357
      1 7358
      1 7360
      1 7361
      2 7365
      1 7370
      1 7371
      1 7375
      1 7379
      1 7382
      1 7383
      1 7384
      3 7388
      1 7389
      1 7392
      1 7393
      2 7394
      2 7405
      1 7417
      3 7420
      1 7422
      1 7425
      2 7428
      1 7429
      1 7436
      1 7445
      1 7448
      2 7449
      2 7450
      1 7452
      1 7453
      1 7459
      1 7461
      1 7465
      2 7466
      2 7471
      1 7475
      1 7479
      1 7483
      1 7488
      1 7489
      1 7490
      1 7491
      1 7492
      1 7494
      4 7496
      2 7497
      1 7498
      1 7502
      1 7507
      3 7509
      1 7510
      1 7516
      1 7517
      1 7529
      1 7531
      1 7532
      1 7533
      1 7539
      2 7540
      1 7543
      1 7544
      1 7547
      1 7550
      1 7552
      1 7554
      1 7555
      1 7556
      2 7558
      1 7559
      1 7560
      1 7564
      1 7565
      1 7566
      1 7567
      1 7571
      1 7574
      1 7576
      1 7581
      1 7585
      1 7588
      1 7589
      1 7593
      1 7594
      1 7596
      1 7600
      1 7606
      1 7608
      1 7609
      1 7615
      1 7621
      1 7624
      1 7626
      1 7639
      1 7641
      1 7642
      1 7643
      1 7649
      1 7657
      1 7661
      1 7663
      1 7666
      1 7680
      1 7681
      1 7684
      1 7690
      1 7693
      1 7695
      1 7700
      1 7702
      1 7703
      1 7711
      1 7712
      1 7721
      1 7723
      1 7733
      1 7740
      1 7784
      1 7789
      1 7819
      1 7822
      1 7832
      1 7836
      1 7851
      1 7863
      1 7865
      1 7866
      1 7868
      2 7869
      1 7872
      1 7875
      2 7876
      1 7878
      1 7881
      2 7882
      1 7883
      2 7886
      1 7887
      2 7888
      1 7889
      1 7890
      3 7892
      1 7893
      1 7898
      3 7900
      3 7902
      1 7903
      2 7905
      1 7908
      1 7909
      1 7911
      1 7912
      1 7913
      3 7914
      1 7915
      1 7917
      2 7919
      2 7921
      1 7923
      1 7924
      3 7925
      1 7927
      1 7928
      1 7931
      1 7932
      2 7933
      2 7934
      1 7935
      1 7936
      1 7937
      2 7943
      1 7944
      1 7945
      1 7947
      1 7949
      1 7950
      1 7951
      1 7956
      1 7957
