 190619 0
116613174 1
227598280 2
343018240 3
423357626 4
442707969 5
401251985 6
320794873 7
229893328 8
149497026 9
89267297 10
49495171 11
25862986 12
12964315 13
6370685 14
3213670 15
1734569 16
1050852 17
 721782 18
 546241 19
 444602 20
 374512 21
 324585 22
 287202 23
 257090 24
 231916 25
 209016 26
 192450 27
 176565 28
 160740 29
 146845 30
 135523 31
 126425 32
 115647 33
 107318 34
  98757 35
  91505 36
  85454 37
  79772 38
  74044 39
  69795 40
  65175 41
  60778 42
  57374 43
  54713 44
  51361 45
  48038 46
  46174 47
  43863 48
  41773 49
  40055 50
  38647 51
  37454 52
  36145 53
  34409 54
  33046 55
  31949 56
  31056 57
  29677 58
  28447 59
  27423 60
  26800 61
  25701 62
  24858 63
  24147 64
  23471 65
  22705 66
  22111 67
  21404 68
  20410 69
  20087 70
  19830 71
  19024 72
  18414 73
  18038 74
  17815 75
  17395 76
  16836 77
  16423 78
  16052 79
  15960 80
  15579 81
  15048 82
  14597 83
  14066 84
  13715 85
  13153 86
  12973 87
  12720 88
  12684 89
  12272 90
  12182 91
  11919 92
  11719 93
  11623 94
  11544 95
  11085 96
  10839 97
  10732 98
  10500 99
  10236 100
  10107 101
  10074 102
   9698 103
   9675 104
   9468 105
   9497 106
   9231 107
   9071 108
   8883 109
   8774 110
   8830 111
   8467 112
   8409 113
   8247 114
   8038 115
   7982 116
   7799 117
   7941 118
   7575 119
   7735 120
   7546 121
   7562 122
   7317 123
   7086 124
   7013 125
   6883 126
   6964 127
   6917 128
   6951 129
   6825 130
   6875 131
   6680 132
   6577 133
   6625 134
   6411 135
   6158 136
   6181 137
   6173 138
   6153 139
   6017 140
   6187 141
   5975 142
   5866 143
   5764 144
   5733 145
   5495 146
   5463 147
   5518 148
   5466 149
   5447 150
   5273 151
   5364 152
   5270 153
   5024 154
   4957 155
   5128 156
   4950 157
   4958 158
   4888 159
   4793 160
   4749 161
   4745 162
   4595 163
   4613 164
   4668 165
   4646 166
   4396 167
   4412 168
   4541 169
   4495 170
   4260 171
   4169 172
   4134 173
   4104 174
   4130 175
   3879 176
   4051 177
   3931 178
   3861 179
   3879 180
   3819 181
   3780 182
   3843 183
   3786 184
   3824 185
   3824 186
   3742 187
   3687 188
   3666 189
   3596 190
   3688 191
   3592 192
   3548 193
   3546 194
   3540 195
   3438 196
   3370 197
   3340 198
   3307 199
   3310 200
   3154 201
   3096 202
   3044 203
   3113 204
   3062 205
   2974 206
   2995 207
   2983 208
   3018 209
   2828 210
   2929 211
   2939 212
   2930 213
   2810 214
   2909 215
   2906 216
   2991 217
   2886 218
   2875 219
   2760 220
   2701 221
   2787 222
   2767 223
   2694 224
   2789 225
   2709 226
   2623 227
   2646 228
   2650 229
   2578 230
   2595 231
   2626 232
   2517 233
   2568 234
   2566 235
   2511 236
   2504 237
   2554 238
   2506 239
   2568 240
   2480 241
   2457 242
   2537 243
   2481 244
   2459 245
   2490 246
   2352 247
   2288 248
   2345 249
   2263 250
   2289 251
   2225 252
   2212 253
   2309 254
   2257 255
   2210 256
   2279 257
   2239 258
   2228 259
   2185 260
   2161 261
   2273 262
   2220 263
   2107 264
   2086 265
   2158 266
   2061 267
   2130 268
   2071 269
   1977 270
   2043 271
   2011 272
   2031 273
   1957 274
   2008 275
   2000 276
   1972 277
   2002 278
   1928 279
   1864 280
   1864 281
   1928 282
   1842 283
   1918 284
   1838 285
   1896 286
   1918 287
   1841 288
   1826 289
   1882 290
   1731 291
   1735 292
   1789 293
   1785 294
   1726 295
   1719 296
   1677 297
   1717 298
   1625 299
   1658 300
   1634 301
   1621 302
   1625 303
   1649 304
   1685 305
   1513 306
   1555 307
   1550 308
   1525 309
   1574 310
   1555 311
   1521 312
   1600 313
   1552 314
   1539 315
   1546 316
   1524 317
   1459 318
   1438 319
   1528 320
   1411 321
   1433 322
   1381 323
   1382 324
   1374 325
   1314 326
   1261 327
   1354 328
   1265 329
   1382 330
   1334 331
   1252 332
   1321 333
   1351 334
   1301 335
   1318 336
   1221 337
   1303 338
   1314 339
   1291 340
   1306 341
   1228 342
   1293 343
   1192 344
   1238 345
   1226 346
   1201 347
   1213 348
   1204 349
   1135 350
   1144 351
   1238 352
   1133 353
   1137 354
   1166 355
   1142 356
   1166 357
   1097 358
   1029 359
   1155 360
   1091 361
   1135 362
   1129 363
   1095 364
   1109 365
   1049 366
   1101 367
   1048 368
   1049 369
   1083 370
   1055 371
   1020 372
   1076 373
   1093 374
   1040 375
    999 376
   1066 377
   1064 378
    999 379
   1030 380
   1015 381
    972 382
   1038 383
    992 384
    979 385
   1040 386
    956 387
    985 388
   1001 389
   1010 390
    934 391
    991 392
    942 393
    924 394
    902 395
    933 396
    915 397
    916 398
    952 399
    883 400
    889 401
    867 402
    896 403
    827 404
    896 405
    858 406
    900 407
    898 408
    891 409
    847 410
    870 411
    835 412
    899 413
    881 414
    818 415
    815 416
    851 417
    780 418
    874 419
    843 420
    736 421
    831 422
    818 423
    810 424
    873 425
    875 426
    827 427
    790 428
    805 429
    769 430
    808 431
    760 432
    751 433
    694 434
    722 435
    722 436
    720 437
    698 438
    690 439
    683 440
    696 441
    691 442
    696 443
    725 444
    731 445
    716 446
    697 447
    769 448
    711 449
    658 450
    717 451
    696 452
    655 453
    697 454
    666 455
    685 456
    650 457
    625 458
    661 459
    642 460
    596 461
    631 462
    712 463
    670 464
    662 465
    693 466
    614 467
    660 468
    630 469
    673 470
    650 471
    668 472
    683 473
    674 474
    658 475
    667 476
    624 477
    710 478
    619 479
    627 480
    659 481
    616 482
    641 483
    612 484
    622 485
    585 486
    599 487
    628 488
    562 489
    638 490
    645 491
    610 492
    543 493
    556 494
    580 495
    563 496
    572 497
    612 498
    546 499
    587 500
    572 501
    554 502
    555 503
    613 504
    604 505
    551 506
    579 507
    572 508
    576 509
    601 510
    557 511
    580 512
    544 513
    569 514
    604 515
    562 516
    569 517
    552 518
    557 519
    571 520
    542 521
    551 522
    556 523
    528 524
    515 525
    526 526
    528 527
    548 528
    512 529
    522 530
    493 531
    519 532
    502 533
    522 534
    516 535
    530 536
    482 537
    509 538
    506 539
    520 540
    458 541
    518 542
    524 543
    507 544
    461 545
    525 546
    476 547
    492 548
    505 549
    461 550
    505 551
    488 552
    458 553
    475 554
    464 555
    444 556
    472 557
    454 558
    414 559
    442 560
    416 561
    448 562
    429 563
    409 564
    433 565
    455 566
    439 567
    484 568
    483 569
    442 570
    448 571
    396 572
    475 573
    457 574
    396 575
    399 576
    416 577
    426 578
    404 579
    400 580
    419 581
    425 582
    399 583
    425 584
    433 585
    421 586
    462 587
    400 588
    438 589
    399 590
    419 591
    382 592
    403 593
    402 594
    412 595
    402 596
    423 597
    408 598
    437 599
    433 600
    445 601
    429 602
    395 603
    399 604
    424 605
    423 606
    423 607
    435 608
    407 609
    407 610
    396 611
    413 612
    387 613
    402 614
    382 615
    403 616
    384 617
    413 618
    351 619
    387 620
    397 621
    358 622
    375 623
    362 624
    385 625
    375 626
    339 627
    337 628
    377 629
    372 630
    401 631
    357 632
    342 633
    325 634
    367 635
    349 636
    328 637
    358 638
    335 639
    370 640
    372 641
    359 642
    365 643
    370 644
    371 645
    319 646
    348 647
    371 648
    355 649
    353 650
    351 651
    378 652
    345 653
    355 654
    325 655
    317 656
    342 657
    328 658
    362 659
    331 660
    349 661
    356 662
    337 663
    326 664
    362 665
    340 666
    328 667
    369 668
    315 669
    316 670
    353 671
    354 672
    333 673
    366 674
    343 675
    349 676
    326 677
    305 678
    322 679
    320 680
    320 681
    331 682
    304 683
    313 684
    314 685
    326 686
    294 687
    351 688
    338 689
    323 690
    358 691
    309 692
    360 693
    312 694
    306 695
    331 696
    303 697
    327 698
    310 699
    312 700
    314 701
    295 702
    298 703
    301 704
    272 705
    321 706
    303 707
    259 708
    326 709
    275 710
    294 711
    281 712
    292 713
    297 714
    288 715
    263 716
    286 717
    280 718
    309 719
    310 720
    296 721
    309 722
    292 723
    308 724
    293 725
    313 726
    290 727
    323 728
    309 729
    299 730
    310 731
    288 732
    273 733
    358 734
    263 735
    304 736
    289 737
    319 738
    269 739
    293 740
    276 741
    271 742
    263 743
    297 744
    296 745
    267 746
    281 747
    292 748
    286 749
    292 750
    263 751
    321 752
    294 753
    277 754
    294 755
    275 756
    282 757
    284 758
    286 759
    256 760
    262 761
    278 762
    304 763
    291 764
    258 765
    253 766
    287 767
    264 768
    248 769
    303 770
    308 771
    279 772
    260 773
    293 774
    296 775
    288 776
    253 777
    304 778
    255 779
    276 780
    294 781
    270 782
    265 783
    270 784
    260 785
    262 786
    244 787
    303 788
    245 789
    253 790
    270 791
    240 792
    265 793
    253 794
    249 795
    268 796
    267 797
    275 798
    239 799
    263 800
    246 801
    229 802
    251 803
    242 804
    239 805
    251 806
    252 807
    229 808
    254 809
    280 810
    259 811
    243 812
    275 813
    250 814
    242 815
    249 816
    295 817
    235 818
    235 819
    229 820
    241 821
    235 822
    250 823
    233 824
    210 825
    218 826
    246 827
    239 828
    239 829
    238 830
    232 831
    231 832
    221 833
    218 834
    243 835
    242 836
    243 837
    211 838
    204 839
    237 840
    216 841
    227 842
    207 843
    227 844
    237 845
    229 846
    202 847
    257 848
    214 849
    213 850
    226 851
    230 852
    225 853
    243 854
    238 855
    240 856
    219 857
    199 858
    210 859
    213 860
    239 861
    225 862
    223 863
    232 864
    225 865
    241 866
    205 867
    210 868
    212 869
    217 870
    242 871
    212 872
    256 873
    234 874
    205 875
    226 876
    209 877
    224 878
    230 879
    201 880
    221 881
    196 882
    220 883
    242 884
    208 885
    227 886
    210 887
    204 888
    211 889
    202 890
    219 891
    231 892
    237 893
    198 894
    224 895
    224 896
    214 897
    271 898
    217 899
    222 900
    188 901
    215 902
    220 903
    177 904
    196 905
    202 906
    180 907
    221 908
    181 909
    219 910
    203 911
    189 912
    230 913
    203 914
    227 915
    217 916
    210 917
    200 918
    211 919
    215 920
    213 921
    199 922
    201 923
    191 924
    182 925
    196 926
    192 927
    195 928
    213 929
    216 930
    193 931
    243 932
    193 933
    204 934
    194 935
    196 936
    203 937
    189 938
    190 939
    193 940
    178 941
    186 942
    173 943
    170 944
    187 945
    162 946
    178 947
    194 948
    174 949
    188 950
    190 951
    179 952
    196 953
    180 954
    185 955
    174 956
    205 957
    183 958
    164 959
    176 960
    182 961
    209 962
    183 963
    203 964
    201 965
    183 966
    189 967
    232 968
    192 969
    201 970
    190 971
    193 972
    200 973
    196 974
    208 975
    182 976
    208 977
    208 978
    194 979
    198 980
    224 981
    193 982
    201 983
    205 984
    207 985
    196 986
    186 987
    205 988
    183 989
    193 990
    192 991
    195 992
    208 993
    206 994
    210 995
    199 996
    228 997
    210 998
    198 999
    221 1000
    170 1001
    188 1002
    187 1003
    177 1004
    216 1005
    180 1006
    193 1007
    184 1008
    198 1009
    189 1010
    235 1011
    204 1012
    233 1013
    194 1014
    200 1015
    214 1016
    172 1017
    213 1018
    192 1019
    217 1020
    177 1021
    180 1022
    210 1023
    215 1024
    218 1025
    218 1026
    192 1027
    219 1028
    195 1029
    193 1030
    220 1031
    192 1032
    196 1033
    204 1034
    186 1035
    192 1036
    188 1037
    195 1038
    179 1039
    189 1040
    161 1041
    208 1042
    176 1043
    194 1044
    198 1045
    188 1046
    171 1047
    182 1048
    181 1049
    184 1050
    197 1051
    148 1052
    190 1053
    184 1054
    162 1055
    163 1056
    166 1057
    191 1058
    179 1059
    200 1060
    193 1061
    158 1062
    174 1063
    183 1064
    152 1065
    188 1066
    192 1067
    205 1068
    176 1069
    175 1070
    178 1071
    193 1072
    170 1073
    173 1074
    187 1075
    175 1076
    199 1077
    176 1078
    201 1079
    188 1080
    194 1081
    180 1082
    166 1083
    159 1084
    175 1085
    199 1086
    177 1087
    181 1088
    195 1089
    187 1090
    191 1091
    184 1092
    172 1093
    163 1094
    201 1095
    203 1096
    181 1097
    158 1098
    199 1099
    201 1100
    170 1101
    211 1102
    204 1103
    225 1104
    193 1105
    187 1106
    195 1107
    188 1108
    199 1109
    214 1110
    189 1111
    165 1112
    207 1113
    164 1114
    215 1115
    193 1116
    177 1117
    187 1118
    165 1119
    194 1120
    163 1121
    150 1122
    164 1123
    167 1124
    178 1125
    156 1126
    147 1127
    153 1128
    166 1129
    179 1130
    158 1131
    152 1132
    171 1133
    163 1134
    165 1135
    162 1136
    149 1137
    162 1138
    167 1139
    163 1140
    172 1141
    136 1142
    143 1143
    124 1144
    147 1145
    162 1146
    162 1147
    151 1148
    145 1149
    159 1150
    144 1151
    153 1152
    154 1153
    153 1154
    155 1155
    155 1156
    135 1157
    138 1158
    169 1159
    157 1160
    155 1161
    144 1162
    133 1163
    132 1164
    139 1165
    119 1166
    141 1167
    154 1168
    151 1169
    166 1170
    157 1171
    143 1172
    142 1173
    148 1174
    151 1175
    135 1176
    140 1177
    146 1178
    150 1179
    138 1180
    149 1181
    142 1182
    129 1183
    151 1184
    145 1185
    139 1186
    153 1187
    148 1188
    141 1189
    129 1190
    151 1191
    138 1192
    159 1193
    127 1194
    139 1195
    148 1196
    165 1197
    143 1198
    129 1199
    153 1200
    140 1201
    125 1202
    139 1203
    137 1204
    152 1205
    136 1206
    144 1207
    143 1208
    148 1209
    148 1210
    141 1211
    122 1212
    123 1213
    159 1214
    116 1215
    122 1216
    161 1217
    122 1218
    136 1219
    115 1220
    149 1221
    151 1222
    132 1223
    137 1224
    134 1225
    149 1226
    133 1227
    133 1228
    111 1229
    150 1230
    137 1231
    156 1232
    131 1233
    141 1234
    138 1235
    120 1236
    139 1237
    128 1238
    132 1239
    136 1240
    145 1241
    122 1242
    145 1243
    123 1244
    131 1245
    136 1246
    143 1247
    143 1248
    144 1249
    135 1250
    145 1251
    142 1252
    121 1253
    143 1254
    134 1255
    134 1256
    123 1257
    159 1258
    143 1259
    131 1260
    125 1261
    133 1262
    149 1263
    146 1264
    116 1265
    133 1266
    137 1267
    123 1268
    125 1269
    117 1270
    131 1271
    126 1272
    133 1273
    102 1274
    121 1275
    115 1276
    131 1277
    124 1278
    123 1279
    143 1280
     98 1281
    117 1282
    129 1283
    142 1284
    113 1285
    113 1286
    124 1287
    134 1288
    113 1289
    139 1290
    119 1291
    104 1292
    122 1293
    118 1294
    122 1295
    123 1296
    133 1297
    122 1298
    130 1299
    132 1300
    141 1301
    129 1302
    126 1303
    118 1304
    120 1305
    136 1306
    139 1307
    147 1308
    117 1309
    104 1310
    111 1311
    123 1312
    129 1313
    114 1314
    112 1315
    121 1316
    124 1317
    111 1318
    121 1319
    143 1320
    127 1321
    120 1322
     98 1323
    121 1324
    140 1325
    117 1326
    127 1327
    105 1328
    139 1329
    107 1330
    127 1331
    135 1332
    106 1333
    109 1334
    123 1335
    130 1336
    140 1337
    106 1338
     96 1339
    117 1340
    124 1341
    119 1342
    113 1343
    106 1344
    133 1345
    108 1346
    125 1347
    106 1348
    129 1349
    124 1350
    117 1351
    140 1352
     98 1353
    100 1354
    109 1355
    120 1356
    115 1357
    112 1358
    130 1359
    118 1360
    131 1361
    114 1362
    124 1363
     94 1364
    118 1365
    137 1366
    110 1367
    119 1368
    113 1369
    119 1370
    116 1371
    105 1372
    121 1373
    115 1374
    115 1375
    142 1376
    109 1377
    134 1378
    139 1379
     95 1380
    121 1381
    124 1382
    115 1383
    113 1384
    109 1385
    113 1386
    102 1387
    109 1388
    117 1389
    120 1390
    105 1391
    109 1392
    104 1393
    115 1394
    122 1395
    104 1396
    113 1397
     96 1398
    138 1399
    110 1400
    131 1401
    109 1402
    115 1403
    122 1404
    125 1405
    110 1406
     92 1407
     97 1408
    100 1409
     96 1410
     98 1411
    109 1412
    117 1413
    111 1414
    103 1415
     88 1416
     96 1417
    100 1418
    115 1419
     98 1420
    107 1421
    103 1422
    112 1423
    106 1424
    131 1425
    109 1426
    120 1427
    101 1428
     89 1429
     92 1430
    105 1431
     95 1432
    100 1433
     94 1434
    108 1435
     89 1436
     93 1437
     77 1438
     94 1439
     95 1440
    112 1441
    102 1442
    111 1443
     98 1444
     99 1445
    103 1446
     95 1447
    109 1448
    106 1449
    111 1450
    109 1451
    103 1452
     90 1453
    105 1454
     96 1455
     93 1456
    110 1457
    113 1458
     93 1459
    101 1460
     83 1461
     87 1462
     85 1463
     87 1464
     98 1465
     99 1466
     87 1467
     82 1468
     95 1469
    102 1470
     96 1471
    112 1472
     87 1473
    102 1474
     90 1475
     87 1476
     94 1477
     91 1478
     94 1479
     87 1480
     90 1481
     89 1482
    102 1483
     98 1484
     89 1485
     89 1486
     90 1487
    109 1488
     79 1489
    108 1490
     87 1491
    112 1492
     92 1493
     81 1494
     85 1495
     72 1496
     78 1497
    100 1498
     91 1499
     88 1500
    102 1501
     76 1502
     99 1503
    103 1504
     80 1505
     83 1506
    103 1507
    111 1508
     83 1509
     96 1510
     95 1511
     77 1512
     88 1513
     96 1514
     78 1515
     93 1516
     76 1517
     78 1518
     90 1519
    103 1520
     88 1521
     96 1522
     89 1523
     79 1524
     89 1525
     98 1526
     84 1527
     86 1528
     83 1529
     75 1530
     84 1531
     80 1532
     74 1533
     83 1534
     87 1535
     82 1536
     82 1537
     98 1538
     81 1539
     94 1540
     91 1541
     77 1542
    102 1543
     89 1544
     77 1545
     98 1546
     84 1547
     99 1548
     91 1549
     96 1550
     81 1551
     94 1552
     72 1553
     84 1554
     69 1555
     85 1556
     92 1557
     80 1558
     74 1559
     90 1560
     81 1561
     75 1562
     90 1563
     90 1564
     75 1565
     91 1566
     86 1567
     83 1568
     93 1569
     97 1570
     98 1571
     87 1572
     90 1573
     76 1574
     70 1575
     87 1576
     92 1577
     90 1578
     86 1579
     85 1580
     69 1581
     82 1582
     95 1583
     77 1584
     78 1585
     87 1586
    104 1587
     84 1588
     63 1589
     75 1590
     69 1591
     91 1592
     82 1593
     96 1594
     59 1595
    100 1596
     81 1597
     90 1598
     90 1599
     73 1600
     66 1601
     74 1602
     86 1603
     78 1604
     77 1605
     77 1606
     80 1607
     63 1608
     68 1609
     88 1610
     85 1611
     90 1612
     74 1613
     83 1614
     91 1615
     78 1616
     87 1617
     79 1618
     74 1619
     69 1620
     70 1621
     84 1622
     79 1623
     77 1624
     74 1625
     79 1626
     64 1627
     86 1628
     60 1629
     74 1630
     73 1631
     82 1632
     69 1633
     76 1634
     63 1635
     71 1636
     68 1637
     77 1638
     70 1639
     83 1640
     82 1641
     70 1642
     79 1643
     86 1644
     60 1645
     85 1646
     78 1647
     88 1648
     90 1649
     80 1650
     72 1651
     76 1652
     73 1653
     73 1654
     77 1655
     85 1656
     56 1657
     76 1658
     72 1659
     72 1660
     74 1661
     91 1662
     95 1663
     88 1664
     80 1665
     69 1666
     55 1667
     74 1668
     74 1669
     78 1670
     80 1671
     73 1672
     78 1673
     83 1674
     84 1675
     84 1676
     92 1677
     83 1678
     71 1679
     64 1680
     67 1681
     73 1682
     82 1683
     78 1684
     81 1685
     76 1686
     79 1687
     81 1688
     78 1689
     92 1690
     88 1691
     77 1692
     75 1693
     80 1694
     90 1695
     88 1696
     54 1697
     77 1698
     73 1699
     85 1700
     67 1701
     73 1702
     56 1703
     77 1704
     76 1705
     74 1706
     84 1707
     81 1708
     63 1709
     80 1710
     76 1711
     63 1712
     77 1713
     79 1714
     82 1715
     83 1716
     77 1717
     68 1718
     67 1719
     84 1720
     72 1721
     63 1722
     73 1723
     70 1724
     56 1725
     67 1726
     83 1727
     61 1728
     81 1729
     77 1730
     94 1731
     60 1732
     77 1733
     67 1734
     81 1735
     60 1736
     66 1737
     71 1738
     69 1739
     71 1740
     61 1741
     84 1742
     67 1743
     63 1744
     74 1745
     63 1746
     71 1747
     70 1748
     50 1749
     74 1750
     70 1751
     79 1752
     79 1753
     66 1754
     61 1755
     69 1756
     74 1757
     61 1758
     81 1759
     65 1760
     66 1761
     65 1762
     74 1763
     70 1764
     64 1765
     71 1766
     60 1767
     66 1768
     69 1769
     65 1770
     88 1771
     70 1772
     61 1773
     66 1774
     51 1775
     56 1776
     58 1777
     54 1778
     60 1779
     58 1780
     81 1781
     77 1782
     59 1783
     71 1784
     63 1785
     72 1786
     55 1787
     62 1788
     81 1789
     68 1790
     62 1791
     67 1792
     62 1793
     66 1794
     75 1795
     53 1796
     59 1797
     57 1798
     64 1799
     62 1800
     70 1801
     69 1802
     67 1803
     63 1804
     77 1805
     65 1806
     70 1807
     63 1808
     67 1809
     55 1810
     75 1811
     67 1812
     59 1813
     59 1814
     68 1815
     75 1816
     57 1817
     43 1818
     54 1819
     57 1820
     71 1821
     66 1822
     64 1823
     58 1824
     70 1825
     79 1826
     57 1827
     50 1828
     64 1829
     61 1830
     77 1831
     63 1832
     66 1833
     73 1834
     66 1835
     69 1836
     69 1837
     69 1838
     63 1839
     66 1840
     55 1841
     57 1842
     62 1843
     61 1844
     70 1845
     70 1846
     68 1847
     60 1848
     71 1849
     64 1850
     56 1851
     65 1852
     66 1853
     60 1854
     82 1855
     60 1856
     52 1857
     59 1858
     69 1859
     55 1860
     62 1861
     57 1862
     53 1863
     55 1864
     80 1865
     57 1866
     61 1867
     60 1868
     50 1869
     58 1870
     78 1871
     69 1872
     63 1873
     68 1874
     65 1875
     60 1876
     65 1877
     59 1878
     63 1879
     52 1880
     57 1881
     66 1882
     57 1883
     80 1884
     56 1885
     48 1886
     80 1887
     59 1888
     60 1889
     62 1890
     68 1891
     60 1892
     61 1893
     54 1894
     69 1895
     67 1896
     42 1897
     48 1898
     63 1899
     51 1900
     49 1901
     54 1902
     48 1903
     61 1904
     43 1905
     56 1906
     68 1907
     47 1908
     46 1909
     47 1910
     48 1911
     60 1912
     50 1913
     55 1914
     57 1915
     46 1916
     57 1917
     62 1918
     64 1919
     58 1920
     49 1921
     53 1922
     60 1923
     52 1924
     43 1925
     53 1926
     71 1927
     48 1928
     64 1929
     54 1930
     62 1931
     59 1932
     62 1933
     64 1934
     45 1935
     66 1936
     52 1937
     67 1938
     54 1939
     43 1940
     64 1941
     79 1942
     51 1943
     50 1944
     55 1945
     70 1946
     39 1947
     42 1948
     55 1949
     55 1950
     67 1951
     51 1952
     66 1953
     47 1954
     68 1955
     41 1956
     66 1957
     60 1958
     59 1959
     58 1960
     63 1961
     61 1962
     67 1963
     49 1964
     42 1965
     64 1966
     52 1967
     61 1968
     56 1969
     45 1970
     48 1971
     50 1972
     54 1973
     39 1974
     55 1975
     49 1976
     50 1977
     54 1978
     56 1979
     67 1980
     45 1981
     54 1982
     48 1983
     69 1984
     59 1985
     52 1986
     51 1987
     52 1988
     46 1989
     55 1990
     54 1991
     50 1992
     52 1993
     51 1994
     47 1995
     38 1996
     58 1997
     57 1998
     63 1999
     57 2000
     61 2001
     47 2002
     64 2003
     64 2004
     54 2005
     53 2006
     47 2007
     48 2008
     42 2009
     53 2010
     53 2011
     52 2012
     44 2013
     44 2014
     58 2015
     56 2016
     61 2017
     51 2018
     50 2019
     54 2020
     58 2021
     58 2022
     45 2023
     38 2024
     45 2025
     43 2026
     39 2027
     45 2028
     46 2029
     49 2030
     45 2031
     49 2032
     49 2033
     48 2034
     52 2035
     41 2036
     33 2037
     45 2038
     46 2039
     45 2040
     44 2041
     54 2042
     45 2043
     51 2044
     48 2045
     60 2046
     33 2047
     41 2048
     48 2049
     34 2050
     48 2051
     50 2052
     54 2053
     47 2054
     38 2055
     53 2056
     48 2057
     44 2058
     48 2059
     46 2060
     48 2061
     45 2062
     47 2063
     36 2064
     47 2065
     47 2066
     45 2067
     43 2068
     47 2069
     32 2070
     47 2071
     40 2072
     61 2073
     45 2074
     50 2075
     53 2076
     44 2077
     28 2078
     43 2079
     50 2080
     54 2081
     41 2082
     59 2083
     48 2084
     44 2085
     39 2086
     38 2087
     41 2088
     50 2089
     50 2090
     47 2091
     42 2092
     40 2093
     37 2094
     47 2095
     42 2096
     35 2097
     40 2098
     34 2099
     43 2100
     41 2101
     45 2102
     45 2103
     41 2104
     56 2105
     35 2106
     51 2107
     48 2108
     37 2109
     36 2110
     47 2111
     58 2112
     41 2113
     38 2114
     35 2115
     36 2116
     42 2117
     41 2118
     42 2119
     42 2120
     38 2121
     48 2122
     46 2123
     46 2124
     36 2125
     42 2126
     39 2127
     45 2128
     42 2129
     44 2130
     42 2131
     27 2132
     38 2133
     53 2134
     46 2135
     35 2136
     49 2137
     48 2138
     49 2139
     39 2140
     44 2141
     34 2142
     40 2143
     43 2144
     31 2145
     35 2146
     47 2147
     46 2148
     36 2149
     44 2150
     40 2151
     37 2152
     47 2153
     46 2154
     47 2155
     44 2156
     48 2157
     45 2158
     39 2159
     53 2160
     35 2161
     40 2162
     36 2163
     41 2164
     39 2165
     42 2166
     38 2167
     46 2168
     40 2169
     51 2170
     43 2171
     50 2172
     46 2173
     39 2174
     62 2175
     37 2176
     42 2177
     57 2178
     46 2179
     35 2180
     44 2181
     47 2182
     43 2183
     46 2184
     55 2185
     42 2186
     31 2187
     39 2188
     41 2189
     49 2190
     48 2191
     48 2192
     60 2193
     35 2194
     41 2195
     41 2196
     42 2197
     49 2198
     47 2199
     33 2200
     48 2201
     47 2202
     34 2203
     39 2204
     44 2205
     36 2206
     44 2207
     43 2208
     41 2209
     30 2210
     38 2211
     43 2212
     48 2213
     43 2214
     39 2215
     41 2216
     40 2217
     36 2218
     57 2219
     37 2220
     33 2221
     39 2222
     38 2223
     37 2224
     40 2225
     50 2226
     45 2227
     36 2228
     44 2229
     42 2230
     43 2231
     52 2232
     56 2233
     38 2234
     41 2235
     40 2236
     40 2237
     47 2238
     48 2239
     38 2240
     52 2241
     52 2242
     40 2243
     36 2244
     51 2245
     37 2246
     40 2247
     54 2248
     52 2249
     33 2250
     33 2251
     55 2252
     34 2253
     45 2254
     43 2255
     38 2256
     48 2257
     44 2258
     45 2259
     36 2260
     41 2261
     34 2262
     41 2263
     39 2264
     31 2265
     44 2266
     48 2267
     41 2268
     50 2269
     55 2270
     39 2271
     43 2272
     49 2273
     48 2274
     42 2275
     44 2276
     51 2277
     36 2278
     59 2279
     49 2280
     40 2281
     42 2282
     51 2283
     40 2284
     45 2285
     36 2286
     44 2287
     36 2288
     40 2289
     52 2290
     46 2291
     46 2292
     49 2293
     57 2294
     39 2295
     49 2296
     41 2297
     48 2298
     40 2299
     47 2300
     46 2301
     42 2302
     49 2303
     47 2304
     52 2305
     41 2306
     42 2307
     41 2308
     56 2309
     52 2310
     42 2311
     34 2312
     45 2313
     48 2314
     40 2315
     47 2316
     47 2317
     47 2318
     49 2319
     38 2320
     54 2321
     49 2322
     40 2323
     38 2324
     53 2325
     40 2326
     47 2327
     49 2328
     40 2329
     32 2330
     48 2331
     53 2332
     47 2333
     43 2334
     41 2335
     33 2336
     56 2337
     40 2338
     53 2339
     46 2340
     38 2341
     40 2342
     47 2343
     48 2344
     45 2345
     44 2346
     41 2347
     41 2348
     45 2349
     34 2350
     49 2351
     30 2352
     44 2353
     44 2354
     41 2355
     64 2356
     38 2357
     59 2358
     43 2359
     52 2360
     42 2361
     45 2362
     44 2363
     33 2364
     43 2365
     41 2366
     51 2367
     55 2368
     47 2369
     52 2370
     41 2371
     45 2372
     36 2373
     37 2374
     49 2375
     37 2376
     37 2377
     46 2378
     41 2379
     30 2380
     39 2381
     36 2382
     47 2383
     36 2384
     51 2385
     48 2386
     44 2387
     37 2388
     34 2389
     34 2390
     36 2391
     46 2392
     36 2393
     47 2394
     38 2395
     35 2396
     42 2397
     42 2398
     43 2399
     32 2400
     48 2401
     41 2402
     43 2403
     38 2404
     44 2405
     48 2406
     35 2407
     40 2408
     44 2409
     56 2410
     39 2411
     46 2412
     36 2413
     42 2414
     40 2415
     36 2416
     45 2417
     43 2418
     39 2419
     50 2420
     48 2421
     49 2422
     54 2423
     37 2424
     43 2425
     41 2426
     44 2427
     36 2428
     30 2429
     58 2430
     41 2431
     56 2432
     52 2433
     58 2434
     38 2435
     47 2436
     37 2437
     50 2438
     34 2439
     50 2440
     56 2441
     54 2442
     47 2443
     47 2444
     48 2445
     52 2446
     45 2447
     55 2448
     43 2449
     49 2450
     41 2451
     35 2452
     47 2453
     46 2454
     38 2455
     39 2456
     36 2457
     52 2458
     38 2459
     48 2460
     50 2461
     42 2462
     44 2463
     44 2464
     59 2465
     36 2466
     41 2467
     46 2468
     53 2469
     48 2470
     47 2471
     40 2472
     53 2473
     39 2474
     38 2475
     51 2476
     38 2477
     33 2478
     41 2479
     49 2480
     51 2481
     40 2482
     42 2483
     50 2484
     54 2485
     48 2486
     51 2487
     42 2488
     46 2489
     43 2490
     49 2491
     47 2492
     37 2493
     36 2494
     53 2495
     57 2496
     53 2497
     42 2498
     45 2499
     39 2500
     59 2501
     46 2502
     53 2503
     41 2504
     52 2505
     47 2506
     51 2507
     41 2508
     45 2509
     55 2510
     48 2511
     55 2512
     44 2513
     42 2514
     47 2515
     49 2516
     54 2517
     48 2518
     41 2519
     54 2520
     50 2521
     43 2522
     44 2523
     55 2524
     62 2525
     49 2526
     50 2527
     50 2528
     60 2529
     60 2530
     49 2531
     55 2532
     49 2533
     58 2534
     50 2535
     50 2536
     41 2537
     46 2538
     44 2539
     49 2540
     56 2541
     39 2542
     49 2543
     62 2544
     54 2545
     52 2546
     64 2547
     53 2548
     53 2549
     36 2550
     49 2551
     49 2552
     46 2553
     56 2554
     49 2555
     52 2556
     47 2557
     42 2558
     55 2559
     47 2560
     42 2561
     42 2562
     45 2563
     42 2564
     39 2565
     41 2566
     46 2567
     48 2568
     42 2569
     46 2570
     53 2571
     50 2572
     35 2573
     56 2574
     57 2575
     59 2576
     50 2577
     44 2578
     53 2579
     43 2580
     52 2581
     62 2582
     42 2583
     51 2584
     46 2585
     40 2586
     50 2587
     43 2588
     40 2589
     53 2590
     57 2591
     46 2592
     52 2593
     46 2594
     36 2595
     50 2596
     48 2597
     44 2598
     47 2599
     59 2600
     46 2601
     43 2602
     68 2603
     55 2604
     38 2605
     48 2606
     55 2607
     53 2608
     38 2609
     54 2610
     51 2611
     51 2612
     47 2613
     40 2614
     53 2615
     58 2616
     53 2617
     48 2618
     46 2619
     53 2620
     50 2621
     55 2622
     53 2623
     46 2624
     56 2625
     55 2626
     41 2627
     54 2628
     59 2629
     49 2630
     63 2631
     51 2632
     63 2633
     58 2634
     52 2635
     47 2636
     53 2637
     56 2638
     58 2639
     44 2640
     57 2641
     70 2642
     63 2643
     41 2644
     43 2645
     48 2646
     64 2647
     51 2648
     52 2649
     37 2650
     45 2651
     51 2652
     58 2653
     49 2654
     57 2655
     53 2656
     41 2657
     52 2658
     43 2659
     49 2660
     50 2661
     48 2662
     53 2663
     45 2664
     59 2665
     50 2666
     52 2667
     56 2668
     51 2669
     52 2670
     74 2671
     59 2672
     70 2673
     50 2674
     48 2675
     60 2676
     32 2677
     59 2678
     62 2679
     51 2680
     36 2681
     54 2682
     61 2683
     65 2684
     53 2685
     58 2686
     50 2687
     62 2688
     66 2689
     51 2690
     54 2691
     57 2692
     63 2693
     48 2694
     49 2695
     40 2696
     53 2697
     77 2698
     56 2699
     62 2700
     46 2701
     57 2702
     56 2703
     43 2704
     63 2705
     61 2706
     60 2707
     52 2708
     57 2709
     48 2710
     56 2711
     71 2712
     43 2713
     53 2714
     51 2715
     38 2716
     64 2717
     52 2718
     60 2719
     69 2720
     64 2721
     51 2722
     49 2723
     59 2724
     58 2725
     58 2726
     57 2727
     39 2728
     55 2729
     47 2730
     62 2731
     58 2732
     42 2733
     56 2734
     45 2735
     49 2736
     58 2737
     56 2738
     65 2739
     44 2740
     53 2741
     42 2742
     50 2743
     47 2744
     51 2745
     58 2746
     50 2747
     42 2748
     55 2749
     49 2750
     53 2751
     55 2752
     39 2753
     36 2754
     45 2755
     47 2756
     41 2757
     43 2758
     50 2759
     58 2760
     63 2761
     60 2762
     50 2763
     53 2764
     46 2765
     50 2766
     51 2767
     55 2768
     37 2769
     58 2770
     45 2771
     44 2772
     44 2773
     50 2774
     51 2775
     48 2776
     52 2777
     44 2778
     49 2779
     41 2780
     43 2781
     33 2782
     45 2783
     55 2784
     41 2785
     41 2786
     48 2787
     54 2788
     54 2789
     44 2790
     44 2791
     51 2792
     48 2793
     54 2794
     58 2795
     51 2796
     55 2797
     39 2798
     39 2799
     55 2800
     53 2801
     47 2802
     38 2803
     51 2804
     42 2805
     42 2806
     38 2807
     45 2808
     35 2809
     42 2810
     53 2811
     39 2812
     44 2813
     41 2814
     46 2815
     45 2816
     54 2817
     44 2818
     39 2819
     50 2820
     59 2821
     42 2822
     47 2823
     42 2824
     51 2825
     37 2826
     39 2827
     64 2828
     56 2829
     56 2830
     39 2831
     45 2832
     39 2833
     52 2834
     56 2835
     51 2836
     43 2837
     44 2838
     46 2839
     52 2840
     39 2841
     45 2842
     57 2843
     40 2844
     43 2845
     49 2846
     56 2847
     39 2848
     66 2849
     47 2850
     41 2851
     43 2852
     41 2853
     47 2854
     50 2855
     51 2856
     40 2857
     54 2858
     36 2859
     41 2860
     47 2861
     40 2862
     47 2863
     48 2864
     40 2865
     31 2866
     44 2867
     30 2868
     44 2869
     50 2870
     46 2871
     40 2872
     43 2873
     39 2874
     38 2875
     50 2876
     40 2877
     45 2878
     32 2879
     38 2880
     48 2881
     39 2882
     31 2883
     50 2884
     41 2885
     30 2886
     41 2887
     32 2888
     37 2889
     33 2890
     47 2891
     41 2892
     42 2893
     32 2894
     50 2895
     31 2896
     49 2897
     32 2898
     41 2899
     43 2900
     29 2901
     42 2902
     42 2903
     39 2904
     34 2905
     44 2906
     40 2907
     46 2908
     37 2909
     31 2910
     37 2911
     49 2912
     23 2913
     39 2914
     38 2915
     39 2916
     46 2917
     53 2918
     25 2919
     46 2920
     32 2921
     29 2922
     30 2923
     28 2924
     29 2925
     47 2926
     39 2927
     35 2928
     35 2929
     39 2930
     38 2931
     30 2932
     37 2933
     35 2934
     31 2935
     41 2936
     33 2937
     33 2938
     39 2939
     28 2940
     40 2941
     26 2942
     33 2943
     45 2944
     32 2945
     39 2946
     24 2947
     31 2948
     40 2949
     27 2950
     30 2951
     38 2952
     27 2953
     26 2954
     36 2955
     31 2956
     32 2957
     34 2958
     28 2959
     35 2960
     34 2961
     26 2962
     29 2963
     29 2964
     38 2965
     24 2966
     31 2967
     33 2968
     40 2969
     35 2970
     30 2971
     28 2972
     32 2973
     27 2974
     33 2975
     29 2976
     17 2977
     31 2978
     34 2979
     22 2980
     28 2981
     34 2982
     23 2983
     32 2984
     20 2985
     21 2986
     34 2987
     33 2988
     40 2989
     33 2990
     26 2991
     17 2992
     30 2993
     33 2994
     34 2995
     37 2996
     25 2997
     22 2998
     24 2999
     27 3000
     28 3001
     27 3002
     28 3003
     32 3004
     25 3005
     27 3006
     23 3007
     23 3008
     29 3009
     25 3010
     36 3011
     24 3012
     32 3013
     26 3014
     31 3015
     31 3016
     30 3017
     30 3018
     38 3019
     31 3020
     32 3021
     26 3022
     29 3023
     30 3024
     25 3025
     23 3026
     27 3027
     30 3028
     31 3029
     34 3030
     23 3031
     16 3032
     24 3033
     25 3034
     25 3035
     28 3036
     22 3037
     30 3038
     24 3039
     22 3040
     27 3041
     21 3042
     18 3043
     21 3044
     28 3045
     29 3046
     29 3047
     24 3048
     23 3049
     25 3050
     29 3051
     19 3052
     26 3053
     21 3054
     23 3055
     22 3056
     21 3057
     20 3058
     22 3059
     20 3060
     23 3061
     23 3062
     27 3063
     20 3064
     18 3065
     25 3066
     28 3067
     24 3068
     23 3069
     26 3070
     22 3071
     21 3072
     20 3073
     20 3074
     23 3075
     24 3076
     15 3077
     17 3078
     33 3079
     27 3080
     24 3081
     26 3082
     26 3083
     23 3084
     25 3085
     21 3086
     21 3087
     20 3088
     23 3089
     20 3090
     27 3091
     28 3092
     25 3093
     16 3094
     20 3095
     18 3096
     24 3097
     27 3098
     22 3099
     20 3100
     24 3101
     25 3102
     14 3103
     33 3104
     19 3105
     18 3106
     17 3107
     22 3108
     23 3109
     30 3110
     18 3111
     20 3112
     31 3113
     15 3114
     25 3115
     19 3116
     26 3117
     24 3118
     26 3119
     12 3120
     22 3121
     23 3122
     17 3123
     19 3124
     16 3125
     18 3126
     19 3127
     26 3128
     23 3129
     20 3130
     19 3131
     21 3132
     27 3133
     32 3134
     17 3135
     13 3136
     20 3137
     11 3138
     22 3139
     14 3140
     24 3141
     25 3142
     21 3143
     22 3144
     17 3145
     22 3146
     19 3147
     17 3148
     23 3149
     21 3150
     18 3151
     21 3152
     22 3153
     20 3154
     20 3155
     15 3156
     13 3157
     19 3158
     16 3159
     21 3160
     29 3161
     19 3162
     17 3163
     18 3164
     15 3165
     17 3166
     20 3167
     15 3168
     18 3169
     14 3170
     12 3171
     30 3172
     16 3173
     13 3174
     26 3175
     11 3176
     18 3177
     16 3178
     11 3179
     19 3180
     11 3181
     16 3182
     20 3183
     20 3184
     21 3185
     17 3186
     17 3187
     18 3188
     16 3189
     26 3190
     16 3191
     19 3192
     21 3193
     17 3194
     12 3195
     21 3196
     18 3197
     14 3198
     12 3199
     21 3200
     15 3201
     13 3202
     16 3203
     14 3204
     13 3205
     19 3206
     19 3207
     17 3208
      8 3209
     20 3210
     11 3211
     14 3212
     19 3213
     15 3214
     16 3215
     14 3216
     19 3217
     14 3218
     13 3219
     13 3220
     16 3221
     13 3222
     19 3223
     16 3224
     19 3225
     10 3226
     10 3227
     13 3228
     25 3229
     18 3230
     15 3231
     19 3232
     19 3233
     21 3234
     13 3235
     15 3236
     14 3237
     22 3238
     21 3239
     18 3240
     14 3241
     14 3242
     18 3243
     15 3244
     18 3245
     22 3246
     14 3247
     14 3248
     13 3249
     20 3250
     15 3251
     12 3252
     18 3253
     19 3254
     15 3255
     12 3256
     17 3257
     12 3258
     13 3259
     18 3260
     18 3261
     20 3262
      9 3263
     16 3264
     20 3265
     13 3266
     18 3267
     15 3268
     22 3269
     14 3270
     11 3271
     11 3272
     26 3273
     18 3274
      9 3275
     11 3276
     19 3277
     11 3278
      7 3279
     11 3280
     20 3281
      8 3282
     17 3283
     15 3284
     19 3285
     12 3286
     20 3287
      8 3288
     12 3289
     15 3290
      5 3291
     13 3292
      8 3293
     13 3294
      8 3295
     17 3296
     14 3297
     17 3298
     11 3299
      9 3300
     15 3301
      7 3302
     20 3303
      8 3304
     12 3305
      6 3306
     16 3307
     10 3308
      9 3309
     12 3310
      6 3311
     14 3312
     15 3313
     14 3314
     14 3315
     11 3316
     13 3317
     15 3318
     15 3319
     12 3320
     13 3321
     14 3322
     14 3323
     20 3324
     16 3325
     14 3326
     12 3327
     17 3328
     13 3329
     19 3330
     11 3331
     14 3332
     14 3333
     12 3334
     10 3335
      9 3336
      8 3337
     16 3338
     10 3339
      9 3340
     12 3341
     14 3342
      9 3343
     20 3344
      6 3345
     18 3346
     11 3347
     12 3348
     15 3349
     10 3350
     15 3351
     20 3352
     14 3353
     11 3354
     22 3355
     15 3356
     18 3357
     15 3358
     14 3359
     11 3360
     16 3361
     13 3362
      7 3363
     10 3364
     14 3365
     12 3366
     14 3367
     15 3368
      7 3369
      9 3370
     16 3371
     15 3372
     12 3373
     16 3374
     11 3375
     13 3376
     15 3377
     12 3378
     16 3379
     11 3380
     16 3381
     10 3382
     15 3383
     17 3384
     14 3385
     17 3386
     12 3387
     10 3388
     15 3389
     11 3390
     19 3391
     12 3392
     18 3393
     10 3394
     21 3395
     12 3396
      8 3397
     15 3398
      5 3399
      9 3400
     13 3401
      9 3402
     18 3403
     10 3404
      9 3405
      9 3406
     11 3407
     14 3408
      9 3409
     13 3410
     14 3411
     17 3412
      8 3413
      9 3414
      5 3415
     11 3416
     12 3417
     16 3418
     20 3419
     14 3420
     17 3421
     17 3422
     11 3423
      9 3424
     12 3425
      8 3426
     14 3427
     12 3428
     10 3429
     15 3430
      7 3431
     12 3432
     16 3433
      9 3434
     19 3435
     10 3436
     12 3437
     11 3438
      6 3439
      9 3440
      9 3441
     13 3442
     12 3443
     10 3444
      9 3445
      7 3446
     13 3447
     15 3448
     11 3449
     13 3450
     14 3451
     13 3452
     14 3453
      7 3454
     13 3455
     10 3456
     11 3457
     15 3458
     13 3459
      8 3460
      9 3461
      9 3462
      8 3463
     11 3464
     14 3465
     19 3466
      8 3467
     14 3468
     10 3469
      9 3470
     15 3471
     13 3472
     11 3473
     15 3474
     10 3475
      7 3476
     14 3477
     13 3478
      6 3479
     12 3480
     15 3481
     15 3482
     16 3483
     15 3484
      7 3485
     10 3486
     10 3487
      9 3488
      6 3489
      9 3490
     12 3491
     13 3492
     13 3493
     10 3494
      5 3495
     14 3496
     10 3497
      8 3498
     10 3499
     10 3500
     13 3501
     11 3502
     11 3503
      8 3504
     15 3505
     12 3506
     12 3507
     14 3508
     12 3509
      8 3510
     11 3511
     15 3512
     14 3513
      6 3514
      8 3515
     10 3516
     16 3517
     11 3518
     14 3519
      9 3520
     18 3521
     12 3522
     11 3523
     18 3524
     13 3525
      8 3526
      9 3527
      4 3528
     11 3529
     17 3530
     16 3531
     15 3532
     17 3533
     10 3534
     11 3535
     12 3536
     10 3537
     17 3538
     13 3539
      5 3540
      9 3541
     16 3542
     10 3543
     16 3544
     14 3545
     10 3546
      2 3547
      9 3548
      9 3549
      4 3550
      9 3551
     11 3552
     15 3553
     21 3554
     17 3555
      6 3556
     11 3557
     10 3558
     10 3559
     12 3560
      9 3561
     13 3562
      8 3563
     13 3564
      7 3565
     14 3566
     19 3567
     13 3568
     12 3569
     13 3570
     19 3571
     13 3572
     15 3573
     11 3574
     12 3575
     13 3576
     12 3577
     12 3578
     13 3579
     10 3580
     13 3581
      8 3582
     13 3583
     11 3584
     11 3585
     13 3586
     13 3587
     21 3588
      5 3589
      8 3590
     13 3591
     14 3592
      7 3593
     17 3594
      8 3595
     12 3596
     12 3597
     10 3598
     15 3599
      6 3600
     10 3601
      9 3602
     12 3603
     12 3604
      4 3605
      9 3606
      9 3607
      8 3608
     12 3609
      5 3610
      9 3611
     15 3612
     14 3613
     12 3614
     13 3615
     17 3616
      7 3617
     11 3618
     13 3619
     11 3620
     12 3621
      9 3622
      9 3623
      7 3624
      7 3625
      8 3626
     12 3627
      8 3628
      9 3629
     10 3630
      9 3631
      8 3632
     10 3633
     11 3634
      8 3635
     10 3636
     15 3637
     12 3638
     10 3639
     10 3640
     11 3641
      6 3642
     12 3643
      7 3644
     15 3645
      8 3646
      8 3647
     10 3648
     18 3649
     11 3650
     12 3651
      9 3652
     10 3653
     15 3654
     12 3655
     10 3656
     12 3657
     11 3658
      7 3659
     13 3660
     11 3661
     11 3662
      6 3663
      7 3664
      9 3665
     14 3666
     13 3667
      7 3668
     13 3669
     12 3670
     11 3671
      7 3672
     12 3673
     11 3674
     11 3675
     13 3676
     10 3677
      8 3678
      9 3679
     20 3680
      8 3681
     10 3682
      8 3683
     14 3684
      8 3685
     15 3686
      9 3687
     11 3688
     19 3689
      7 3690
      9 3691
     16 3692
      8 3693
     11 3694
     12 3695
      9 3696
      8 3697
     11 3698
      8 3699
      7 3700
     12 3701
      6 3702
     12 3703
      9 3704
     14 3705
      7 3706
      5 3707
      9 3708
     13 3709
      9 3710
      9 3711
     10 3712
      8 3713
      9 3714
     14 3715
     13 3716
     10 3717
     15 3718
     13 3719
     13 3720
      7 3721
     11 3722
     12 3723
      6 3724
     13 3725
      7 3726
     11 3727
     11 3728
     12 3729
      7 3730
     12 3731
     10 3732
     15 3733
     14 3734
     12 3735
     10 3736
      6 3737
     11 3738
      8 3739
      8 3740
     10 3741
     10 3742
      8 3743
      8 3744
      8 3745
      8 3746
     11 3747
     15 3748
      7 3749
     10 3750
      7 3751
     12 3752
     13 3753
      8 3754
     15 3755
     10 3756
      8 3757
     15 3758
     12 3759
     15 3760
      9 3761
     11 3762
      8 3763
     15 3764
     13 3765
     15 3766
     12 3767
      8 3768
     14 3769
      8 3770
      5 3771
     11 3772
     13 3773
     11 3774
      9 3775
     10 3776
      9 3777
      8 3778
     15 3779
     10 3780
     11 3781
      4 3782
     13 3783
      8 3784
      9 3785
      8 3786
     12 3787
      9 3788
     15 3789
     12 3790
     10 3791
     12 3792
     10 3793
      8 3794
     11 3795
      7 3796
     17 3797
     14 3798
     12 3799
     10 3800
      9 3801
     14 3802
     10 3803
     11 3804
      9 3805
     15 3806
     11 3807
      9 3808
     13 3809
     11 3810
     10 3811
      8 3812
     11 3813
      7 3814
      7 3815
     11 3816
      7 3817
      3 3818
      9 3819
      6 3820
      3 3821
     11 3822
     16 3823
     12 3824
     10 3825
      6 3826
      8 3827
      9 3828
     10 3829
     12 3830
     11 3831
     11 3832
      9 3833
      9 3834
     12 3835
      9 3836
      8 3837
     12 3838
     12 3839
     10 3840
     16 3841
     14 3842
      5 3843
      7 3844
     13 3845
     12 3846
     12 3847
     13 3848
      8 3849
      7 3850
      4 3851
     18 3852
     14 3853
      9 3854
      8 3855
     12 3856
     12 3857
     13 3858
     10 3859
     13 3860
      4 3861
      7 3862
     13 3863
     11 3864
      9 3865
      9 3866
     10 3867
      7 3868
      9 3869
     10 3870
      8 3871
      8 3872
     16 3873
      9 3874
      5 3875
     10 3876
     13 3877
      8 3878
      7 3879
      8 3880
     17 3881
      5 3882
      9 3883
     12 3884
      7 3885
     12 3886
     11 3887
     10 3888
     14 3889
      8 3890
      7 3891
     11 3892
      9 3893
      8 3894
     10 3895
     11 3896
     11 3897
      7 3898
     10 3899
     14 3900
      8 3901
     13 3902
      8 3903
      5 3904
      5 3905
      6 3906
     14 3907
      5 3908
     11 3909
     11 3910
     13 3911
      6 3912
     13 3913
     11 3914
      9 3915
     11 3916
     16 3917
      7 3918
      9 3919
     10 3920
     11 3921
     14 3922
      4 3923
      9 3924
      9 3925
      4 3926
     20 3927
      7 3928
      6 3929
      9 3930
     14 3931
     13 3932
     14 3933
     15 3934
     12 3935
     10 3936
      7 3937
      8 3938
     11 3939
      5 3940
      4 3941
     14 3942
      8 3943
     10 3944
      4 3945
      9 3946
     10 3947
      6 3948
     13 3949
      6 3950
      5 3951
      8 3952
     10 3953
      9 3954
      9 3955
      6 3956
      8 3957
     13 3958
     12 3959
     13 3960
     11 3961
      6 3962
      9 3963
      4 3964
      4 3965
      3 3966
      8 3967
      9 3968
      7 3969
      7 3970
      4 3971
     10 3972
      7 3973
      8 3974
      6 3975
      8 3976
      4 3977
      6 3978
      6 3979
      7 3980
      4 3981
      4 3982
      6 3983
     10 3984
      4 3985
      9 3986
     13 3987
     10 3988
      4 3989
     16 3990
     10 3991
     14 3992
      5 3993
      4 3994
      7 3995
     10 3996
      8 3997
      9 3998
     12 3999
      9 4000
     10 4001
      6 4002
      7 4003
      8 4004
     10 4005
     10 4006
     10 4007
      7 4008
      6 4009
     10 4010
      8 4011
      6 4012
      7 4013
      2 4014
      4 4015
      5 4016
     12 4017
      9 4018
      4 4019
      8 4020
      2 4021
     10 4022
      9 4023
      4 4024
      2 4025
      9 4026
      9 4027
      7 4028
     10 4029
      2 4030
      5 4031
      4 4032
     10 4033
     10 4034
      1 4035
      7 4036
      4 4037
      7 4038
      6 4039
      4 4040
      8 4041
     12 4042
      5 4043
      8 4044
      6 4045
      2 4046
     10 4047
      5 4048
      8 4049
      8 4050
      7 4051
      7 4052
      5 4053
     13 4054
      7 4055
     10 4056
      9 4057
      7 4058
      4 4059
      5 4060
      3 4061
      7 4062
      7 4063
      5 4064
      4 4065
      5 4066
      4 4067
     14 4068
      4 4069
      8 4070
      6 4071
      9 4072
     12 4073
     10 4074
     13 4075
     11 4076
      7 4077
      2 4078
      7 4079
     14 4080
      6 4081
      9 4082
     10 4083
     11 4084
      1 4085
     14 4086
     10 4087
     11 4088
      5 4089
      5 4090
      4 4091
      5 4092
      8 4093
      5 4094
      9 4095
      3 4096
      8 4097
      8 4098
      5 4099
      7 4100
      4 4101
      4 4102
      7 4103
     12 4104
      8 4105
     12 4106
     11 4107
      4 4108
      7 4109
      4 4110
      9 4111
      8 4112
      4 4113
      5 4114
      5 4115
      6 4116
      5 4117
      5 4118
     10 4119
      6 4120
      5 4121
      8 4122
      4 4123
      4 4124
      6 4125
      7 4126
      6 4127
     10 4128
      4 4129
      6 4130
     11 4131
     10 4132
      8 4133
      9 4134
      6 4135
     10 4136
      5 4137
      4 4138
      9 4139
      4 4140
     11 4141
      9 4142
      8 4143
      8 4144
      1 4145
      8 4146
      3 4147
      4 4148
     13 4149
     10 4150
     10 4151
      4 4152
      5 4153
      4 4154
      6 4155
      8 4156
     10 4157
      7 4158
      5 4159
      7 4160
      5 4161
      2 4162
      6 4163
      6 4164
     14 4165
      8 4166
     11 4167
      9 4168
      6 4169
      7 4170
      9 4171
      8 4172
     15 4173
      7 4174
      5 4175
      5 4176
     11 4177
      7 4178
      3 4179
      9 4180
      8 4181
      4 4182
      8 4183
     14 4185
      6 4186
      8 4187
      9 4188
     10 4189
      9 4190
     11 4191
      2 4192
      9 4193
      7 4194
      6 4195
      5 4196
      5 4197
      9 4198
      5 4199
      7 4200
      7 4201
      9 4202
     15 4203
      5 4204
      7 4205
     11 4206
     10 4207
      6 4208
     14 4209
      7 4210
      4 4211
      7 4212
     10 4213
      7 4214
      9 4215
      3 4216
      8 4217
      3 4218
      6 4219
      9 4220
      5 4221
      8 4222
     12 4223
      5 4224
      8 4225
      8 4226
     12 4227
      5 4228
      6 4229
      7 4230
      5 4231
      6 4232
      9 4233
     10 4234
      8 4235
      6 4236
     10 4237
      5 4238
      8 4239
      5 4240
      6 4241
      2 4242
      5 4243
     11 4244
      9 4245
      9 4246
      7 4247
      7 4248
     11 4249
     17 4250
     10 4251
      3 4252
      4 4253
      7 4254
      2 4255
      4 4256
      7 4257
      6 4258
      6 4259
      2 4260
     10 4261
     13 4262
     10 4263
     10 4264
      5 4265
      7 4266
      7 4267
      9 4268
      8 4269
      3 4270
      9 4271
      5 4272
      2 4273
      4 4274
      7 4275
      8 4276
     10 4277
      8 4278
      4 4279
      5 4280
      2 4281
      5 4282
     10 4283
     13 4284
      8 4285
      6 4286
      8 4287
      8 4288
      8 4289
      7 4290
      7 4291
      3 4292
      9 4293
      7 4294
      5 4295
     13 4296
     10 4297
     11 4298
      3 4299
      5 4300
      5 4301
      5 4302
     11 4303
     11 4304
      1 4305
      2 4306
      7 4307
      7 4308
      6 4309
      4 4310
      3 4311
      8 4312
      7 4313
      5 4314
      5 4315
     10 4316
      7 4317
      8 4318
      7 4319
      8 4320
      2 4321
      8 4322
      9 4323
      8 4324
      6 4325
      8 4326
      6 4327
      6 4328
      7 4329
      6 4330
     10 4331
      7 4332
      5 4333
      4 4334
      7 4335
      2 4336
      5 4337
     14 4338
     10 4339
      9 4340
      6 4341
      7 4342
      7 4343
      7 4344
      6 4345
      6 4346
      6 4347
      4 4348
      5 4349
      6 4350
     13 4351
      2 4352
      4 4353
      6 4354
      3 4355
      7 4356
      3 4357
      4 4358
      4 4359
      9 4360
      9 4361
      7 4362
     10 4363
      5 4364
      6 4365
      7 4366
     10 4367
      3 4368
      4 4369
      6 4370
      9 4371
      5 4372
      5 4373
     10 4374
      7 4375
      7 4376
     11 4377
      4 4378
     10 4379
      5 4380
      5 4381
      9 4382
      6 4383
     11 4384
      7 4385
      9 4386
     12 4387
     10 4388
      7 4389
      8 4390
     11 4391
      9 4392
     12 4393
      6 4394
      7 4395
      7 4396
      6 4397
     11 4398
      7 4399
     13 4400
     11 4401
      6 4402
      9 4403
      7 4404
      8 4405
      7 4406
      9 4407
     12 4408
      6 4409
      3 4410
      5 4411
     10 4412
      2 4413
      9 4414
      9 4415
      6 4416
      2 4417
     10 4418
      7 4419
      7 4420
     12 4421
      8 4422
     13 4423
      3 4424
      6 4425
      5 4426
      6 4427
      4 4428
      1 4429
     10 4430
      7 4431
      6 4432
      6 4433
      9 4434
      7 4435
      9 4436
      9 4437
     12 4438
      9 4439
      8 4440
      5 4441
      5 4442
      8 4443
      4 4444
      7 4445
      8 4446
     12 4447
     10 4448
      6 4449
     12 4450
      8 4451
      2 4452
      4 4453
      8 4454
     10 4455
      3 4456
      5 4457
     11 4458
      7 4459
      2 4460
     10 4461
      9 4462
      9 4463
      4 4464
      2 4465
      7 4466
      9 4467
      4 4468
      6 4469
      8 4470
      9 4471
      7 4472
      4 4473
     11 4474
      8 4475
      5 4476
      4 4477
      8 4478
      7 4479
      6 4480
      7 4481
      4 4482
      8 4483
      8 4484
      5 4485
      5 4486
      7 4487
     12 4488
      5 4489
      8 4490
      3 4491
      5 4492
      7 4493
     12 4494
      8 4495
      6 4496
      5 4497
      6 4498
      7 4499
      5 4500
      9 4501
      9 4502
      6 4503
     11 4504
      5 4505
     10 4506
      9 4507
      4 4508
      7 4509
      2 4510
      7 4511
      5 4512
      8 4513
     10 4514
      3 4515
      9 4516
     10 4517
      4 4518
     11 4519
      8 4520
      5 4521
      8 4522
      4 4523
      5 4524
      6 4525
      8 4526
      7 4527
      7 4528
      8 4529
      7 4530
      4 4531
      9 4532
      8 4533
      7 4534
      6 4535
      5 4536
      7 4537
      4 4538
      4 4539
      8 4540
     12 4541
      6 4542
      7 4543
      7 4544
      3 4545
      8 4546
     11 4547
      8 4548
      5 4549
      4 4550
     11 4551
     10 4552
      4 4553
      8 4554
      2 4555
     11 4556
      6 4557
      3 4558
      6 4559
      4 4560
      3 4561
      8 4562
      7 4563
      5 4564
      5 4565
      6 4566
      5 4567
      6 4568
      9 4569
      5 4570
      9 4571
      7 4572
      4 4573
      3 4574
      4 4575
      8 4576
      5 4577
      7 4578
      6 4579
      6 4580
      7 4581
      5 4582
      6 4583
     10 4584
      6 4585
      3 4586
      9 4587
      5 4588
      5 4589
      8 4590
      5 4591
      3 4592
      6 4593
      6 4594
      7 4595
      2 4596
      8 4597
      4 4598
      4 4599
      7 4601
      9 4602
      8 4603
      7 4604
      6 4605
     11 4606
      8 4607
      6 4608
      2 4609
      5 4610
      4 4611
      5 4612
      3 4613
      6 4614
      6 4615
      5 4616
      4 4617
      8 4618
      9 4619
     10 4620
      4 4621
      8 4622
      8 4623
      7 4624
      5 4625
      8 4626
      5 4627
      5 4628
      1 4629
      3 4630
      6 4631
      6 4632
      8 4633
      7 4634
      2 4636
      5 4637
      5 4638
      3 4639
      7 4640
      3 4641
      6 4642
      8 4643
      6 4644
      3 4645
      4 4646
      3 4647
      8 4648
      5 4649
      3 4650
      2 4651
      6 4652
      6 4653
      4 4654
      4 4655
      4 4656
      6 4657
      5 4658
      5 4659
      5 4660
      2 4661
      3 4662
      2 4663
      8 4664
      7 4665
     10 4666
      2 4667
      3 4668
      7 4669
      5 4670
      3 4671
      3 4672
      3 4673
      8 4674
      2 4675
      3 4676
      5 4677
      2 4678
      3 4679
      4 4680
      5 4681
      6 4682
      5 4683
      5 4684
      4 4685
      6 4686
      5 4687
      4 4688
      8 4689
      5 4690
      6 4691
      5 4692
      3 4693
      5 4695
      3 4696
      4 4697
      5 4698
      2 4699
      4 4700
      3 4701
      4 4702
     11 4703
      4 4704
      3 4705
      6 4706
      5 4707
      8 4708
      4 4709
      3 4710
      6 4711
      6 4712
      5 4713
      8 4714
      5 4715
     10 4716
     10 4717
      2 4718
      5 4719
      5 4720
      5 4721
      5 4722
      3 4723
      7 4724
      6 4725
      2 4726
      3 4727
      3 4728
      8 4729
      2 4730
      7 4731
      4 4732
      9 4733
      2 4734
      4 4735
      5 4736
      2 4737
      6 4738
      7 4739
      8 4740
      9 4741
      5 4742
      6 4743
      3 4744
      4 4745
      3 4746
      5 4747
      1 4748
      8 4749
      5 4750
      5 4751
      6 4752
      5 4753
      3 4754
      8 4755
      3 4756
      4 4757
      2 4758
      4 4759
      6 4760
      6 4761
      7 4762
      4 4763
      4 4764
      6 4765
      2 4766
      4 4767
      6 4768
      4 4769
      3 4770
      5 4771
      4 4772
      6 4773
      4 4774
      5 4775
      8 4776
      4 4777
      3 4778
      6 4779
      1 4780
      5 4781
      6 4782
      1 4783
      7 4784
      4 4785
      5 4786
      5 4787
      4 4788
      3 4789
      3 4790
      2 4791
      5 4792
      6 4793
      3 4794
      3 4795
      3 4796
     10 4797
      5 4798
      3 4799
      8 4800
      5 4801
      1 4802
      1 4803
      2 4804
      5 4805
      5 4806
      2 4807
      3 4808
      3 4809
      2 4810
      5 4811
      4 4812
      3 4813
      5 4814
      6 4815
     10 4816
      4 4817
      5 4818
      4 4819
      5 4820
      3 4821
      7 4822
      5 4823
      7 4824
      3 4825
      6 4826
      7 4827
      1 4828
      7 4829
      4 4830
      6 4831
      5 4832
      3 4833
      4 4835
      9 4836
      7 4837
      1 4838
      5 4839
      7 4840
      5 4841
      7 4842
      7 4843
      8 4844
      3 4845
      5 4846
      3 4847
      3 4848
      3 4849
      4 4850
      3 4851
      5 4852
      4 4853
      2 4854
      2 4855
      9 4856
      3 4857
      4 4858
      4 4859
      2 4860
      6 4861
      4 4862
      1 4863
      3 4864
      7 4865
      5 4866
      4 4867
      6 4868
      5 4869
      3 4870
      3 4871
      4 4872
      5 4873
      2 4874
      4 4875
      5 4876
      3 4877
      2 4878
      6 4879
      4 4880
      7 4881
      3 4882
      6 4883
      3 4884
      3 4885
      2 4886
      6 4887
      5 4888
      5 4889
      2 4890
      6 4891
      4 4892
      8 4893
      8 4894
      4 4895
      5 4896
      3 4897
      5 4898
      2 4899
      4 4900
      4 4901
      5 4902
      1 4903
      1 4904
      1 4905
      7 4906
      4 4907
      6 4908
      7 4909
      8 4910
      2 4911
      2 4912
      3 4913
      5 4914
      5 4915
      2 4916
      4 4917
      3 4918
      3 4919
      2 4920
      5 4921
      4 4922
      4 4923
      6 4924
      2 4925
      5 4926
      7 4927
      2 4928
      6 4929
      4 4930
      5 4931
      3 4932
      2 4933
      6 4934
      6 4935
      6 4936
      5 4937
      7 4939
      3 4940
      6 4941
      4 4942
      8 4943
      3 4944
      2 4945
      4 4946
      2 4947
      3 4948
      2 4949
      9 4950
      2 4951
      4 4952
      3 4953
      1 4954
      4 4955
      3 4956
      7 4957
      8 4958
      2 4959
      5 4960
      2 4961
      6 4962
      4 4963
      3 4964
      4 4965
      7 4966
      3 4968
      5 4969
      5 4970
      3 4971
      5 4972
      1 4973
      3 4974
      3 4975
      2 4976
      5 4977
      2 4978
      5 4979
      3 4980
      4 4981
      6 4982
      1 4983
      3 4984
      3 4985
      7 4986
      2 4987
      4 4988
      4 4989
      3 4990
      5 4991
      3 4992
      4 4993
      4 4994
      2 4995
      5 4996
      1 4997
      5 4998
      3 4999
      5 5000
      4 5001
      4 5002
      6 5003
      2 5004
      8 5005
      3 5006
      2 5007
      2 5008
      3 5009
      3 5010
      4 5011
      5 5012
      2 5013
      3 5014
      3 5015
      3 5016
      2 5017
      3 5018
      2 5019
      3 5020
      3 5021
      1 5022
      5 5023
      4 5024
      2 5025
      1 5026
      6 5027
      2 5028
      2 5029
      7 5030
      4 5031
      2 5032
      4 5033
      3 5034
      6 5035
      2 5036
      8 5037
      6 5038
      3 5040
      6 5041
      2 5042
      6 5043
      3 5044
      6 5045
      5 5046
      2 5047
      3 5048
      4 5049
      6 5050
      2 5051
      5 5052
      6 5053
      3 5054
      5 5055
      6 5056
      4 5057
      5 5058
      4 5059
      6 5060
      2 5061
      2 5062
      4 5063
      5 5064
      4 5065
      3 5066
      1 5067
      3 5068
      4 5071
      3 5072
      3 5073
      4 5074
      6 5075
      2 5076
      3 5077
      3 5078
      4 5079
      8 5080
      7 5081
      5 5082
      3 5083
      2 5084
      2 5085
      4 5086
      7 5087
      2 5088
      4 5089
      4 5090
      4 5091
      1 5092
      1 5093
      1 5094
      6 5095
      3 5096
      6 5097
      5 5098
      3 5099
      5 5100
      5 5101
      1 5102
      6 5103
      1 5104
      5 5105
      2 5106
      3 5107
      2 5108
      4 5109
      4 5110
      3 5111
      4 5114
      2 5115
      6 5116
      3 5117
      1 5118
      2 5119
      3 5120
      3 5121
      7 5122
      2 5123
      5 5124
      5 5125
      4 5126
      3 5127
      6 5128
      3 5129
      3 5130
      1 5131
      3 5132
      6 5133
      3 5134
      2 5135
      2 5136
      7 5137
      3 5138
      1 5139
      3 5140
      1 5141
      3 5142
      4 5143
      1 5144
      4 5145
      4 5146
      7 5147
      5 5148
      6 5149
      3 5150
      6 5151
      2 5152
      4 5153
      5 5154
      2 5155
      3 5156
      6 5157
      5 5158
      6 5159
      4 5160
      4 5161
      2 5162
      4 5163
      7 5164
      4 5165
      1 5166
      5 5167
      2 5168
      3 5169
      4 5170
      3 5171
      4 5172
      1 5173
      6 5174
      5 5175
      3 5176
      2 5177
      1 5178
      5 5179
      5 5180
      5 5181
      3 5182
      4 5183
      5 5184
      8 5185
      1 5186
      3 5187
      2 5188
      4 5189
      2 5190
      2 5191
      5 5192
      1 5193
      2 5194
      5 5195
      5 5196
      5 5197
      1 5198
      5 5199
      4 5200
      3 5201
      3 5202
      1 5203
      3 5204
      3 5205
      6 5207
      4 5208
      5 5209
      3 5210
      4 5211
      4 5212
      6 5213
      1 5214
      2 5215
      3 5216
      1 5217
      3 5218
      1 5219
      5 5220
      3 5221
      2 5222
      6 5223
      4 5224
      4 5225
      2 5226
      4 5227
      2 5228
      5 5229
      3 5230
      3 5231
      4 5232
      6 5233
      3 5234
      3 5235
      5 5236
      2 5237
      2 5238
      3 5239
      3 5240
      2 5241
      3 5242
      4 5243
      3 5244
      4 5245
      5 5246
      6 5247
      2 5248
      2 5249
      2 5250
      2 5251
      4 5252
      4 5253
      1 5254
      3 5255
      3 5256
      3 5257
      3 5258
      4 5259
      3 5260
      4 5262
      3 5263
      2 5264
      4 5265
      4 5266
      5 5267
      3 5268
      8 5269
      2 5270
      3 5271
      4 5272
      4 5273
      1 5274
      1 5275
      5 5276
      2 5277
      3 5278
      2 5279
      2 5280
      2 5281
      3 5282
      4 5283
      1 5284
      5 5285
      5 5286
      1 5287
      3 5288
      3 5289
      3 5290
      2 5291
      1 5292
      2 5293
      1 5294
      3 5295
      3 5296
      2 5298
      4 5299
      4 5300
      3 5301
      2 5302
      3 5303
      3 5304
      4 5305
      6 5306
      7 5307
      4 5308
      1 5309
      6 5310
      1 5311
      5 5312
      1 5313
      1 5314
      4 5316
      3 5317
      3 5318
      2 5319
      3 5320
      3 5321
      1 5322
      6 5323
      5 5324
      5 5325
      5 5326
      3 5327
      2 5328
      2 5329
      2 5330
      1 5331
      3 5332
      1 5333
      1 5334
      5 5335
      2 5336
      5 5337
      4 5338
      4 5339
      3 5340
      1 5341
      4 5342
      4 5343
      2 5344
      1 5345
      3 5346
      3 5347
      6 5348
      3 5349
      6 5350
      1 5351
      4 5352
      4 5353
      1 5354
      6 5355
      1 5356
      4 5357
      1 5358
      3 5359
      1 5360
      1 5361
      2 5362
      4 5363
      1 5364
      3 5365
      2 5366
      4 5367
      4 5368
      3 5369
      4 5370
      4 5371
      2 5372
      1 5373
      5 5374
      1 5375
      6 5376
      5 5377
      4 5378
      2 5380
      1 5381
      3 5382
      3 5383
      3 5384
      4 5385
      5 5386
      2 5387
      4 5388
      3 5389
      1 5390
      3 5391
      1 5392
      2 5393
      2 5394
      4 5395
      2 5396
      2 5397
      3 5398
      4 5399
      3 5400
      4 5402
      3 5403
      2 5404
      3 5405
      7 5406
      5 5407
      3 5408
      3 5409
      6 5410
      5 5411
      3 5412
      5 5413
      1 5416
      4 5417
      2 5418
      5 5419
      5 5420
      4 5421
      9 5422
      6 5423
      2 5424
      4 5425
      2 5426
      6 5427
      4 5428
      1 5429
      7 5430
      2 5431
      3 5432
      1 5433
      1 5434
      2 5435
      1 5436
      5 5437
      3 5438
      1 5439
      3 5440
      2 5441
      5 5442
      6 5443
      2 5444
      3 5445
      3 5446
      3 5447
      7 5448
      1 5449
      1 5450
      2 5451
      3 5452
      3 5453
      3 5456
      1 5457
      4 5458
      1 5459
      7 5460
      6 5461
      2 5462
      2 5463
      5 5464
      2 5465
      4 5466
      5 5467
      2 5468
      4 5469
      6 5470
      8 5472
      1 5473
      2 5474
      3 5475
      3 5476
      7 5477
      3 5478
      3 5479
      2 5480
      4 5481
      3 5482
      1 5483
      2 5484
      3 5485
      1 5486
      2 5487
      3 5488
      2 5489
      3 5490
      2 5491
      1 5492
      3 5493
      3 5494
      1 5495
      3 5497
      3 5498
      4 5499
      5 5500
      3 5501
      3 5502
      4 5504
      3 5505
      2 5506
      2 5508
      3 5509
      5 5510
      6 5511
      4 5512
      5 5513
      6 5514
      2 5515
      2 5516
      5 5517
      5 5518
      7 5519
      3 5520
      3 5521
      1 5522
      3 5523
      2 5524
      5 5525
      4 5526
      3 5527
      6 5528
      2 5529
      2 5530
      1 5532
      2 5533
      2 5534
      4 5535
      4 5536
      2 5537
      2 5538
      1 5540
      7 5541
      4 5542
      3 5543
      4 5544
      3 5545
      4 5546
      1 5547
      4 5548
      3 5549
      4 5550
      4 5551
      2 5552
      3 5553
      4 5554
      3 5555
      6 5556
      2 5558
      3 5559
      7 5560
      5 5561
      4 5562
      3 5563
      4 5564
      4 5565
      1 5567
      5 5568
      4 5570
      6 5571
      3 5572
      2 5573
      5 5574
      5 5575
      4 5576
      2 5577
      3 5579
      3 5580
      1 5581
      3 5582
      1 5583
      6 5584
      2 5585
      2 5586
      6 5587
      1 5588
      3 5589
      2 5590
      5 5591
      4 5592
      3 5593
      1 5594
      2 5595
      1 5596
      1 5597
      2 5598
      3 5599
      1 5600
      2 5601
      3 5602
      1 5603
      4 5604
      4 5605
      3 5606
      3 5607
      6 5608
      4 5610
      4 5611
      3 5612
      4 5613
      1 5614
      3 5615
      3 5616
      3 5617
      2 5618
      3 5619
      1 5620
      3 5621
      3 5622
      1 5624
      5 5625
      2 5626
      6 5627
      1 5628
      2 5629
      2 5631
      4 5632
      3 5633
      4 5634
      4 5635
      2 5636
      4 5638
      1 5639
      2 5641
      2 5642
      2 5643
      2 5644
      2 5645
      1 5646
      1 5647
      2 5648
      4 5649
      1 5651
      3 5652
      2 5653
      1 5654
      4 5655
      1 5656
      2 5657
      3 5659
      1 5660
      3 5661
      3 5662
      1 5663
      1 5664
      1 5665
      1 5666
      2 5667
      2 5668
      1 5669
      2 5671
      2 5672
      1 5673
      3 5674
      2 5675
      4 5676
      4 5677
      1 5678
      1 5679
      4 5680
      2 5681
      4 5682
      2 5683
      2 5684
      3 5685
      1 5686
      4 5687
      5 5688
      1 5689
      4 5690
      1 5691
      5 5692
      2 5693
      2 5694
      4 5695
      1 5696
      1 5697
      1 5698
      3 5699
      2 5701
      1 5702
      2 5703
      3 5705
      3 5706
      1 5707
      1 5708
      1 5709
      4 5711
      3 5712
      1 5713
      6 5714
      3 5715
      1 5716
      2 5717
      3 5718
      3 5719
      3 5720
      2 5721
      1 5722
      2 5723
      2 5724
      2 5725
      2 5727
      5 5728
      2 5729
      3 5730
      1 5731
      5 5732
      2 5733
      5 5734
      2 5735
      1 5736
      2 5737
      5 5738
      2 5739
      3 5740
      4 5741
      2 5742
      1 5744
      6 5745
      4 5746
      1 5747
      1 5748
      3 5749
      4 5750
      1 5751
      4 5753
      4 5754
      2 5755
      1 5756
      3 5757
      5 5758
      1 5760
      3 5761
      2 5762
      3 5763
      2 5765
      6 5766
      1 5767
      2 5768
      4 5769
      4 5770
      1 5771
      3 5772
      3 5773
      2 5774
      1 5775
      1 5776
      4 5777
      1 5778
      1 5779
      1 5780
      1 5781
      4 5782
      4 5783
      3 5784
      3 5786
      3 5787
      1 5788
      1 5789
      3 5790
      1 5791
      2 5792
      1 5793
      4 5794
      3 5796
      5 5797
      4 5798
      1 5799
      1 5800
      4 5801
      4 5802
      2 5803
      2 5804
      4 5805
      3 5808
      4 5809
      3 5810
      5 5811
      2 5812
      3 5813
      6 5814
      2 5815
      1 5816
      3 5817
      3 5818
      1 5819
      2 5820
      2 5821
      2 5822
      1 5823
      1 5824
      1 5826
      1 5827
      4 5828
      3 5829
      1 5831
      3 5832
      2 5833
      2 5834
      1 5835
      1 5837
      1 5838
      2 5839
      1 5840
      4 5841
      3 5843
      2 5844
      3 5845
      1 5846
      1 5847
      6 5848
      3 5849
      1 5850
      1 5851
      4 5852
      1 5853
      3 5856
      2 5857
      3 5858
      2 5860
      5 5861
      2 5862
      1 5864
      1 5865
      4 5866
      2 5867
      2 5869
      4 5870
      1 5871
      2 5872
      2 5874
      5 5875
      3 5876
      1 5877
      1 5878
      2 5879
      3 5880
      3 5882
      3 5883
      5 5884
      1 5885
      3 5886
      4 5887
      2 5888
      1 5889
      1 5890
      4 5891
      1 5893
      2 5894
      4 5895
      2 5896
      2 5897
      1 5899
      6 5900
      1 5901
      2 5903
      1 5904
      3 5905
      2 5906
      3 5907
      6 5908
      4 5909
      4 5910
      1 5911
      2 5912
      4 5913
      3 5914
      4 5915
      3 5916
      1 5917
      2 5918
      6 5919
      2 5920
      1 5921
      4 5923
      3 5924
      1 5925
      7 5926
      6 5927
      3 5928
      5 5929
      3 5930
      3 5932
      2 5933
      5 5934
      2 5935
      2 5936
      4 5937
      1 5938
      3 5939
      3 5940
      5 5941
      4 5942
      1 5943
      3 5944
      2 5946
      2 5947
      1 5948
      2 5949
      1 5950
      2 5951
      5 5952
      5 5953
      3 5954
      2 5955
      3 5956
      2 5957
      1 5959
      5 5960
      3 5961
      2 5963
      2 5964
      1 5965
      3 5966
      3 5967
      2 5969
      3 5970
      3 5971
      3 5972
      4 5973
      3 5974
      2 5975
      2 5976
      7 5977
      2 5978
      4 5979
      6 5980
      4 5981
      3 5983
      1 5984
      1 5985
      4 5986
      3 5987
      6 5988
      3 5989
      1 5990
      1 5991
      1 5992
      2 5993
      2 5994
      3 5995
      2 5997
      2 5999
      3 6000
      1 6001
      1 6002
      1 6003
      3 6004
      3 6005
      2 6006
      1 6007
      4 6008
      2 6009
      4 6010
      1 6011
      2 6012
      1 6013
      2 6014
      1 6015
      1 6017
      4 6018
      1 6019
      6 6020
      4 6021
      3 6022
      3 6023
      3 6024
      1 6025
      3 6026
      1 6027
      4 6028
      2 6029
      2 6030
      1 6031
      4 6032
      1 6033
      4 6034
      1 6035
      6 6036
      2 6037
      1 6038
      1 6039
      2 6040
      3 6041
      2 6042
      4 6043
      4 6044
      3 6045
      1 6046
      2 6047
      2 6048
      1 6049
      1 6051
      1 6052
      1 6053
      1 6055
      1 6056
      3 6057
      2 6058
      3 6059
      3 6060
      1 6061
      1 6062
      1 6063
      3 6064
      2 6065
      2 6066
      2 6067
      2 6068
      1 6069
      2 6070
      1 6071
      3 6072
      1 6073
      3 6074
      4 6075
      3 6076
      2 6077
      6 6078
      2 6079
      2 6080
      4 6081
      1 6082
      3 6083
      2 6084
      2 6085
      1 6086
      1 6087
      4 6088
      2 6089
      2 6090
      1 6092
      4 6093
      4 6094
      3 6095
      2 6096
      5 6097
      1 6098
      2 6099
      1 6100
      2 6101
      5 6102
      2 6103
      5 6104
      3 6106
      5 6107
      1 6108
      2 6109
      1 6110
      3 6111
      3 6112
      3 6113
      1 6114
      3 6115
      3 6116
      2 6117
      2 6118
      3 6119
      1 6121
      2 6122
      3 6123
      3 6124
      3 6125
      4 6126
      4 6127
      3 6128
      2 6129
      2 6130
      3 6131
      4 6132
      2 6133
      2 6134
      1 6135
      1 6136
      3 6137
      2 6138
      4 6140
      5 6141
      3 6142
      4 6143
      2 6144
      4 6145
      2 6146
      4 6147
      4 6148
      4 6149
      7 6150
      4 6151
      2 6152
      5 6153
      1 6154
      1 6155
      1 6156
      2 6157
      1 6158
      1 6159
      4 6160
      6 6161
      2 6162
      2 6163
      3 6164
      1 6165
      3 6166
      3 6167
      1 6168
      2 6169
      1 6170
      3 6171
      4 6172
      3 6173
      2 6174
      2 6177
      1 6178
      2 6179
      1 6181
      2 6182
      4 6183
      1 6185
      2 6186
      2 6187
      1 6188
      1 6189
      1 6190
      5 6191
      1 6192
      2 6193
      1 6194
      1 6195
      1 6196
      1 6197
      1 6198
      4 6200
      2 6201
      5 6202
      1 6204
      1 6205
      2 6206
      3 6207
      2 6208
      1 6209
      2 6211
      3 6212
      5 6213
      2 6214
      3 6215
      2 6216
      2 6218
      1 6219
      1 6220
      1 6221
      1 6222
      2 6224
      3 6225
      2 6226
      2 6227
      1 6228
      2 6229
      6 6231
      3 6232
      4 6233
      2 6235
      1 6236
      3 6237
      2 6238
      2 6239
      1 6240
      4 6242
      2 6244
      2 6245
      3 6247
      1 6248
      1 6249
      3 6250
      2 6251
      2 6254
      1 6255
      1 6257
      1 6259
      2 6260
      3 6261
      2 6262
      1 6263
      2 6265
      2 6266
      2 6268
      2 6271
      1 6273
      1 6274
      1 6275
      1 6276
      2 6277
      1 6278
      3 6280
      2 6282
      2 6283
      2 6284
      2 6285
      1 6286
      2 6289
      2 6290
      1 6291
      1 6292
      3 6295
      2 6297
      2 6299
      2 6300
      3 6301
      2 6302
      3 6303
      1 6305
      1 6306
      2 6307
      3 6308
      1 6309
      1 6310
      2 6311
      1 6312
      1 6313
      3 6314
      2 6315
      4 6316
      1 6318
      3 6319
      2 6320
      2 6323
      3 6324
      1 6325
      1 6326
      4 6327
      1 6328
      4 6329
      1 6330
      1 6331
      2 6332
      2 6333
      2 6334
      3 6335
      1 6336
      2 6337
      3 6338
      2 6339
      3 6342
      1 6343
      4 6344
      3 6345
      1 6346
      2 6347
      1 6348
      3 6349
      1 6350
      2 6351
      3 6352
      2 6353
      2 6354
      1 6359
      3 6360
      2 6361
      1 6362
      3 6363
      4 6364
      2 6365
      1 6366
      1 6367
      2 6368
      1 6369
      1 6372
      2 6373
      5 6374
      1 6376
      1 6377
      3 6380
      1 6381
      2 6382
      2 6384
      2 6385
      4 6386
      1 6387
      1 6388
      1 6389
      3 6390
      1 6391
      1 6392
      2 6393
      3 6394
      3 6395
      1 6396
      1 6397
      2 6398
      1 6400
      1 6401
      2 6402
      1 6403
      4 6404
      4 6405
      4 6406
      2 6407
      1 6410
      1 6411
      1 6412
      4 6413
      1 6414
      2 6415
      1 6416
      1 6417
      3 6418
      2 6419
      2 6423
      2 6424
      2 6425
      3 6426
      1 6427
      2 6428
      2 6429
      3 6430
      2 6431
      5 6432
      1 6433
      1 6434
      1 6435
      4 6436
      1 6437
      2 6439
      1 6440
      4 6441
      1 6442
      1 6443
      2 6444
      1 6445
      1 6446
      2 6447
      1 6448
      4 6449
      1 6450
      1 6453
      4 6455
      1 6456
      1 6457
      1 6458
      4 6459
      1 6460
      1 6461
      1 6462
      2 6463
      2 6464
      1 6465
      1 6466
      2 6467
      1 6468
      1 6469
      1 6470
      3 6472
      2 6474
      3 6475
      3 6476
      2 6477
      1 6479
      1 6481
      1 6482
      1 6487
      5 6488
      3 6489
      1 6490
      1 6491
      1 6492
      1 6493
      1 6495
      2 6496
      3 6498
      3 6499
      2 6500
      2 6501
      1 6502
      1 6503
      3 6504
      1 6505
      1 6506
      1 6507
      1 6509
      2 6510
      3 6513
      3 6514
      3 6516
      1 6517
      4 6518
      2 6519
      2 6521
      2 6522
      1 6523
      1 6525
      4 6527
      1 6528
      1 6532
      2 6534
      2 6535
      2 6536
      2 6537
      1 6538
      4 6540
      4 6541
      1 6542
      2 6544
      2 6545
      2 6547
      1 6549
      2 6550
      1 6551
      4 6554
      4 6555
      1 6556
      3 6557
      1 6559
      3 6564
      2 6565
      2 6566
      2 6567
      1 6569
      6 6571
      1 6572
      4 6573
      1 6574
      1 6577
      3 6578
      2 6580
      1 6581
      2 6582
      4 6583
      1 6584
      2 6585
      2 6586
      1 6587
      4 6588
      1 6589
      2 6590
      1 6591
      1 6592
      2 6593
      3 6595
      2 6596
      2 6597
      1 6598
      1 6599
      1 6600
      2 6602
      1 6603
      2 6605
      1 6607
      2 6608
      1 6609
      1 6611
      1 6614
      1 6615
      1 6617
      2 6618
      2 6619
      1 6620
      1 6621
      2 6622
      3 6624
      1 6626
      2 6627
      1 6628
      1 6629
      2 6630
      1 6631
      1 6632
      1 6633
      2 6635
      1 6636
      1 6637
      3 6638
      2 6639
      3 6640
      1 6641
      1 6642
      3 6645
      1 6646
      2 6647
      2 6648
      2 6649
      1 6650
      2 6652
      1 6654
      1 6656
      1 6657
      3 6658
      1 6660
      1 6662
      1 6663
      4 6664
      3 6665
      1 6666
      2 6667
      1 6669
      2 6670
      1 6671
      4 6672
      7 6674
      1 6675
      2 6676
      1 6677
      2 6682
      2 6684
      1 6685
      1 6686
      2 6687
      1 6688
      1 6689
      1 6691
      1 6694
      2 6695
      1 6697
      1 6698
      1 6701
      1 6702
      2 6703
      1 6704
      1 6705
      1 6707
      1 6709
      1 6710
      2 6711
      3 6713
      2 6718
      3 6719
      1 6720
      1 6723
      2 6724
      2 6725
      3 6727
      1 6728
      2 6729
      1 6730
      1 6731
      2 6732
      1 6733
      3 6734
      2 6738
      1 6739
      3 6740
      1 6741
      2 6743
      2 6744
      1 6745
      1 6746
      2 6747
      2 6749
      1 6750
      1 6752
      1 6753
      2 6754
      3 6756
      2 6757
      1 6758
      2 6759
      1 6760
      1 6761
      3 6762
      1 6765
      1 6766
      4 6767
      2 6773
      1 6774
      1 6775
      1 6776
      2 6777
      1 6779
      2 6780
      1 6782
      1 6784
      1 6787
      1 6788
      1 6791
      2 6792
      2 6793
      1 6795
      1 6797
      2 6798
      4 6800
      4 6801
      3 6804
      2 6807
      1 6808
      1 6809
      1 6810
      1 6812
      2 6815
      3 6816
      2 6817
      1 6818
      1 6820
      1 6821
      2 6822
      1 6823
      2 6826
      1 6827
      2 6828
      2 6829
      1 6830
      1 6831
      2 6833
      1 6834
      3 6835
      2 6836
      2 6837
      1 6838
      2 6839
      1 6840
      2 6842
      3 6843
      1 6844
      2 6845
      1 6847
      1 6849
      2 6850
      2 6851
      2 6852
      2 6853
      4 6854
      3 6855
      2 6856
      1 6857
      1 6858
      5 6859
      1 6860
      1 6861
      1 6862
      1 6863
      2 6864
      2 6865
      1 6866
      1 6867
      1 6868
      1 6869
      2 6871
      1 6873
      3 6874
      2 6875
      1 6877
      2 6879
      5 6880
      1 6881
      2 6883
      1 6884
      2 6885
      1 6886
      1 6887
      1 6889
      3 6891
      3 6892
      1 6893
      3 6894
      1 6896
      4 6897
      1 6898
      3 6899
      2 6900
      5 6902
      1 6903
      3 6904
      3 6905
      2 6908
      1 6909
      3 6910
      1 6911
      1 6912
      1 6913
      1 6915
      3 6917
      3 6918
      2 6920
      1 6921
      1 6922
      3 6923
      2 6924
      3 6925
      1 6926
      3 6927
      1 6928
      2 6930
      2 6931
      3 6932
      3 6933
      1 6934
      2 6935
      2 6936
      1 6937
      1 6938
      1 6939
      1 6940
      2 6941
      3 6942
      2 6943
      5 6944
      1 6945
      3 6946
      2 6949
      3 6950
      1 6951
      1 6952
      6 6953
      2 6955
      3 6956
      1 6957
      4 6958
      2 6960
      2 6962
      3 6963
      1 6964
      1 6965
      1 6966
      1 6967
      1 6968
      4 6969
      1 6971
      1 6972
      1 6973
      2 6974
      2 6975
      1 6976
      1 6978
      1 6979
      2 6980
      1 6981
      3 6982
      1 6983
      2 6984
      1 6985
      3 6986
      2 6987
      2 6988
      3 6989
      3 6991
      1 6992
      1 6993
      2 6994
      1 6995
      2 6996
      1 6998
      1 6999
      1 7001
      4 7002
      2 7004
      2 7005
      3 7008
      1 7009
      2 7010
      1 7011
      1 7012
      1 7014
      2 7015
      1 7017
      1 7018
      2 7019
      3 7022
      3 7023
      3 7024
      2 7025
      1 7026
      1 7028
      2 7029
      3 7030
      2 7031
      1 7033
      1 7034
      4 7035
      2 7036
      2 7038
      2 7039
      3 7040
      1 7041
      1 7045
      1 7047
      1 7048
      1 7049
      1 7051
      1 7052
      1 7053
      1 7055
      1 7057
      3 7059
      2 7061
      2 7062
      1 7063
      1 7064
      1 7065
      1 7066
      2 7067
      1 7069
      1 7070
      1 7074
      2 7075
      1 7077
      2 7079
      1 7082
      1 7083
      4 7084
      1 7085
      2 7086
      2 7087
      1 7090
      2 7091
      2 7092
      1 7096
      2 7098
      1 7099
      1 7100
      1 7101
      2 7102
      2 7103
      1 7106
      3 7107
      1 7108
      1 7109
      1 7110
      1 7111
      2 7112
      2 7115
      3 7118
      3 7119
      1 7120
      2 7121
      1 7122
      2 7126
      1 7128
      1 7129
      5 7130
      1 7131
      1 7132
      2 7133
      1 7135
      1 7137
      1 7138
      1 7139
      1 7143
      2 7146
      1 7147
      3 7149
      3 7150
      1 7152
      2 7153
      1 7154
      2 7157
      2 7158
      3 7160
      1 7164
      1 7166
      2 7167
      1 7170
      2 7171
      1 7172
      2 7175
      1 7176
      1 7177
      2 7178
      1 7180
      1 7181
      1 7183
      2 7184
      1 7186
      1 7188
      1 7189
      2 7190
      1 7191
      2 7193
      2 7194
      1 7197
      1 7203
      1 7204
      1 7206
      2 7207
      1 7208
      1 7209
      2 7210
      2 7211
      1 7213
      2 7214
      2 7215
      3 7216
      2 7218
      2 7219
      1 7220
      2 7221
      1 7226
      2 7227
      1 7228
      1 7231
      1 7232
      2 7233
      1 7235
      1 7236
      1 7237
      1 7238
      1 7239
      1 7242
      1 7243
      2 7245
      3 7246
      1 7247
      1 7248
      1 7250
      1 7251
      3 7253
      1 7256
      1 7258
      1 7259
      2 7261
      1 7262
      1 7263
      1 7264
      1 7265
      2 7267
      1 7268
      4 7270
      1 7271
      3 7274
      1 7275
      2 7277
      1 7278
      3 7279
      1 7280
      1 7281
      1 7282
      1 7283
      1 7285
      1 7286
      1 7287
      1 7288
      1 7289
      2 7291
      2 7292
      1 7293
      5 7294
      1 7295
      2 7297
      2 7299
      1 7301
      2 7303
      1 7305
      2 7306
      1 7307
      3 7308
      1 7311
      1 7313
      5 7315
      1 7317
      2 7318
      3 7319
      3 7320
      2 7322
      2 7324
      1 7327
      3 7328
      2 7334
      4 7335
      2 7336
      2 7337
      1 7338
      2 7339
      2 7340
      1 7343
      2 7344
      1 7346
      1 7347
      2 7348
      3 7349
      3 7350
      2 7351
      1 7352
      2 7354
      1 7355
      1 7356
      1 7357
      2 7358
      4 7359
      1 7363
      1 7364
      2 7365
      3 7367
      2 7368
      4 7369
      1 7370
      2 7372
      1 7373
      1 7374
      2 7376
      1 7377
      4 7378
      1 7380
      1 7381
      2 7382
      1 7383
      1 7388
      1 7389
      2 7391
      1 7393
      1 7394
      1 7395
      3 7397
      1 7398
      1 7399
      1 7403
      2 7405
      1 7406
      3 7407
      3 7408
      2 7409
      2 7411
      1 7416
      1 7418
      1 7419
      1 7422
      1 7424
      1 7425
      1 7429
      1 7430
      1 7433
      2 7434
      1 7437
      1 7439
      1 7440
      1 7441
      1 7442
      1 7445
      1 7447
      1 7448
      3 7450
      2 7452
      1 7455
      4 7457
      2 7460
      3 7461
      3 7462
      3 7463
      1 7464
      2 7465
      2 7466
      1 7467
      2 7469
      1 7471
      1 7472
      2 7473
      2 7474
      4 7476
      1 7477
      1 7479
      1 7481
      1 7483
      1 7484
      1 7488
      1 7492
      2 7493
      4 7495
      2 7496
      1 7497
      1 7501
      1 7502
      1 7503
      1 7504
      1 7505
      4 7507
      1 7509
      1 7510
      3 7511
      1 7513
      3 7515
      2 7518
      1 7519
      1 7520
      1 7521
      2 7523
      4 7524
      1 7525
      2 7526
      1 7529
      1 7530
      4 7533
      1 7535
      2 7537
      4 7538
      1 7539
      2 7540
      2 7541
      1 7542
      1 7543
      1 7544
      2 7549
      3 7550
      1 7551
      2 7552
      3 7553
      4 7554
      2 7555
      1 7556
      3 7557
      1 7559
      1 7561
      1 7562
      1 7564
      2 7568
      1 7569
      2 7570
      2 7571
      1 7573
      1 7575
      1 7576
      1 7577
      1 7579
      1 7580
      1 7582
      3 7583
      1 7584
      1 7585
      1 7586
      2 7587
      1 7588
      1 7590
      1 7591
      1 7592
      1 7593
      2 7595
      2 7597
      3 7598
      3 7599
      2 7601
      2 7603
      1 7604
      1 7605
      4 7607
      2 7608
      1 7609
      1 7610
      1 7611
      2 7612
      3 7613
      3 7614
      1 7618
      3 7626
      1 7627
      3 7628
      3 7629
      1 7633
      1 7634
      1 7635
      1 7636
      2 7637
      1 7638
      2 7640
      2 7641
      3 7642
      2 7643
      2 7646
      2 7647
      2 7649
      3 7650
      1 7651
      4 7652
      4 7654
      1 7655
      1 7656
      1 7657
      1 7658
      1 7659
      1 7660
      1 7661
      1 7662
      3 7666
      2 7667
      1 7668
      1 7669
      2 7670
      2 7672
      2 7673
      2 7674
      2 7675
      2 7676
      1 7677
      3 7678
      3 7679
      1 7680
      1 7681
      1 7684
      3 7685
      1 7688
      2 7689
      2 7690
      5 7692
      1 7693
      2 7695
      1 7697
      1 7698
      1 7699
      1 7700
      1 7701
      1 7703
      1 7706
      2 7707
      1 7708
      1 7709
      2 7710
      2 7711
      1 7712
      2 7713
      3 7714
      2 7715
      1 7716
      1 7718
      1 7719
      1 7722
      3 7723
      1 7724
      1 7725
      2 7726
      3 7727
      1 7728
      1 7729
      2 7731
      2 7732
      5 7734
      3 7736
      2 7737
      2 7738
      1 7739
      2 7740
      1 7741
      1 7742
      1 7743
      2 7744
      1 7745
      2 7747
      3 7748
      4 7749
      1 7751
      1 7752
      1 7754
      1 7756
      5 7758
      3 7759
      3 7761
      1 7763
      3 7764
      1 7765
      2 7766
      6 7767
      2 7768
      2 7770
      3 7771
      1 7773
      1 7774
      2 7775
      2 7776
      3 7777
      2 7778
      2 7779
      2 7780
      6 7781
      1 7782
      2 7784
      3 7785
      1 7786
      1 7787
      2 7788
      1 7789
      3 7790
      3 7791
      3 7792
      2 7794
      2 7797
      1 7798
      4 7800
      3 7801
      1 7802
      3 7803
      2 7804
      2 7805
      3 7806
      4 7808
      2 7809
      2 7810
      1 7811
      3 7812
      2 7813
      3 7815
      1 7816
      3 7817
      3 7818
      1 7819
      1 7820
      1 7821
      3 7822
      5 7823
      6 7824
      2 7825
      2 7826
      3 7827
      1 7828
      5 7829
      2 7830
      4 7831
      5 7832
      1 7833
      7 7834
      3 7835
      2 7836
      4 7837
      2 7839
      3 7840
      1 7841
      2 7842
      2 7843
      4 7844
      4 7845
      3 7846
      3 7847
      5 7848
      5 7849
      4 7850
      4 7851
      3 7852
      4 7853
      2 7854
      8 7855
      5 7856
      7 7857
      9 7858
      6 7859
      4 7860
      5 7861
      7 7862
     10 7863
      9 7864
      7 7865
      5 7866
     10 7867
      7 7868
     10 7869
     11 7870
      6 7871
      6 7872
     19 7873
     12 7874
     15 7875
     19 7876
     11 7877
     12 7878
     13 7879
      7 7880
      7 7881
     13 7882
     14 7883
     24 7884
     15 7885
     15 7886
     12 7887
     11 7888
     14 7889
     13 7890
     10 7891
      6 7892
     12 7893
      9 7894
     15 7895
     15 7896
     11 7897
     14 7898
      6 7899
     13 7900
     21 7901
      7 7902
     17 7903
     25 7904
     13 7905
     13 7906
     18 7907
     12 7908
     18 7909
     11 7910
      9 7911
     13 7912
      9 7913
     10 7914
     11 7915
     10 7916
     14 7917
     12 7918
     17 7919
      9 7920
     14 7921
     14 7922
     17 7923
     13 7924
     12 7925
     16 7926
     11 7927
     16 7928
     14 7929
     17 7930
     13 7931
     10 7932
     13 7933
     16 7934
     15 7935
     10 7936
     11 7937
     17 7938
     10 7939
      9 7940
     11 7941
     11 7942
     10 7943
     10 7944
     12 7945
     10 7946
      9 7947
     10 7948
     10 7949
      5 7950
      9 7951
     12 7952
      8 7953
     11 7954
      8 7955
      7 7956
     10 7957
      7 7958
      7 7959
      6 7960
      6 7961
      7 7962
      5 7963
      4 7964
      2 7965
      2 7966
      3 7967
      4 7968
      1 7970
      1 7972
      1 7973
      2 7975
      1 7976
      2 7977
      3 7978
      2 7979
      1 7982
      1 7983
      1 7984
      1 7986
      1 7994
      1 7995
