 252510 0
98880969 1
223913491 2
363546793 3
458838073 4
473791963 5
414752002 6
316025157 7
213665207 8
130486299 9
72871938 10
37886896 11
18639345 12
8885668 13
4272211 14
2202585 15
1268738 16
 836189 17
 622015 18
 498209 19
 415199 20
 357921 21
 311236 22
 274616 23
 247404 24
 218651 25
 198853 26
 178486 27
 160827 28
 146303 29
 131669 30
 118186 31
 107050 32
  96881 33
  88063 34
  79361 35
  72195 36
  65562 37
  59252 38
  55218 39
  50829 40
  47783 41
  45272 42
  41961 43
  39309 44
  38265 45
  35859 46
  34457 47
  33008 48
  31879 49
  30592 50
  29009 51
  28202 52
  27399 53
  27019 54
  25704 55
  24788 56
  23775 57
  23047 58
  22261 59
  21910 60
  21228 61
  20126 62
  19815 63
  19003 64
  18974 65
  18829 66
  18335 67
  17792 68
  17785 69
  17457 70
  17167 71
  16633 72
  16139 73
  15476 74
  14969 75
  15050 76
  14980 77
  14564 78
  15003 79
  14397 80
  14513 81
  14757 82
  14727 83
  14309 84
  14241 85
  14049 86
  14133 87
  13956 88
  13994 89
  13603 90
  13222 91
  13192 92
  13201 93
  13024 94
  13102 95
  12600 96
  12567 97
  12352 98
  11990 99
  12016 100
  11423 101
  11279 102
  10933 103
  10805 104
  10519 105
  10096 106
   9816 107
   9730 108
   9198 109
   8926 110
   8802 111
   8527 112
   7955 113
   7416 114
   7396 115
   7273 116
   6995 117
   6660 118
   6650 119
   6454 120
   6533 121
   6463 122
   6103 123
   6071 124
   5897 125
   5696 126
   5517 127
   5467 128
   5159 129
   5063 130
   5062 131
   5020 132
   4787 133
   4689 134
   4683 135
   4697 136
   4562 137
   4506 138
   4408 139
   4366 140
   4320 141
   4277 142
   4265 143
   4160 144
   4259 145
   4201 146
   4103 147
   4090 148
   4073 149
   4052 150
   3975 151
   3870 152
   3924 153
   3826 154
   3784 155
   3743 156
   3749 157
   3553 158
   3488 159
   3473 160
   3463 161
   3404 162
   3441 163
   3391 164
   3309 165
   3300 166
   3264 167
   3202 168
   3250 169
   3277 170
   3126 171
   3150 172
   3120 173
   2882 174
   2872 175
   2933 176
   2854 177
   2871 178
   2761 179
   2825 180
   2684 181
   2708 182
   2687 183
   2668 184
   2697 185
   2647 186
   2597 187
   2592 188
   2629 189
   2661 190
   2554 191
   2557 192
   2432 193
   2566 194
   2555 195
   2489 196
   2436 197
   2549 198
   2405 199
   2509 200
   2527 201
   2440 202
   2448 203
   2385 204
   2342 205
   2336 206
   2371 207
   2326 208
   2253 209
   2064 210
   2210 211
   2079 212
   2038 213
   2110 214
   2027 215
   2047 216
   2022 217
   1999 218
   2062 219
   1941 220
   1945 221
   2004 222
   1991 223
   1852 224
   1888 225
   1850 226
   1778 227
   1828 228
   1859 229
   1876 230
   1770 231
   1852 232
   1743 233
   1783 234
   1828 235
   1733 236
   1733 237
   1742 238
   1700 239
   1685 240
   1703 241
   1632 242
   1661 243
   1638 244
   1685 245
   1630 246
   1715 247
   1579 248
   1532 249
   1541 250
   1598 251
   1585 252
   1603 253
   1546 254
   1607 255
   1455 256
   1527 257
   1523 258
   1487 259
   1470 260
   1496 261
   1403 262
   1498 263
   1527 264
   1444 265
   1423 266
   1482 267
   1494 268
   1474 269
   1494 270
   1472 271
   1302 272
   1382 273
   1350 274
   1350 275
   1289 276
   1283 277
   1310 278
   1311 279
   1259 280
   1265 281
   1268 282
   1306 283
   1303 284
   1278 285
   1299 286
   1305 287
   1195 288
   1237 289
   1206 290
   1221 291
   1294 292
   1255 293
   1288 294
   1223 295
   1184 296
   1208 297
   1146 298
   1211 299
   1110 300
   1092 301
   1092 302
   1144 303
   1073 304
   1100 305
   1160 306
   1100 307
   1060 308
   1071 309
   1016 310
   1024 311
   1089 312
   1099 313
   1141 314
   1148 315
   1072 316
   1027 317
   1098 318
   1007 319
   1054 320
   1042 321
   1026 322
   1051 323
   1073 324
   1076 325
   1151 326
   1079 327
   1104 328
   1070 329
   1048 330
    992 331
   1041 332
   1075 333
   1002 334
   1008 335
   1182 336
   1034 337
   1021 338
   1018 339
   1002 340
    961 341
    909 342
    958 343
    884 344
   1006 345
    966 346
   1003 347
    973 348
    993 349
    951 350
    930 351
    957 352
    961 353
    937 354
    942 355
    916 356
    893 357
    943 358
    864 359
    891 360
    922 361
    838 362
    927 363
    868 364
    872 365
    848 366
    879 367
    863 368
    845 369
    857 370
    815 371
    908 372
    872 373
    879 374
    799 375
    852 376
    792 377
    810 378
    842 379
    834 380
    791 381
    826 382
    795 383
    845 384
    754 385
    837 386
    818 387
    791 388
    778 389
    715 390
    786 391
    707 392
    804 393
    718 394
    772 395
    759 396
    748 397
    759 398
    763 399
    769 400
    737 401
    709 402
    774 403
    704 404
    692 405
    721 406
    680 407
    694 408
    683 409
    701 410
    687 411
    731 412
    649 413
    703 414
    676 415
    686 416
    686 417
    671 418
    780 419
    722 420
    678 421
    714 422
    692 423
    669 424
    675 425
    677 426
    665 427
    640 428
    660 429
    630 430
    663 431
    650 432
    697 433
    694 434
    666 435
    639 436
    598 437
    638 438
    644 439
    655 440
    649 441
    676 442
    662 443
    659 444
    663 445
    657 446
    667 447
    643 448
    676 449
    651 450
    655 451
    658 452
    727 453
    669 454
    641 455
    631 456
    592 457
    642 458
    616 459
    607 460
    597 461
    678 462
    680 463
    619 464
    594 465
    575 466
    645 467
    608 468
    647 469
    656 470
    626 471
    594 472
    576 473
    578 474
    622 475
    613 476
    653 477
    626 478
    588 479
    626 480
    688 481
    633 482
    613 483
    600 484
    622 485
    589 486
    557 487
    587 488
    578 489
    548 490
    576 491
    570 492
    546 493
    597 494
    569 495
    565 496
    587 497
    592 498
    548 499
    564 500
    595 501
    567 502
    601 503
    623 504
    583 505
    538 506
    537 507
    473 508
    524 509
    540 510
    558 511
    556 512
    538 513
    530 514
    545 515
    527 516
    488 517
    530 518
    518 519
    491 520
    494 521
    565 522
    496 523
    512 524
    499 525
    481 526
    470 527
    482 528
    444 529
    509 530
    482 531
    483 532
    457 533
    491 534
    487 535
    467 536
    473 537
    489 538
    503 539
    500 540
    504 541
    498 542
    527 543
    500 544
    530 545
    546 546
    493 547
    472 548
    465 549
    503 550
    468 551
    472 552
    455 553
    453 554
    451 555
    430 556
    413 557
    419 558
    409 559
    409 560
    398 561
    389 562
    408 563
    409 564
    392 565
    442 566
    367 567
    396 568
    380 569
    407 570
    421 571
    368 572
    387 573
    373 574
    356 575
    389 576
    410 577
    373 578
    401 579
    387 580
    368 581
    366 582
    400 583
    376 584
    407 585
    393 586
    379 587
    370 588
    339 589
    389 590
    383 591
    373 592
    358 593
    387 594
    389 595
    359 596
    387 597
    376 598
    351 599
    328 600
    338 601
    354 602
    343 603
    338 604
    355 605
    327 606
    351 607
    333 608
    329 609
    344 610
    344 611
    362 612
    327 613
    366 614
    356 615
    346 616
    352 617
    308 618
    354 619
    334 620
    308 621
    329 622
    326 623
    344 624
    314 625
    332 626
    341 627
    328 628
    364 629
    351 630
    328 631
    324 632
    333 633
    316 634
    330 635
    335 636
    325 637
    325 638
    366 639
    324 640
    309 641
    319 642
    331 643
    347 644
    311 645
    326 646
    294 647
    309 648
    332 649
    344 650
    346 651
    334 652
    323 653
    345 654
    313 655
    326 656
    342 657
    344 658
    316 659
    312 660
    342 661
    325 662
    336 663
    332 664
    305 665
    335 666
    314 667
    330 668
    335 669
    318 670
    318 671
    284 672
    300 673
    348 674
    322 675
    362 676
    339 677
    322 678
    318 679
    355 680
    326 681
    326 682
    320 683
    332 684
    289 685
    326 686
    306 687
    348 688
    332 689
    308 690
    343 691
    351 692
    342 693
    318 694
    354 695
    371 696
    345 697
    322 698
    379 699
    326 700
    340 701
    309 702
    349 703
    331 704
    343 705
    340 706
    299 707
    321 708
    330 709
    304 710
    355 711
    324 712
    347 713
    301 714
    350 715
    322 716
    303 717
    296 718
    314 719
    314 720
    313 721
    324 722
    289 723
    307 724
    291 725
    295 726
    309 727
    320 728
    294 729
    325 730
    297 731
    298 732
    340 733
    313 734
    306 735
    288 736
    307 737
    323 738
    307 739
    296 740
    331 741
    324 742
    333 743
    300 744
    300 745
    310 746
    326 747
    311 748
    322 749
    299 750
    315 751
    288 752
    275 753
    305 754
    299 755
    260 756
    307 757
    295 758
    299 759
    302 760
    294 761
    267 762
    280 763
    307 764
    294 765
    323 766
    295 767
    244 768
    272 769
    273 770
    319 771
    313 772
    303 773
    293 774
    298 775
    294 776
    293 777
    297 778
    299 779
    278 780
    313 781
    297 782
    339 783
    305 784
    319 785
    286 786
    290 787
    279 788
    293 789
    287 790
    307 791
    287 792
    284 793
    304 794
    302 795
    281 796
    282 797
    317 798
    300 799
    330 800
    313 801
    329 802
    354 803
    301 804
    313 805
    300 806
    283 807
    297 808
    309 809
    321 810
    332 811
    328 812
    294 813
    327 814
    320 815
    280 816
    271 817
    312 818
    299 819
    290 820
    288 821
    333 822
    338 823
    316 824
    324 825
    309 826
    290 827
    305 828
    282 829
    280 830
    270 831
    270 832
    306 833
    284 834
    296 835
    322 836
    279 837
    305 838
    308 839
    323 840
    308 841
    279 842
    270 843
    272 844
    314 845
    272 846
    298 847
    307 848
    299 849
    310 850
    280 851
    285 852
    308 853
    258 854
    284 855
    307 856
    288 857
    285 858
    279 859
    296 860
    264 861
    295 862
    263 863
    290 864
    289 865
    295 866
    283 867
    299 868
    287 869
    283 870
    282 871
    259 872
    271 873
    280 874
    292 875
    284 876
    302 877
    282 878
    263 879
    283 880
    287 881
    267 882
    274 883
    278 884
    249 885
    264 886
    262 887
    310 888
    306 889
    263 890
    291 891
    269 892
    285 893
    264 894
    271 895
    285 896
    314 897
    303 898
    307 899
    283 900
    270 901
    293 902
    267 903
    271 904
    289 905
    224 906
    285 907
    256 908
    276 909
    250 910
    267 911
    262 912
    243 913
    261 914
    266 915
    244 916
    214 917
    254 918
    240 919
    279 920
    274 921
    225 922
    236 923
    257 924
    252 925
    262 926
    247 927
    230 928
    252 929
    251 930
    242 931
    227 932
    245 933
    271 934
    227 935
    256 936
    241 937
    233 938
    214 939
    218 940
    239 941
    229 942
    210 943
    230 944
    221 945
    222 946
    231 947
    223 948
    215 949
    246 950
    234 951
    227 952
    222 953
    234 954
    226 955
    219 956
    211 957
    198 958
    207 959
    244 960
    202 961
    208 962
    226 963
    217 964
    241 965
    207 966
    213 967
    225 968
    232 969
    207 970
    187 971
    202 972
    222 973
    217 974
    189 975
    196 976
    221 977
    184 978
    182 979
    184 980
    189 981
    184 982
    213 983
    197 984
    197 985
    187 986
    179 987
    182 988
    162 989
    191 990
    180 991
    180 992
    173 993
    201 994
    183 995
    193 996
    192 997
    195 998
    166 999
    187 1000
    194 1001
    183 1002
    187 1003
    175 1004
    185 1005
    193 1006
    178 1007
    193 1008
    161 1009
    213 1010
    150 1011
    185 1012
    179 1013
    193 1014
    186 1015
    172 1016
    179 1017
    164 1018
    202 1019
    167 1020
    173 1021
    132 1022
    174 1023
    184 1024
    155 1025
    168 1026
    168 1027
    172 1028
    142 1029
    168 1030
    201 1031
    146 1032
    184 1033
    140 1034
    161 1035
    133 1036
    178 1037
    160 1038
    155 1039
    146 1040
    183 1041
    170 1042
    172 1043
    175 1044
    162 1045
    174 1046
    192 1047
    163 1048
    158 1049
    177 1050
    176 1051
    155 1052
    126 1053
    178 1054
    152 1055
    156 1056
    146 1057
    184 1058
    131 1059
    163 1060
    164 1061
    161 1062
    150 1063
    154 1064
    154 1065
    178 1066
    159 1067
    164 1068
    151 1069
    155 1070
    157 1071
    170 1072
    141 1073
    143 1074
    149 1075
    137 1076
    150 1077
    139 1078
    121 1079
    121 1080
    129 1081
    147 1082
    159 1083
    131 1084
    133 1085
    128 1086
    136 1087
    157 1088
    163 1089
    138 1090
    115 1091
    137 1092
    139 1093
    138 1094
    141 1095
    133 1096
    124 1097
    146 1098
    139 1099
    124 1100
    139 1101
    142 1102
    135 1103
    153 1104
    145 1105
    124 1106
    142 1107
    130 1108
    134 1109
    142 1110
    142 1111
    122 1112
    137 1113
    127 1114
    143 1115
    134 1116
    148 1117
    154 1118
    134 1119
    130 1120
    153 1121
    147 1122
    128 1123
    133 1124
    147 1125
    171 1126
    143 1127
    118 1128
    140 1129
    134 1130
    115 1131
    136 1132
    143 1133
    133 1134
    130 1135
    142 1136
    137 1137
    120 1138
    137 1139
    143 1140
    141 1141
    130 1142
    135 1143
    137 1144
    135 1145
    126 1146
    125 1147
    121 1148
    117 1149
    121 1150
    137 1151
    141 1152
    115 1153
    139 1154
    150 1155
    142 1156
    129 1157
    119 1158
    147 1159
    133 1160
    122 1161
    118 1162
    129 1163
    119 1164
    109 1165
    116 1166
    133 1167
    130 1168
    123 1169
    143 1170
    119 1171
    141 1172
    152 1173
    132 1174
    137 1175
    124 1176
    119 1177
    125 1178
    130 1179
    124 1180
    123 1181
    138 1182
    127 1183
    120 1184
    125 1185
    126 1186
    119 1187
    101 1188
    133 1189
    110 1190
    139 1191
    111 1192
    141 1193
    125 1194
    120 1195
    124 1196
    134 1197
    137 1198
    108 1199
    129 1200
    110 1201
    138 1202
    126 1203
    133 1204
    110 1205
    125 1206
    124 1207
    114 1208
    108 1209
    129 1210
    129 1211
    124 1212
    116 1213
    130 1214
    119 1215
    114 1216
    129 1217
    133 1218
    122 1219
    118 1220
    120 1221
    115 1222
    105 1223
    124 1224
    124 1225
    123 1226
    115 1227
    113 1228
    105 1229
    121 1230
    119 1231
    110 1232
    119 1233
    123 1234
    108 1235
    121 1236
     96 1237
    115 1238
    120 1239
    107 1240
    116 1241
    111 1242
    123 1243
    107 1244
    127 1245
    117 1246
    100 1247
     93 1248
    130 1249
    122 1250
    127 1251
    124 1252
    115 1253
    111 1254
    121 1255
    102 1256
    102 1257
     96 1258
     98 1259
    119 1260
    124 1261
    118 1262
    123 1263
    107 1264
    119 1265
    122 1266
    117 1267
    114 1268
    104 1269
    117 1270
    111 1271
    122 1272
     96 1273
    107 1274
    115 1275
    107 1276
    112 1277
    115 1278
     90 1279
    105 1280
    107 1281
    128 1282
    118 1283
    122 1284
    108 1285
    111 1286
    100 1287
    115 1288
    114 1289
    106 1290
    117 1291
    114 1292
    120 1293
    108 1294
    115 1295
    114 1296
    103 1297
     99 1298
     96 1299
    105 1300
    108 1301
    108 1302
    111 1303
    107 1304
    114 1305
    117 1306
     95 1307
     79 1308
    132 1309
    124 1310
    112 1311
    100 1312
    111 1313
    114 1314
    123 1315
    107 1316
    125 1317
    107 1318
    109 1319
     89 1320
    107 1321
     99 1322
    112 1323
    107 1324
    102 1325
    108 1326
     90 1327
    120 1328
    104 1329
    127 1330
    116 1331
     97 1332
    111 1333
    109 1334
     87 1335
    102 1336
     95 1337
     99 1338
    113 1339
    100 1340
    104 1341
    103 1342
    103 1343
    112 1344
     93 1345
     91 1346
    109 1347
    100 1348
     90 1349
     94 1350
    100 1351
     88 1352
    102 1353
    101 1354
     83 1355
     87 1356
     96 1357
     96 1358
     93 1359
    100 1360
    110 1361
    103 1362
     84 1363
     78 1364
     94 1365
     91 1366
    103 1367
    109 1368
     75 1369
     96 1370
     87 1371
    100 1372
     93 1373
    100 1374
     85 1375
     95 1376
     92 1377
     85 1378
     99 1379
     85 1380
     99 1381
     93 1382
    105 1383
     90 1384
     94 1385
     79 1386
    103 1387
    111 1388
     97 1389
     92 1390
    112 1391
     96 1392
     95 1393
     96 1394
    102 1395
     81 1396
    104 1397
     97 1398
     82 1399
     90 1400
     87 1401
    100 1402
     78 1403
     99 1404
    102 1405
     86 1406
     93 1407
    100 1408
     83 1409
     91 1410
     95 1411
    113 1412
     88 1413
    119 1414
     87 1415
     97 1416
     93 1417
    103 1418
     93 1419
     90 1420
    105 1421
    104 1422
     83 1423
     80 1424
     77 1425
     79 1426
     84 1427
     87 1428
    103 1429
     92 1430
     89 1431
     87 1432
     96 1433
     86 1434
     82 1435
     96 1436
     95 1437
     95 1438
     88 1439
    107 1440
     91 1441
     72 1442
     76 1443
     76 1444
    102 1445
     94 1446
    108 1447
     86 1448
    118 1449
     92 1450
     97 1451
     78 1452
     81 1453
     91 1454
     96 1455
     92 1456
     89 1457
     96 1458
     73 1459
     88 1460
     83 1461
     88 1462
     96 1463
    101 1464
     72 1465
     80 1466
    107 1467
     71 1468
     91 1469
     90 1470
     93 1471
     99 1472
     93 1473
     83 1474
     72 1475
     88 1476
     96 1477
    100 1478
    106 1479
    102 1480
     95 1481
     61 1482
    109 1483
    108 1484
     93 1485
    112 1486
    104 1487
     99 1488
     93 1489
    103 1490
     89 1491
     98 1492
     93 1493
     90 1494
     96 1495
    100 1496
    102 1497
     90 1498
     84 1499
     93 1500
     95 1501
    100 1502
     94 1503
     88 1504
    103 1505
     86 1506
     91 1507
     77 1508
     86 1509
    102 1510
     76 1511
     82 1512
     97 1513
    103 1514
    103 1515
     60 1516
     92 1517
     92 1518
     71 1519
     79 1520
     82 1521
     98 1522
     86 1523
    102 1524
     93 1525
     92 1526
     99 1527
     85 1528
     91 1529
     84 1530
     86 1531
     96 1532
     88 1533
     80 1534
     84 1535
     81 1536
     89 1537
     89 1538
     87 1539
     68 1540
     66 1541
     93 1542
     77 1543
     76 1544
     89 1545
     94 1546
     90 1547
     80 1548
     82 1549
     90 1550
     86 1551
     89 1552
     86 1553
     83 1554
     92 1555
     88 1556
     74 1557
    103 1558
     78 1559
     82 1560
     89 1561
     71 1562
     86 1563
     75 1564
     96 1565
     98 1566
     83 1567
     86 1568
     80 1569
     89 1570
     80 1571
     80 1572
     94 1573
     92 1574
     94 1575
     80 1576
     85 1577
     87 1578
     69 1579
     76 1580
     78 1581
     88 1582
     74 1583
     95 1584
     80 1585
     90 1586
     85 1587
     90 1588
     85 1589
    100 1590
     65 1591
     75 1592
     88 1593
     89 1594
     97 1595
     87 1596
     71 1597
     94 1598
     90 1599
     85 1600
     79 1601
     94 1602
     85 1603
     86 1604
     82 1605
     94 1606
     93 1607
     96 1608
     87 1609
     81 1610
     88 1611
     82 1612
     83 1613
     72 1614
     84 1615
     95 1616
     92 1617
     86 1618
     79 1619
     81 1620
     80 1621
     98 1622
    107 1623
     66 1624
     80 1625
     88 1626
     70 1627
     82 1628
     88 1629
    101 1630
     80 1631
     67 1632
     94 1633
     69 1634
    124 1635
     83 1636
     82 1637
     83 1638
     71 1639
     85 1640
     82 1641
     89 1642
     84 1643
     80 1644
     89 1645
     77 1646
     79 1647
     95 1648
     77 1649
     88 1650
    100 1651
     84 1652
     83 1653
     89 1654
     90 1655
     87 1656
     89 1657
     92 1658
     87 1659
     83 1660
     81 1661
     88 1662
     88 1663
     81 1664
     76 1665
     90 1666
     70 1667
     83 1668
     77 1669
     77 1670
     60 1671
     62 1672
     70 1673
     73 1674
     74 1675
     79 1676
     72 1677
     68 1678
     73 1679
     88 1680
     68 1681
     68 1682
     85 1683
     78 1684
     67 1685
     72 1686
     75 1687
     70 1688
     72 1689
     62 1690
     61 1691
     84 1692
     81 1693
     86 1694
     62 1695
     63 1696
     77 1697
     79 1698
     61 1699
     67 1700
     58 1701
     67 1702
     63 1703
     55 1704
     65 1705
     78 1706
     56 1707
     64 1708
     69 1709
     81 1710
     73 1711
     61 1712
     69 1713
     74 1714
     67 1715
     90 1716
     71 1717
     74 1718
     78 1719
     59 1720
     59 1721
     69 1722
     45 1723
     64 1724
     68 1725
     55 1726
     59 1727
     56 1728
     67 1729
     83 1730
     85 1731
     60 1732
     93 1733
     61 1734
     66 1735
     76 1736
     62 1737
     58 1738
     71 1739
     63 1740
     56 1741
     54 1742
     62 1743
     86 1744
     56 1745
     69 1746
     69 1747
     69 1748
     64 1749
     65 1750
     74 1751
     55 1752
     58 1753
     68 1754
     65 1755
     71 1756
     72 1757
     70 1758
     64 1759
     48 1760
     58 1761
     72 1762
     67 1763
     70 1764
     64 1765
     79 1766
     64 1767
     61 1768
     61 1769
     54 1770
     71 1771
     59 1772
     55 1773
     69 1774
     63 1775
     64 1776
     47 1777
     66 1778
     55 1779
     59 1780
     68 1781
     61 1782
     61 1783
     57 1784
     64 1785
     69 1786
     59 1787
     59 1788
     60 1789
     61 1790
     55 1791
     65 1792
     62 1793
     63 1794
     55 1795
     57 1796
     66 1797
     57 1798
     51 1799
     51 1800
     77 1801
     54 1802
     71 1803
     64 1804
     46 1805
     70 1806
     67 1807
     67 1808
     72 1809
     60 1810
     69 1811
     61 1812
     62 1813
     59 1814
     58 1815
     69 1816
     66 1817
     46 1818
     66 1819
     45 1820
     58 1821
     58 1822
     72 1823
     55 1824
     61 1825
     69 1826
     61 1827
     57 1828
     56 1829
     59 1830
     39 1831
     66 1832
     68 1833
     52 1834
     68 1835
     46 1836
     59 1837
     48 1838
     73 1839
     54 1840
     57 1841
     71 1842
     69 1843
     45 1844
     50 1845
     61 1846
     69 1847
     68 1848
     71 1849
     49 1850
     54 1851
     72 1852
     50 1853
     59 1854
     69 1855
     48 1856
     61 1857
     54 1858
     58 1859
     56 1860
     48 1861
     48 1862
     54 1863
     52 1864
     53 1865
     46 1866
     54 1867
     47 1868
     55 1869
     46 1870
     51 1871
     50 1872
     58 1873
     57 1874
     45 1875
     55 1876
     58 1877
     53 1878
     47 1879
     40 1880
     50 1881
     53 1882
     65 1883
     48 1884
     62 1885
     51 1886
     39 1887
     46 1888
     53 1889
     50 1890
     57 1891
     59 1892
     52 1893
     48 1894
     45 1895
     52 1896
     57 1897
     48 1898
     63 1899
     70 1900
     53 1901
     57 1902
     61 1903
     56 1904
     59 1905
     51 1906
     59 1907
     44 1908
     63 1909
     57 1910
     53 1911
     50 1912
     36 1913
     60 1914
     44 1915
     52 1916
     62 1917
     54 1918
     55 1919
     59 1920
     66 1921
     50 1922
     59 1923
     53 1924
     61 1925
     57 1926
     60 1927
     69 1928
     48 1929
     52 1930
     59 1931
     45 1932
     53 1933
     54 1934
     50 1935
     50 1936
     45 1937
     44 1938
     62 1939
     42 1940
     58 1941
     56 1942
     52 1943
     36 1944
     41 1945
     53 1946
     36 1947
     56 1948
     40 1949
     46 1950
     56 1951
     59 1952
     39 1953
     61 1954
     51 1955
     50 1956
     43 1957
     36 1958
     45 1959
     59 1960
     50 1961
     41 1962
     35 1963
     42 1964
     38 1965
     49 1966
     42 1967
     42 1968
     40 1969
     44 1970
     35 1971
     42 1972
     68 1973
     40 1974
     38 1975
     36 1976
     48 1977
     44 1978
     37 1979
     50 1980
     56 1981
     50 1982
     46 1983
     45 1984
     50 1985
     40 1986
     46 1987
     42 1988
     42 1989
     50 1990
     41 1991
     57 1992
     40 1993
     50 1994
     52 1995
     38 1996
     44 1997
     51 1998
     47 1999
     42 2000
     52 2001
     39 2002
     44 2003
     53 2004
     38 2005
     39 2006
     45 2007
     48 2008
     53 2009
     41 2010
     33 2011
     36 2012
     37 2013
     45 2014
     33 2015
     59 2016
     60 2017
     42 2018
     43 2019
     37 2020
     32 2021
     36 2022
     53 2023
     50 2024
     40 2025
     42 2026
     49 2027
     49 2028
     51 2029
     39 2030
     31 2031
     47 2032
     37 2033
     49 2034
     53 2035
     40 2036
     41 2037
     46 2038
     52 2039
     40 2040
     38 2041
     45 2042
     35 2043
     59 2044
     42 2045
     36 2046
     42 2047
     46 2048
     41 2049
     46 2050
     52 2051
     40 2052
     40 2053
     45 2054
     54 2055
     52 2056
     41 2057
     43 2058
     29 2059
     39 2060
     48 2061
     32 2062
     46 2063
     48 2064
     47 2065
     45 2066
     50 2067
     45 2068
     41 2069
     47 2070
     32 2071
     40 2072
     37 2073
     48 2074
     50 2075
     36 2076
     45 2077
     37 2078
     36 2079
     34 2080
     44 2081
     49 2082
     44 2083
     40 2084
     48 2085
     55 2086
     45 2087
     44 2088
     49 2089
     42 2090
     53 2091
     40 2092
     53 2093
     42 2094
     47 2095
     41 2096
     38 2097
     54 2098
     50 2099
     43 2100
     36 2101
     49 2102
     52 2103
     34 2104
     45 2105
     46 2106
     25 2107
     44 2108
     43 2109
     37 2110
     42 2111
     43 2112
     58 2113
     47 2114
     54 2115
     36 2116
     52 2117
     52 2118
     43 2119
     47 2120
     47 2121
     43 2122
     59 2123
     56 2124
     52 2125
     55 2126
     45 2127
     53 2128
     45 2129
     47 2130
     55 2131
     53 2132
     56 2133
     52 2134
     45 2135
     59 2136
     58 2137
     56 2138
     53 2139
     36 2140
     45 2141
     49 2142
     58 2143
     46 2144
     59 2145
     48 2146
     62 2147
     44 2148
     48 2149
     54 2150
     47 2151
     48 2152
     44 2153
     36 2154
     65 2155
     56 2156
     52 2157
     44 2158
     45 2159
     38 2160
     48 2161
     57 2162
     49 2163
     45 2164
     48 2165
     43 2166
     53 2167
     48 2168
     47 2169
     50 2170
     56 2171
     51 2172
     46 2173
     50 2174
     55 2175
     45 2176
     43 2177
     41 2178
     42 2179
     41 2180
     34 2181
     50 2182
     37 2183
     54 2184
     39 2185
     49 2186
     45 2187
     39 2188
     55 2189
     39 2190
     36 2191
     53 2192
     47 2193
     40 2194
     40 2195
     44 2196
     60 2197
     62 2198
     46 2199
     35 2200
     42 2201
     46 2202
     54 2203
     59 2204
     40 2205
     47 2206
     51 2207
     46 2208
     54 2209
     41 2210
     56 2211
     38 2212
     65 2213
     50 2214
     50 2215
     39 2216
     48 2217
     53 2218
     38 2219
     34 2220
     57 2221
     38 2222
     39 2223
     39 2224
     47 2225
     44 2226
     48 2227
     48 2228
     53 2229
     50 2230
     53 2231
     46 2232
     38 2233
     40 2234
     53 2235
     51 2236
     50 2237
     57 2238
     52 2239
     51 2240
     39 2241
     40 2242
     40 2243
     43 2244
     48 2245
     49 2246
     37 2247
     39 2248
     51 2249
     43 2250
     46 2251
     65 2252
     44 2253
     32 2254
     38 2255
     49 2256
     47 2257
     45 2258
     43 2259
     50 2260
     46 2261
     47 2262
     46 2263
     42 2264
     56 2265
     39 2266
     36 2267
     46 2268
     46 2269
     49 2270
     45 2271
     47 2272
     33 2273
     41 2274
     49 2275
     36 2276
     41 2277
     40 2278
     41 2279
     40 2280
     51 2281
     39 2282
     42 2283
     39 2284
     59 2285
     40 2286
     50 2287
     45 2288
     50 2289
     51 2290
     39 2291
     46 2292
     51 2293
     37 2294
     45 2295
     47 2296
     44 2297
     31 2298
     40 2299
     41 2300
     39 2301
     33 2302
     41 2303
     39 2304
     47 2305
     45 2306
     41 2307
     45 2308
     33 2309
     49 2310
     41 2311
     36 2312
     34 2313
     36 2314
     43 2315
     38 2316
     38 2317
     30 2318
     40 2319
     37 2320
     43 2321
     32 2322
     36 2323
     46 2324
     33 2325
     49 2326
     43 2327
     45 2328
     43 2329
     41 2330
     37 2331
     40 2332
     46 2333
     35 2334
     40 2335
     34 2336
     29 2337
     43 2338
     53 2339
     50 2340
     41 2341
     36 2342
     31 2343
     34 2344
     35 2345
     40 2346
     38 2347
     36 2348
     44 2349
     32 2350
     46 2351
     44 2352
     34 2353
     39 2354
     49 2355
     38 2356
     34 2357
     40 2358
     34 2359
     35 2360
     52 2361
     36 2362
     52 2363
     42 2364
     43 2365
     37 2366
     37 2367
     34 2368
     41 2369
     41 2370
     55 2371
     44 2372
     43 2373
     51 2374
     49 2375
     30 2376
     39 2377
     38 2378
     44 2379
     36 2380
     31 2381
     34 2382
     30 2383
     24 2384
     43 2385
     36 2386
     42 2387
     35 2388
     43 2389
     31 2390
     27 2391
     34 2392
     30 2393
     52 2394
     36 2395
     30 2396
     39 2397
     47 2398
     33 2399
     36 2400
     50 2401
     43 2402
     32 2403
     37 2404
     32 2405
     38 2406
     24 2407
     29 2408
     32 2409
     31 2410
     35 2411
     35 2412
     40 2413
     41 2414
     33 2415
     40 2416
     31 2417
     40 2418
     34 2419
     51 2420
     40 2421
     45 2422
     30 2423
     45 2424
     35 2425
     39 2426
     35 2427
     34 2428
     26 2429
     37 2430
     38 2431
     37 2432
     29 2433
     45 2434
     47 2435
     32 2436
     46 2437
     39 2438
     35 2439
     29 2440
     38 2441
     31 2442
     47 2443
     34 2444
     42 2445
     34 2446
     40 2447
     47 2448
     39 2449
     30 2450
     43 2451
     28 2452
     44 2453
     38 2454
     42 2455
     37 2456
     33 2457
     30 2458
     36 2459
     39 2460
     43 2461
     37 2462
     40 2463
     34 2464
     44 2465
     40 2466
     44 2467
     40 2468
     25 2469
     41 2470
     36 2471
     38 2472
     41 2473
     44 2474
     42 2475
     40 2476
     47 2477
     45 2478
     38 2479
     31 2480
     46 2481
     48 2482
     55 2483
     47 2484
     40 2485
     48 2486
     44 2487
     39 2488
     54 2489
     52 2490
     46 2491
     52 2492
     43 2493
     57 2494
     40 2495
     51 2496
     37 2497
     48 2498
     52 2499
     38 2500
     43 2501
     48 2502
     47 2503
     48 2504
     36 2505
     56 2506
     41 2507
     42 2508
     48 2509
     42 2510
     37 2511
     41 2512
     51 2513
     54 2514
     46 2515
     41 2516
     57 2517
     35 2518
     40 2519
     53 2520
     47 2521
     51 2522
     59 2523
     37 2524
     36 2525
     53 2526
     46 2527
     51 2528
     48 2529
     57 2530
     46 2531
     59 2532
     52 2533
     63 2534
     48 2535
     56 2536
     45 2537
     45 2538
     50 2539
     47 2540
     46 2541
     38 2542
     49 2543
     39 2544
     39 2545
     36 2546
     54 2547
     55 2548
     48 2549
     50 2550
     51 2551
     46 2552
     46 2553
     51 2554
     46 2555
     42 2556
     52 2557
     48 2558
     47 2559
     54 2560
     48 2561
     45 2562
     47 2563
     48 2564
     44 2565
     28 2566
     41 2567
     35 2568
     44 2569
     47 2570
     53 2571
     37 2572
     51 2573
     33 2574
     46 2575
     39 2576
     38 2577
     43 2578
     39 2579
     56 2580
     51 2581
     43 2582
     59 2583
     45 2584
     49 2585
     41 2586
     47 2587
     57 2588
     41 2589
     52 2590
     47 2591
     52 2592
     57 2593
     56 2594
     36 2595
     49 2596
     43 2597
     43 2598
     42 2599
     46 2600
     36 2601
     46 2602
     59 2603
     56 2604
     39 2605
     44 2606
     36 2607
     34 2608
     35 2609
     51 2610
     40 2611
     45 2612
     38 2613
     56 2614
     45 2615
     40 2616
     46 2617
     37 2618
     39 2619
     50 2620
     34 2621
     44 2622
     65 2623
     46 2624
     42 2625
     40 2626
     34 2627
     35 2628
     41 2629
     44 2630
     41 2631
     31 2632
     44 2633
     39 2634
     40 2635
     44 2636
     56 2637
     52 2638
     40 2639
     39 2640
     45 2641
     46 2642
     53 2643
     48 2644
     49 2645
     41 2646
     43 2647
     53 2648
     50 2649
     58 2650
     49 2651
     45 2652
     55 2653
     44 2654
     56 2655
     41 2656
     49 2657
     51 2658
     62 2659
     55 2660
     40 2661
     40 2662
     59 2663
     49 2664
     50 2665
     50 2666
     68 2667
     52 2668
     55 2669
     48 2670
     47 2671
     54 2672
     58 2673
     43 2674
     46 2675
     56 2676
     44 2677
     52 2678
     76 2679
     49 2680
     56 2681
     53 2682
     46 2683
     51 2684
     54 2685
     60 2686
     53 2687
     47 2688
     44 2689
     54 2690
     59 2691
     56 2692
     50 2693
     48 2694
     60 2695
     39 2696
     56 2697
     54 2698
     75 2699
     48 2700
     50 2701
     55 2702
     59 2703
     66 2704
     77 2705
     58 2706
     71 2707
     65 2708
     53 2709
     77 2710
     62 2711
     76 2712
     64 2713
     63 2714
     70 2715
     47 2716
     58 2717
     55 2718
     57 2719
     73 2720
     66 2721
     56 2722
     52 2723
     76 2724
     68 2725
     62 2726
     59 2727
     69 2728
     68 2729
     50 2730
     64 2731
     67 2732
     68 2733
     58 2734
     66 2735
     70 2736
     60 2737
     51 2738
     55 2739
     62 2740
     56 2741
     52 2742
     52 2743
     63 2744
     57 2745
     60 2746
     62 2747
     61 2748
     64 2749
     55 2750
     62 2751
     61 2752
     53 2753
     50 2754
     52 2755
     61 2756
     54 2757
     57 2758
     45 2759
     61 2760
     40 2761
     46 2762
     57 2763
     56 2764
     56 2765
     63 2766
     49 2767
     55 2768
     47 2769
     55 2770
     45 2771
     56 2772
     50 2773
     43 2774
     44 2775
     48 2776
     43 2777
     60 2778
     35 2779
     41 2780
     44 2781
     40 2782
     57 2783
     44 2784
     47 2785
     30 2786
     51 2787
     51 2788
     53 2789
     50 2790
     42 2791
     41 2792
     50 2793
     49 2794
     46 2795
     51 2796
     49 2797
     53 2798
     31 2799
     50 2800
     38 2801
     41 2802
     45 2803
     48 2804
     62 2805
     52 2806
     41 2807
     47 2808
     46 2809
     51 2810
     35 2811
     47 2812
     36 2813
     57 2814
     56 2815
     39 2816
     36 2817
     37 2818
     32 2819
     52 2820
     45 2821
     35 2822
     38 2823
     32 2824
     28 2825
     41 2826
     36 2827
     43 2828
     37 2829
     31 2830
     35 2831
     45 2832
     46 2833
     33 2834
     36 2835
     35 2836
     54 2837
     31 2838
     40 2839
     42 2840
     42 2841
     46 2842
     42 2843
     35 2844
     30 2845
     41 2846
     55 2847
     43 2848
     37 2849
     35 2850
     32 2851
     44 2852
     49 2853
     43 2854
     40 2855
     19 2856
     30 2857
     40 2858
     39 2859
     38 2860
     36 2861
     35 2862
     31 2863
     42 2864
     39 2865
     28 2866
     38 2867
     42 2868
     27 2869
     35 2870
     29 2871
     31 2872
     37 2873
     26 2874
     25 2875
     47 2876
     36 2877
     46 2878
     32 2879
     40 2880
     31 2881
     42 2882
     27 2883
     30 2884
     22 2885
     25 2886
     26 2887
     38 2888
     35 2889
     36 2890
     26 2891
     27 2892
     40 2893
     23 2894
     47 2895
     33 2896
     25 2897
     38 2898
     35 2899
     46 2900
     24 2901
     35 2902
     44 2903
     27 2904
     35 2905
     25 2906
     34 2907
     36 2908
     25 2909
     32 2910
     35 2911
     24 2912
     32 2913
     28 2914
     22 2915
     35 2916
     16 2917
     26 2918
     34 2919
     23 2920
     30 2921
     30 2922
     39 2923
     19 2924
     36 2925
     32 2926
     27 2927
     30 2928
     31 2929
     31 2930
     32 2931
     29 2932
     29 2933
     27 2934
     33 2935
     27 2936
     26 2937
     17 2938
     31 2939
     32 2940
     28 2941
     32 2942
     28 2943
     17 2944
     31 2945
     22 2946
     21 2947
     28 2948
     22 2949
     26 2950
     32 2951
     20 2952
     25 2953
     24 2954
     25 2955
     13 2956
     20 2957
     32 2958
     17 2959
     28 2960
     26 2961
     29 2962
     19 2963
     26 2964
     27 2965
     32 2966
     29 2967
     23 2968
     33 2969
     27 2970
     30 2971
     23 2972
     25 2973
     31 2974
     23 2975
     19 2976
     30 2977
     25 2978
     26 2979
     22 2980
     31 2981
     17 2982
     31 2983
     24 2984
     32 2985
     20 2986
     31 2987
     24 2988
     22 2989
     25 2990
     17 2991
     28 2992
     23 2993
     22 2994
     18 2995
     28 2996
     27 2997
     21 2998
     20 2999
     18 3000
     18 3001
     20 3002
     20 3003
     28 3004
     21 3005
     30 3006
     22 3007
     22 3008
     25 3009
     20 3010
     19 3011
     21 3012
     25 3013
     20 3014
     18 3015
     19 3016
     19 3017
     24 3018
     18 3019
     17 3020
     21 3021
     22 3022
     16 3023
     15 3024
     23 3025
     17 3026
     19 3027
     20 3028
     16 3029
     14 3030
     17 3031
     18 3032
     12 3033
      7 3034
     16 3035
     22 3036
     18 3037
     14 3038
     14 3039
     14 3040
     16 3041
     13 3042
     14 3043
     12 3044
     22 3045
     17 3046
     12 3047
     13 3048
      7 3049
     14 3050
     11 3051
     12 3052
      8 3053
     16 3054
      7 3055
     16 3056
     14 3057
     17 3058
     16 3059
     16 3060
      7 3061
      7 3062
     19 3063
     16 3064
     13 3065
     10 3066
     14 3067
      8 3068
     12 3069
     15 3070
     14 3071
     10 3072
     10 3073
     16 3074
     13 3075
     12 3076
     15 3077
     17 3078
     10 3079
     11 3080
     18 3081
     15 3082
     16 3083
     12 3084
      9 3085
     11 3086
     11 3087
     18 3088
     12 3089
      6 3090
     17 3091
     16 3092
     11 3093
     16 3094
     15 3095
     14 3096
     11 3097
     20 3098
     12 3099
     14 3100
     15 3101
     12 3102
     15 3103
     15 3104
     16 3105
     20 3106
     19 3107
     18 3108
     12 3109
      8 3110
     11 3111
      8 3112
     13 3113
     17 3114
     11 3115
     13 3116
     16 3117
     16 3118
     15 3119
      9 3120
     14 3121
     10 3122
     13 3123
     10 3124
      8 3125
      9 3126
     13 3127
     15 3128
     19 3129
     16 3130
     15 3131
     11 3132
     11 3133
     10 3134
     16 3135
     12 3136
     13 3137
     11 3138
     16 3139
     17 3140
     13 3141
     16 3142
     11 3143
     10 3144
      8 3145
     16 3146
     14 3147
     17 3148
     17 3149
     12 3150
     14 3151
     12 3152
     15 3153
     11 3154
     13 3155
     11 3156
     12 3157
     16 3158
     16 3159
      9 3160
     14 3161
     15 3162
     12 3163
     13 3164
     11 3165
     15 3166
     10 3167
     25 3168
     13 3169
      7 3170
     11 3171
     13 3172
     17 3173
     19 3174
     16 3175
     15 3176
     12 3177
      8 3178
      8 3179
     16 3180
     12 3181
      9 3182
     14 3183
     15 3184
     14 3185
      9 3186
     13 3187
     14 3188
      8 3189
     17 3190
     13 3191
      9 3192
      9 3193
     13 3194
     11 3195
     10 3196
     14 3197
     15 3198
      9 3199
      9 3200
     17 3201
     11 3202
     16 3203
     13 3204
     10 3205
     10 3206
     12 3207
      6 3208
     13 3209
      8 3210
      6 3211
     12 3212
      8 3213
     11 3214
      7 3215
     11 3216
      7 3217
     10 3218
      5 3219
     16 3220
     13 3221
     13 3222
     12 3223
     19 3224
     12 3225
      7 3226
      4 3227
      5 3228
      7 3229
      5 3230
     14 3231
     14 3232
     12 3233
      9 3234
     10 3235
     11 3236
      9 3237
     18 3238
     14 3239
     11 3240
      8 3241
      6 3242
      9 3243
      8 3244
     10 3245
     11 3246
     18 3247
     10 3248
     12 3249
      9 3250
     16 3251
     12 3252
      9 3253
      9 3254
     14 3255
      7 3256
     13 3257
     13 3258
      9 3259
      8 3260
     11 3261
     16 3262
     11 3263
      8 3264
      9 3265
      6 3266
      8 3267
     16 3268
     12 3269
      8 3270
     13 3271
      8 3272
      6 3273
     14 3274
     10 3275
     12 3276
      8 3277
     13 3278
      9 3279
     13 3280
     13 3281
     10 3282
      8 3283
      8 3284
      9 3285
     17 3286
      5 3287
      6 3288
      8 3289
     14 3290
      8 3291
      9 3292
     12 3293
      6 3294
     10 3295
     10 3296
     11 3297
     12 3298
      9 3299
      2 3300
      4 3301
      7 3302
      6 3303
     13 3304
     11 3305
      6 3306
     16 3307
     10 3308
      7 3309
     10 3310
     14 3311
     10 3312
      7 3313
     15 3314
     16 3315
      7 3316
     13 3317
     10 3318
     12 3319
     11 3320
     10 3321
     12 3322
     10 3323
     13 3324
      9 3325
     14 3326
     11 3327
      7 3328
      9 3329
     11 3330
      7 3331
     13 3332
     11 3333
      8 3334
     11 3335
     11 3336
     17 3337
     10 3338
      8 3339
      7 3340
     17 3341
      7 3342
      6 3343
     10 3344
     10 3345
     10 3346
     11 3347
     10 3348
      9 3349
     14 3350
      5 3351
      9 3352
      8 3353
      9 3354
     12 3355
     10 3356
     11 3357
      6 3358
      9 3359
      7 3360
     14 3361
      7 3362
      7 3363
      8 3364
      5 3365
     11 3366
      7 3367
      8 3368
      7 3369
      9 3370
     11 3371
      7 3372
      9 3373
     12 3374
     10 3375
      7 3376
      8 3377
     16 3378
      4 3379
      6 3380
     10 3381
     10 3382
      8 3383
     10 3384
     10 3385
      9 3386
      7 3387
      8 3388
      4 3389
     10 3390
      8 3391
     10 3392
      7 3393
     10 3394
     11 3395
      8 3396
      8 3397
      5 3398
      8 3399
      4 3400
     14 3401
     10 3402
      8 3403
     12 3404
      8 3405
      9 3406
      7 3407
      7 3408
      5 3409
      5 3410
      4 3411
      3 3412
      9 3413
     13 3414
     12 3415
      9 3416
     14 3417
     17 3418
      3 3419
     11 3420
      9 3421
      8 3422
      6 3423
      4 3424
      8 3425
      8 3426
      2 3427
      9 3428
      8 3429
     11 3430
     11 3431
     13 3432
      7 3433
      9 3434
      7 3435
      5 3436
      7 3437
      7 3438
      4 3439
      9 3440
      9 3441
     13 3442
      4 3443
     11 3444
     11 3445
     11 3446
     12 3447
      8 3448
     10 3449
     11 3450
      7 3451
     10 3452
      6 3453
      6 3454
     18 3455
      9 3456
     12 3457
      7 3458
     11 3459
      7 3460
      5 3461
      8 3462
      8 3463
      9 3464
     15 3465
      9 3466
      7 3467
     11 3468
     13 3469
     11 3470
     12 3471
      8 3472
      8 3473
      6 3474
      5 3475
      8 3476
      9 3477
      8 3478
      5 3479
      5 3480
      7 3481
      7 3482
      8 3483
     15 3484
     11 3485
      9 3486
     11 3487
      8 3488
     14 3489
      3 3490
     12 3491
     12 3492
     12 3493
      9 3494
      6 3495
      7 3496
      6 3497
      7 3498
      4 3499
     13 3500
     10 3501
     13 3502
     11 3503
     12 3504
     11 3505
      6 3506
      7 3507
      5 3508
      9 3509
     10 3510
     11 3511
     13 3512
      9 3513
     11 3514
     14 3515
     13 3516
     14 3517
     11 3518
     12 3519
     10 3520
     10 3521
      9 3522
     12 3523
      9 3524
     18 3525
      7 3526
      7 3527
      9 3528
      8 3529
      9 3530
      9 3531
      9 3532
     10 3533
      8 3534
      9 3535
     11 3536
     10 3537
      6 3538
      6 3539
      9 3540
      8 3541
      8 3542
     13 3543
     15 3544
     12 3545
      7 3546
     14 3547
      8 3548
     10 3549
      5 3550
      9 3551
     11 3552
      9 3553
      2 3554
     15 3555
     10 3556
      4 3557
      7 3558
      8 3559
     11 3560
      8 3561
      7 3562
      7 3563
     10 3564
      6 3565
     12 3566
      6 3567
      9 3568
     11 3569
      5 3570
     11 3571
      9 3572
     10 3573
     10 3574
      8 3575
     11 3576
      7 3577
     11 3578
     15 3579
     11 3580
     13 3581
     13 3582
     13 3583
      9 3584
     14 3585
     11 3586
     18 3587
      9 3588
      8 3589
      8 3590
     10 3591
     11 3592
     13 3593
     18 3594
     11 3595
     13 3596
     13 3597
     14 3598
      9 3599
      3 3600
     11 3601
     23 3602
      6 3603
      5 3604
     12 3605
     19 3606
     10 3607
     12 3608
      9 3609
      8 3610
      9 3611
     13 3612
     11 3613
      6 3614
      9 3615
      9 3616
      9 3617
     15 3618
     12 3619
     14 3620
      9 3621
     12 3622
     11 3623
      8 3624
     16 3625
      5 3626
     10 3627
      9 3628
      9 3629
     11 3630
     11 3631
     13 3632
      9 3633
      7 3634
     20 3635
      3 3636
     10 3637
     11 3638
     13 3639
     10 3640
     13 3641
      8 3642
      7 3643
     10 3644
      9 3645
      9 3646
     11 3647
     10 3648
     10 3649
     22 3650
     15 3651
      7 3652
     10 3653
     12 3654
     15 3655
     13 3656
      6 3657
     12 3658
     14 3659
      7 3660
      9 3661
     14 3662
     11 3663
      8 3664
     10 3665
      4 3666
     14 3667
     11 3668
      6 3669
      8 3670
      8 3671
     10 3672
      6 3673
      6 3674
      7 3675
      5 3676
      7 3677
     10 3678
     12 3679
     10 3680
      5 3681
      3 3682
      6 3683
      9 3684
      5 3685
      4 3686
      5 3687
     11 3688
      9 3689
     10 3690
      3 3691
      9 3692
     11 3693
      4 3694
     12 3695
      9 3696
     10 3697
      8 3698
      6 3699
      5 3700
      7 3701
      8 3702
      7 3703
      8 3704
      9 3705
      8 3706
      6 3707
      8 3708
      7 3709
      7 3710
      9 3711
      8 3712
      9 3713
      6 3714
     12 3715
      8 3716
     10 3717
      4 3718
      4 3719
      3 3720
      2 3721
      7 3722
      9 3723
      8 3724
      5 3725
      9 3726
      9 3727
      3 3728
      7 3729
      8 3730
     10 3731
      7 3732
     10 3733
      7 3734
      6 3735
     10 3736
      6 3737
      8 3738
      7 3739
      3 3740
     13 3741
     11 3742
      3 3743
     10 3744
      9 3745
      5 3746
      7 3747
      6 3748
      5 3749
      5 3750
      8 3751
     13 3752
     10 3753
      9 3754
      8 3755
      9 3756
      5 3757
     10 3758
     10 3759
      9 3760
     15 3761
     12 3762
      8 3763
      9 3764
     10 3765
     13 3766
     11 3767
      4 3768
     14 3769
     11 3770
      7 3771
     10 3772
      8 3773
     11 3774
     12 3775
      7 3776
      5 3777
     11 3778
     10 3779
      9 3780
      5 3781
     12 3782
      8 3783
      4 3784
      8 3785
      9 3786
      9 3787
     11 3788
      7 3789
      6 3790
      9 3791
     11 3792
     10 3793
     10 3794
     10 3795
      6 3796
     11 3797
      9 3798
      5 3799
     10 3800
     14 3801
      5 3802
      9 3803
     11 3804
     10 3805
      6 3806
      7 3807
     12 3808
      8 3809
      5 3810
      8 3811
      7 3812
     11 3813
     11 3814
      4 3815
      9 3816
      9 3817
     10 3818
     13 3819
      7 3820
      5 3821
      6 3822
     10 3823
      8 3824
      9 3825
      6 3826
      5 3827
      5 3828
      7 3829
      9 3830
      9 3831
     11 3832
     10 3833
      6 3834
      2 3835
      4 3836
      6 3837
      5 3838
     13 3839
      7 3840
     11 3841
      6 3842
      9 3843
      7 3844
      4 3845
      3 3846
      7 3847
      8 3848
      4 3849
      5 3850
      6 3851
     11 3852
      7 3853
      6 3854
      3 3855
      6 3856
      2 3857
      9 3858
      6 3859
      7 3860
      5 3861
     11 3862
      9 3863
      5 3864
      3 3865
      9 3866
      6 3867
      4 3868
      5 3869
     13 3870
      6 3871
      6 3872
      5 3873
      7 3874
      7 3875
      7 3876
      7 3877
      4 3878
      7 3879
      7 3880
      8 3881
      5 3882
     10 3883
      7 3884
     11 3885
      8 3886
     10 3887
     12 3888
     10 3889
     14 3890
      6 3891
      5 3892
     10 3893
      5 3894
      6 3895
      7 3896
      5 3897
      5 3898
     14 3899
      7 3900
      8 3901
      5 3902
     11 3903
      4 3904
      7 3905
     11 3906
      7 3907
      4 3908
      6 3909
      8 3910
      9 3911
     10 3912
      6 3913
      5 3914
      5 3915
      4 3916
     10 3917
      8 3918
      5 3919
     12 3920
     11 3921
      7 3922
      6 3923
      9 3924
      4 3925
     10 3926
      6 3927
     12 3928
      8 3929
      8 3930
      8 3931
      6 3932
      7 3933
      7 3934
      7 3935
      3 3936
      7 3937
      7 3938
      4 3939
      5 3940
      3 3941
      5 3942
      8 3943
      8 3944
      6 3945
      9 3946
      4 3947
     10 3948
     10 3949
      8 3950
      6 3951
      3 3952
     12 3953
      9 3954
      7 3955
      9 3956
      6 3957
      5 3958
      6 3959
      4 3960
      7 3961
      4 3962
      8 3963
      3 3964
      6 3965
      6 3966
      5 3967
      6 3968
      2 3969
      4 3970
      9 3971
      4 3972
      8 3973
      3 3974
      5 3975
     10 3976
      6 3977
      2 3978
      1 3979
      3 3980
      8 3981
      4 3982
      7 3983
      2 3984
      8 3985
      7 3986
      2 3987
      6 3988
      5 3989
      1 3990
      6 3991
      2 3992
      2 3993
      4 3994
      4 3995
      6 3996
      4 3997
      3 3998
      6 3999
      6 4000
      3 4001
      7 4002
      2 4003
      5 4004
      4 4005
      1 4006
      5 4007
      4 4008
      8 4009
      3 4010
      7 4011
      6 4012
      2 4013
      3 4014
      6 4015
      4 4016
      2 4017
      5 4018
      5 4019
      7 4020
      2 4021
      5 4022
      2 4023
      4 4024
      6 4025
      5 4026
      8 4027
      8 4028
      8 4029
      4 4030
      3 4031
      4 4032
      2 4033
      4 4034
      3 4035
      4 4036
      8 4037
      4 4038
      4 4039
      5 4040
      8 4041
      6 4042
      3 4043
      8 4044
      3 4045
      8 4046
      3 4047
      7 4048
      7 4049
      4 4050
      4 4051
      5 4052
      5 4053
      7 4054
      4 4055
      7 4056
      2 4057
      9 4058
      5 4059
      4 4060
      9 4061
      5 4062
      2 4063
      3 4064
      6 4065
      7 4066
      3 4067
      9 4068
      5 4069
     11 4070
      8 4071
      6 4072
      4 4073
      3 4074
      6 4075
      7 4076
      3 4077
      6 4078
      5 4079
      4 4080
      1 4081
      3 4082
      5 4083
      4 4084
      4 4085
      7 4086
      2 4087
      4 4088
      5 4089
      8 4090
      3 4091
      1 4092
      2 4093
      3 4094
      5 4095
      6 4096
      6 4097
      5 4098
      9 4099
      6 4100
      3 4101
      7 4102
      5 4103
      3 4104
      2 4105
      7 4106
      2 4107
      1 4108
      4 4109
      2 4110
      5 4111
      6 4112
     10 4113
      5 4114
      7 4115
      6 4116
      6 4117
      7 4118
      4 4119
      2 4120
      2 4121
      2 4122
      6 4123
      3 4124
      4 4125
      6 4126
      3 4127
      4 4128
      7 4129
      6 4130
      6 4131
      7 4132
      5 4133
      3 4134
      7 4135
      9 4136
      4 4137
      2 4138
      4 4139
      5 4140
      4 4141
      5 4142
      1 4143
      2 4144
      4 4145
      4 4146
      4 4147
      3 4148
      7 4149
      5 4150
      6 4151
      2 4152
      2 4153
      6 4154
      8 4155
      2 4156
      7 4157
      3 4158
      6 4159
      6 4160
      7 4161
      2 4162
      3 4163
      4 4164
      7 4165
      3 4166
      6 4167
      8 4168
      9 4169
      8 4170
      9 4171
      5 4172
      7 4173
      5 4174
      5 4175
      2 4176
      4 4177
      4 4178
      5 4179
      3 4180
      3 4181
      3 4182
      4 4183
      8 4184
      9 4185
      1 4186
      1 4187
      4 4188
      2 4189
      5 4190
      3 4191
      6 4192
      6 4193
      4 4194
      6 4195
      4 4196
      1 4197
      5 4198
      4 4199
      5 4200
      4 4201
      6 4202
      5 4203
      4 4204
      5 4205
      3 4206
      3 4207
      5 4208
      4 4209
      2 4210
     11 4211
      3 4212
      3 4213
      2 4214
      3 4215
      4 4216
      2 4217
      3 4218
      6 4219
      3 4220
      6 4221
      2 4222
      3 4223
      3 4224
      1 4225
      2 4226
      4 4227
      4 4228
      4 4229
      3 4230
      3 4231
      6 4232
      3 4233
      7 4234
      6 4235
      7 4236
      2 4237
      2 4238
      5 4239
      4 4240
      1 4241
      8 4242
      9 4243
      4 4244
      8 4245
      4 4246
      4 4247
      1 4248
      4 4249
      1 4251
      3 4252
      5 4253
      7 4254
      4 4255
      2 4256
      7 4257
      8 4258
      4 4259
      4 4260
      7 4261
      7 4262
      7 4263
      6 4264
      5 4265
      4 4266
      7 4267
      3 4268
      9 4269
      4 4270
      1 4271
      5 4272
      7 4273
      5 4274
      4 4275
      4 4276
      3 4277
      5 4278
      2 4279
      5 4280
      3 4281
      2 4282
      6 4283
      5 4284
      7 4285
      1 4286
      7 4287
      3 4288
      3 4289
      3 4290
      3 4291
      4 4292
      3 4293
      7 4294
      5 4295
      1 4296
      6 4297
      5 4298
      3 4299
      4 4300
      6 4301
      6 4302
      6 4303
      5 4304
      5 4305
      4 4306
      3 4307
      7 4308
      3 4309
      5 4310
      3 4311
      5 4312
      5 4313
      2 4314
      3 4315
      2 4316
      4 4317
      6 4318
      6 4319
      6 4320
      5 4321
      4 4322
      4 4323
      4 4324
      4 4325
      8 4326
      6 4327
      5 4328
      3 4329
      2 4330
      5 4331
      2 4332
      5 4333
      9 4334
      7 4335
      3 4336
      7 4337
      3 4338
      2 4339
      5 4340
      2 4341
      5 4342
      2 4343
      8 4344
      4 4345
      1 4346
     12 4347
      5 4348
      7 4349
      2 4350
      6 4351
      3 4352
      5 4353
      3 4354
      2 4355
      3 4356
      5 4357
      5 4358
      9 4359
      5 4360
      3 4361
      5 4362
      6 4363
      4 4364
      4 4365
      3 4366
      2 4367
      2 4368
      3 4369
      2 4370
      6 4371
      1 4372
      8 4373
      8 4374
      3 4375
      4 4376
      3 4377
      2 4378
      5 4379
      2 4380
      5 4381
      9 4382
      4 4383
      4 4384
      3 4385
      3 4386
      4 4387
      3 4388
      4 4389
      4 4390
      4 4391
      3 4392
      2 4393
      3 4394
      6 4395
      5 4396
      3 4397
      3 4398
      6 4399
      8 4400
      3 4401
      7 4402
      4 4403
      7 4404
      3 4405
      3 4406
      1 4407
      6 4408
      2 4409
      2 4410
      8 4411
      4 4412
      4 4413
      1 4414
      3 4415
      2 4416
      8 4417
      4 4418
      3 4419
      2 4420
      3 4421
      5 4422
      5 4423
      3 4424
      3 4425
      4 4426
      2 4427
      6 4428
      4 4429
      4 4430
      7 4431
      3 4432
      1 4433
      4 4434
      4 4435
      5 4436
      6 4437
      5 4438
     10 4439
      3 4440
      6 4441
      8 4442
      8 4443
      4 4444
      4 4446
      4 4447
      6 4448
      3 4449
      5 4450
      5 4451
      4 4452
      3 4453
      8 4454
      6 4455
      4 4456
      6 4457
      5 4458
      4 4459
      8 4460
      9 4461
      8 4462
      2 4463
      8 4464
      4 4465
      3 4466
      6 4467
      1 4468
      8 4469
      6 4470
      4 4471
      6 4472
      5 4473
      9 4474
      2 4475
      4 4476
      6 4477
      7 4478
      5 4479
      7 4480
      4 4481
      6 4482
      6 4483
      2 4484
      3 4485
      3 4486
      9 4487
      2 4488
      4 4489
      5 4490
      7 4491
      5 4492
      2 4493
      7 4494
      4 4495
      3 4496
      4 4497
      4 4498
      8 4499
      2 4500
      2 4501
      4 4502
      1 4503
      2 4504
      6 4505
      3 4506
      5 4507
      4 4508
      4 4509
      3 4510
      6 4511
      2 4512
      6 4513
      7 4514
      7 4515
      3 4516
      1 4517
      2 4518
      3 4519
      7 4520
      4 4521
      7 4522
      6 4523
      3 4524
      1 4525
      4 4526
      5 4527
      2 4528
      4 4529
      3 4530
      5 4531
      3 4532
      2 4534
      6 4535
      5 4536
      7 4537
      8 4538
      5 4539
      8 4540
      5 4541
      3 4542
      4 4543
      3 4544
      4 4546
      6 4547
      4 4548
      2 4549
      4 4550
      7 4551
      4 4552
      1 4553
      5 4554
      4 4555
      3 4556
      2 4557
      4 4558
      6 4559
      1 4560
      3 4561
      7 4562
      1 4563
      3 4564
      7 4565
      6 4566
      2 4567
      5 4568
      3 4569
      1 4570
      3 4571
      7 4572
      3 4573
      6 4574
      6 4575
      4 4576
      4 4577
      3 4578
      3 4579
      3 4580
      6 4582
      4 4583
      2 4584
      6 4585
      7 4586
      1 4587
      5 4588
      7 4589
      5 4590
      3 4591
      3 4592
      7 4593
      4 4594
      5 4595
      5 4596
      4 4597
      1 4598
      4 4599
      4 4600
      2 4601
      4 4602
      8 4603
      2 4604
      9 4605
      3 4606
      6 4607
      4 4608
      5 4609
      8 4610
      4 4611
      9 4612
      4 4613
      5 4614
      3 4615
      5 4616
      3 4617
     12 4618
      6 4619
     12 4620
      3 4621
      5 4622
      3 4624
      7 4625
      1 4626
      7 4627
      4 4628
      5 4629
      4 4630
      4 4631
      6 4632
      8 4633
      4 4634
      4 4635
      5 4636
      8 4637
      8 4638
      7 4639
      1 4640
      6 4641
      4 4642
      3 4643
      6 4644
      4 4645
      6 4646
      7 4647
      4 4648
      4 4649
      1 4650
      3 4651
      6 4652
      4 4653
      9 4654
      3 4655
      8 4656
      6 4657
      7 4658
      3 4659
      9 4660
      9 4661
      3 4662
      4 4663
      1 4664
      3 4665
      7 4666
      5 4667
      5 4668
      1 4669
      5 4670
      2 4671
      1 4672
      6 4673
      6 4674
      4 4675
      5 4676
      5 4677
      7 4678
      4 4679
      5 4680
      3 4681
      4 4682
      1 4683
      2 4684
      4 4685
      8 4686
      7 4687
      1 4688
     10 4689
      6 4690
      4 4691
      5 4692
      5 4693
      2 4694
      6 4695
      6 4696
      7 4697
      2 4698
      2 4699
      5 4700
      3 4701
      5 4702
      5 4703
      2 4704
      4 4705
      3 4706
      1 4707
      2 4708
      4 4709
      4 4710
      5 4711
      5 4712
      1 4713
      7 4714
      2 4715
      5 4716
      4 4717
      5 4718
      7 4719
      6 4720
      2 4721
      1 4722
      2 4723
      3 4724
      4 4725
      5 4726
      4 4728
      2 4729
      3 4730
      7 4731
      3 4732
      2 4733
      4 4734
      8 4735
      3 4736
      4 4737
      3 4738
      3 4739
      3 4740
      4 4741
      2 4742
      7 4743
      6 4744
      2 4745
      6 4746
      4 4747
      4 4748
      8 4749
      3 4750
      5 4751
      6 4752
      4 4753
      7 4754
      3 4755
      5 4756
      5 4757
      3 4758
      5 4759
      4 4760
      3 4761
      4 4762
      2 4763
      6 4764
      6 4765
      2 4766
      6 4767
      3 4768
      2 4769
      4 4770
      2 4771
      5 4772
      3 4773
      4 4774
      8 4775
      3 4776
      3 4777
      2 4778
      4 4779
      7 4780
      3 4781
      4 4782
      3 4783
      3 4784
      3 4785
      3 4786
      3 4787
      9 4788
      3 4789
      3 4790
      5 4791
      2 4792
      4 4793
      3 4794
      2 4795
      3 4796
      8 4797
      5 4798
      5 4799
      5 4800
      5 4801
      4 4802
      3 4803
      2 4804
      4 4805
      5 4806
      2 4807
      3 4808
      3 4809
      4 4810
      3 4811
      4 4812
      5 4813
      2 4814
      2 4815
      4 4816
      3 4817
      1 4818
      1 4820
      3 4821
      3 4822
      4 4823
      4 4824
      5 4825
      4 4826
      2 4827
      1 4828
      2 4829
      6 4830
      2 4831
      7 4832
      5 4833
      1 4834
      5 4835
      1 4836
      3 4837
      4 4838
      4 4839
      2 4840
      2 4841
      4 4842
      1 4843
      4 4844
      3 4845
      4 4846
      3 4847
      4 4848
      5 4849
      3 4850
      4 4851
      2 4852
      6 4853
      3 4854
      4 4855
      3 4856
      6 4857
      1 4858
      3 4859
      7 4860
      3 4861
      4 4862
      3 4863
      1 4864
      3 4865
      4 4866
      8 4867
      9 4868
      2 4869
      1 4870
      3 4871
      4 4872
      4 4873
      6 4874
      1 4875
      1 4876
      2 4877
      4 4878
      6 4879
      1 4880
      1 4881
      3 4882
      3 4883
      3 4884
      6 4885
      8 4886
      6 4887
      5 4888
      2 4889
      4 4890
      2 4891
      7 4892
      5 4893
      3 4894
      2 4895
      3 4896
      2 4897
      4 4898
      8 4899
      7 4900
      5 4901
      1 4902
      4 4903
      6 4904
      7 4905
      2 4906
      2 4907
      6 4908
      4 4909
      4 4910
      4 4911
      3 4912
      2 4913
      3 4914
      5 4915
      5 4916
      5 4917
      6 4918
      1 4919
      3 4920
      4 4921
      4 4922
      2 4923
      4 4924
      3 4925
      4 4926
      3 4927
      4 4928
      4 4929
      4 4930
      3 4931
      8 4933
      5 4934
      2 4935
      3 4936
      3 4937
      5 4938
      5 4939
      4 4940
      5 4941
      4 4942
      5 4943
      1 4944
      2 4945
      5 4946
      1 4947
      2 4948
      6 4949
      5 4950
      3 4951
      2 4952
      2 4953
      1 4954
      1 4955
      1 4956
      3 4957
      5 4958
      4 4959
      3 4960
      2 4961
      2 4962
      4 4963
      1 4964
      1 4965
      5 4966
      2 4967
      3 4968
      1 4969
      4 4970
      3 4971
      3 4972
      3 4973
      1 4974
      3 4975
      1 4976
      4 4978
      3 4979
      2 4980
      2 4981
      2 4982
      4 4983
      3 4984
      2 4985
      1 4986
      4 4987
      1 4988
      5 4989
      6 4990
      6 4991
      3 4992
      1 4993
      3 4994
      3 4995
      1 4996
      2 4997
      1 4998
      6 4999
      2 5001
      8 5002
      3 5003
      3 5004
      3 5006
      8 5007
      9 5008
      1 5009
      4 5010
      1 5011
      5 5012
      2 5013
      4 5014
      3 5015
      6 5016
      7 5017
      1 5018
      6 5019
      4 5020
      2 5021
      1 5022
      7 5023
      2 5024
      2 5025
      1 5026
      4 5027
      2 5028
      2 5029
      3 5030
      5 5031
      5 5032
      2 5033
      6 5034
      3 5035
      3 5036
      3 5037
      6 5038
      3 5039
      1 5040
      2 5041
      2 5042
      5 5043
      3 5044
      4 5046
      2 5047
      3 5048
      5 5050
      5 5051
      4 5052
      4 5053
      2 5054
      3 5055
      9 5056
      5 5057
      8 5058
      4 5059
      4 5060
     12 5061
      4 5062
      3 5063
      6 5064
      3 5066
      7 5067
      3 5068
      1 5069
      3 5070
      4 5071
      5 5072
      2 5073
      6 5074
      4 5075
      1 5076
      4 5077
      4 5078
      2 5079
      2 5081
      6 5082
      3 5083
      2 5084
      3 5085
      4 5086
      6 5087
      1 5088
      3 5089
      6 5091
      1 5092
      4 5093
      3 5094
      2 5095
      3 5097
      1 5098
      1 5099
      1 5100
      4 5101
      6 5102
      3 5103
      1 5104
      5 5105
      1 5107
      2 5108
      1 5109
      2 5110
      2 5111
      3 5112
      2 5113
      4 5114
      2 5115
      4 5116
      2 5117
      3 5118
      2 5119
      2 5120
      5 5121
      2 5122
      3 5123
      6 5124
      1 5125
      3 5126
      1 5127
      4 5128
      7 5129
      3 5130
      1 5131
      1 5132
      1 5134
      3 5135
      3 5136
      4 5137
      4 5138
      2 5139
      2 5140
      2 5141
      1 5142
      7 5143
      5 5144
      3 5146
      2 5147
      3 5148
      4 5149
      2 5151
      2 5152
      5 5153
      2 5154
      6 5155
      4 5156
      2 5157
      1 5158
      3 5159
      5 5160
      1 5162
      4 5163
      1 5164
      4 5165
      3 5166
      1 5167
      2 5168
      3 5169
      7 5170
      3 5171
      5 5172
      2 5173
      1 5175
      3 5176
      2 5177
      3 5178
      2 5179
      1 5180
      2 5181
      5 5183
      3 5184
      2 5185
      1 5186
      1 5189
      3 5190
      4 5192
      1 5193
      4 5195
      2 5196
      2 5197
      2 5199
      2 5200
      2 5201
      1 5202
      1 5203
      1 5204
      4 5205
      4 5206
      1 5207
      2 5208
      4 5209
      1 5211
      2 5212
      2 5213
      2 5214
      1 5215
      2 5216
      2 5218
      3 5219
      1 5220
      1 5221
      2 5222
      2 5223
      1 5224
      1 5225
      1 5226
      2 5227
      4 5228
      4 5229
      4 5230
      1 5231
      3 5232
      2 5233
      2 5235
      1 5236
      4 5237
      4 5238
      3 5239
      3 5240
      2 5241
      1 5242
      1 5243
      2 5244
      1 5245
      2 5246
      1 5247
      3 5248
      1 5251
      5 5252
      2 5253
      2 5254
      1 5255
      3 5256
      2 5257
      2 5258
      1 5259
      1 5260
      4 5262
      1 5263
      3 5264
      1 5265
      2 5266
      1 5267
      3 5268
      3 5269
      3 5270
      1 5271
      2 5272
      3 5273
      1 5274
      3 5275
      1 5276
      5 5278
      5 5279
      2 5280
      5 5281
      1 5282
      1 5284
      3 5285
      2 5286
      3 5287
      1 5288
      3 5290
      5 5291
      2 5292
      2 5293
      4 5294
      2 5295
      1 5296
      4 5297
      1 5298
      1 5299
      2 5300
      3 5301
      1 5302
      4 5303
      4 5304
      3 5305
      2 5306
      2 5307
      4 5308
      6 5309
      1 5310
      2 5311
      3 5312
      2 5313
      4 5314
      1 5315
      4 5316
      3 5317
      5 5319
      1 5320
      3 5321
      6 5322
      4 5323
      2 5324
      3 5325
      2 5326
      2 5327
      1 5328
      3 5329
      4 5330
      3 5331
      1 5332
      4 5333
      1 5334
      3 5335
      1 5336
      3 5337
      3 5338
      1 5339
      3 5340
      3 5341
      2 5343
      1 5344
      6 5345
      2 5346
      1 5348
      5 5349
      3 5350
      4 5352
      1 5353
      4 5354
      3 5355
      3 5356
      2 5357
      2 5358
      2 5359
      1 5360
      4 5361
      4 5362
      2 5363
      2 5364
      3 5365
      1 5367
      2 5369
      2 5370
      3 5371
      2 5372
      2 5373
      1 5374
      4 5375
      5 5376
      2 5377
      3 5378
      3 5379
      2 5380
      1 5381
      3 5382
      1 5383
      2 5384
      1 5385
      1 5386
      1 5387
      5 5388
      2 5390
      5 5391
      2 5392
      2 5393
      3 5394
      1 5395
      3 5396
      2 5397
      5 5398
      4 5399
      1 5401
      2 5402
      1 5403
      3 5404
      5 5405
      4 5406
      5 5407
      3 5408
      2 5409
      3 5410
      1 5411
      2 5412
      5 5413
      2 5414
      2 5415
      1 5416
      2 5417
      1 5419
      1 5420
      2 5421
      2 5422
      2 5423
      4 5425
      2 5426
      4 5427
      1 5428
      2 5429
      1 5430
      2 5431
      2 5433
      2 5434
      4 5435
      6 5436
      2 5437
      3 5438
      3 5439
      1 5440
      2 5441
      2 5443
      2 5444
      4 5445
      3 5446
      2 5448
      1 5449
      3 5450
      2 5451
      5 5453
      1 5454
      3 5455
      1 5456
      1 5457
      2 5458
      1 5459
      8 5460
      1 5461
      2 5464
      4 5465
      5 5466
      2 5467
      1 5468
      1 5469
      4 5470
      1 5471
      1 5472
      3 5473
      3 5474
      3 5475
      1 5476
      1 5477
      2 5478
      4 5479
      3 5480
      2 5482
      6 5483
      3 5484
      1 5485
      2 5486
      4 5489
      3 5490
      1 5492
      2 5493
      2 5494
      1 5495
      4 5496
      3 5497
      2 5500
      1 5501
      1 5502
      2 5503
      3 5505
      4 5506
      1 5507
      1 5508
      3 5509
      5 5510
      1 5511
      2 5512
      1 5513
      4 5514
      2 5515
      2 5516
      3 5519
      2 5520
      1 5523
      3 5524
      1 5525
      1 5526
      3 5527
      3 5528
      2 5529
      1 5530
      3 5531
      1 5532
      3 5533
      1 5534
      2 5535
      1 5536
      4 5537
      1 5538
      4 5539
      2 5540
      1 5541
      3 5542
      3 5543
      3 5544
      3 5545
      3 5546
      3 5548
      2 5549
      3 5550
      1 5551
      3 5554
      1 5555
      6 5557
      1 5558
      3 5559
      1 5560
      4 5561
      1 5562
      4 5563
      2 5565
      1 5566
      2 5567
      2 5568
      1 5569
      1 5570
      1 5572
      1 5574
      2 5575
      1 5576
      3 5577
      1 5579
      1 5580
      1 5581
      2 5582
      2 5583
      1 5584
      4 5585
      1 5588
      5 5589
      2 5590
      1 5591
      3 5592
      1 5593
      1 5594
      1 5599
      1 5600
      1 5601
      3 5602
      1 5603
      1 5604
      2 5605
      1 5606
      3 5609
      3 5611
      1 5613
      2 5614
      2 5616
      1 5618
      1 5619
      4 5620
      1 5621
      2 5624
      1 5625
      1 5626
      2 5627
      3 5629
      2 5633
      2 5635
      1 5636
      3 5637
      1 5638
      1 5639
      1 5640
      2 5641
      1 5642
      2 5643
      2 5645
      1 5646
      1 5647
      3 5648
      2 5649
      2 5650
      1 5655
      1 5656
      1 5657
      1 5659
      1 5660
      1 5661
      4 5663
      1 5666
      3 5667
      2 5668
      1 5669
      1 5670
      1 5671
      1 5672
      2 5673
      1 5674
      4 5675
      2 5676
      1 5677
      3 5678
      3 5679
      2 5682
      1 5683
      5 5685
      2 5686
      1 5687
      3 5688
      2 5689
      1 5690
      4 5691
      4 5692
      1 5693
      3 5694
      2 5695
      1 5696
      3 5697
      3 5698
      2 5699
      1 5700
      1 5702
      2 5703
      2 5704
      1 5705
      2 5706
      3 5707
      2 5709
      1 5710
      4 5711
      1 5712
      1 5713
      1 5714
      2 5715
      4 5716
      5 5717
      4 5718
      3 5719
      1 5720
      1 5721
      1 5722
      1 5723
      1 5724
      1 5725
      2 5726
      2 5727
      1 5728
      1 5729
      2 5730
      3 5731
      4 5732
      3 5733
      2 5734
      2 5735
      1 5736
      1 5737
      3 5738
      3 5740
      1 5741
      3 5742
      2 5743
      1 5744
      3 5745
      5 5746
      2 5748
      2 5749
      2 5751
      2 5752
      2 5753
      3 5754
      2 5756
      4 5757
      3 5758
      1 5759
      1 5760
      1 5761
      2 5762
      1 5763
      2 5765
      2 5766
      1 5767
      3 5768
      2 5769
      2 5770
      3 5771
      2 5772
      3 5773
      3 5774
      2 5775
      2 5776
      1 5777
      1 5778
      1 5779
      8 5780
      3 5781
      4 5782
      5 5783
      3 5784
      4 5785
      3 5787
      1 5788
      4 5789
      3 5790
      1 5792
      5 5793
      1 5794
      3 5795
      2 5797
      4 5798
      2 5799
      4 5800
      1 5801
      1 5802
      3 5803
      4 5804
      2 5805
      4 5807
      2 5808
      4 5809
      1 5810
      2 5811
      4 5812
      4 5813
      2 5814
      2 5815
      1 5816
      2 5817
      2 5818
      3 5819
      2 5820
      5 5821
      2 5822
      2 5823
      2 5824
      4 5825
      3 5826
      3 5827
      3 5828
      2 5829
      1 5830
      1 5832
      4 5833
      3 5834
      2 5835
      4 5836
      4 5837
      1 5839
      1 5840
      2 5842
      2 5844
      2 5845
      2 5846
      4 5848
      2 5850
      1 5851
      3 5852
      1 5853
      1 5854
      1 5855
      1 5856
      4 5857
      2 5858
      1 5859
      3 5860
      3 5862
      1 5863
      3 5864
      3 5865
      1 5866
      1 5867
      1 5868
      4 5869
      1 5870
      2 5871
      3 5872
      1 5873
      4 5874
      1 5875
      2 5878
      4 5879
      1 5880
      1 5881
      3 5882
      3 5883
      2 5884
      2 5885
      5 5886
      2 5887
      2 5888
      2 5889
      4 5890
      5 5891
      3 5892
      1 5893
      1 5894
      1 5895
      2 5896
      2 5897
      2 5898
      1 5899
      2 5900
      2 5901
      1 5902
      3 5903
      2 5904
      3 5905
      2 5906
      2 5907
      2 5910
      1 5911
      1 5912
      2 5914
      2 5915
      2 5916
      2 5917
      3 5918
      1 5919
      1 5920
      1 5922
      3 5923
      1 5924
      2 5925
      2 5927
      1 5929
      1 5930
      3 5932
      1 5933
      2 5934
      2 5935
      2 5937
      1 5938
      2 5940
      2 5941
      1 5942
      1 5943
      2 5944
      1 5945
      2 5946
      1 5947
      1 5948
      2 5949
      2 5950
      1 5951
      2 5952
      1 5953
      1 5954
      1 5956
      3 5957
      1 5958
      2 5963
      1 5964
      3 5966
      1 5967
      3 5968
      2 5969
      1 5970
      3 5972
      1 5974
      3 5975
      3 5976
      1 5977
      1 5978
      2 5979
      2 5980
      3 5981
      2 5982
      1 5983
      1 5984
      2 5985
      3 5986
      3 5987
      2 5988
      1 5989
      1 5990
      1 5991
      2 5992
      1 5993
      2 5994
      3 5996
      3 5997
      2 5998
      2 6001
      1 6002
      3 6003
      2 6005
      2 6006
      2 6007
      1 6010
      1 6012
      1 6013
      1 6014
      3 6015
      1 6016
      1 6017
      3 6018
      4 6019
      1 6020
      1 6021
      4 6022
      2 6024
      1 6026
      3 6027
      2 6028
      2 6029
      3 6031
      1 6032
      2 6034
      2 6035
      3 6036
      1 6037
      2 6039
      3 6040
      1 6041
      2 6042
      1 6043
      2 6045
      3 6047
      1 6048
      1 6049
      2 6051
      1 6052
      4 6053
      2 6054
      3 6055
      1 6057
      1 6058
      1 6059
      1 6060
      2 6061
      4 6062
      3 6063
      2 6064
      2 6065
      1 6067
      1 6068
      1 6071
      2 6072
      3 6073
      2 6074
      1 6075
      2 6078
      3 6079
      1 6081
      1 6082
      1 6083
      4 6084
      1 6085
      1 6086
      1 6087
      1 6089
      1 6090
      1 6091
      3 6092
      2 6093
      2 6094
      2 6095
      3 6096
      2 6097
      1 6098
      2 6099
      1 6100
      3 6101
      1 6102
      3 6103
      1 6104
      3 6105
      1 6106
      3 6108
      3 6109
      2 6111
      1 6112
      1 6113
      1 6114
      1 6115
      2 6116
      1 6119
      2 6120
      5 6121
      2 6122
      1 6123
      3 6124
      2 6125
      2 6126
      1 6127
      4 6128
      2 6129
      4 6130
      1 6131
      2 6132
      1 6133
      3 6134
      3 6135
      5 6136
      2 6137
      2 6138
      3 6139
      2 6140
      3 6141
      2 6142
      2 6143
      3 6144
      5 6145
      2 6146
      2 6147
      1 6148
      1 6149
      1 6151
      2 6152
      5 6153
      1 6155
      1 6157
      4 6158
      5 6159
      2 6160
      1 6161
      2 6162
      4 6163
      3 6164
      3 6165
      2 6166
      2 6167
      1 6168
      1 6169
      3 6170
      1 6171
      4 6172
      1 6174
      1 6175
      2 6176
      1 6177
      1 6178
      2 6179
      5 6180
      4 6181
      3 6183
      1 6184
      4 6185
      4 6186
      2 6187
      2 6188
      1 6189
      2 6190
      5 6191
      1 6192
      3 6193
      2 6195
      2 6196
      3 6197
      2 6198
      3 6199
      1 6200
      5 6201
      3 6202
      2 6203
      2 6204
      1 6205
      3 6207
      2 6209
      2 6210
      2 6211
      3 6212
      1 6214
      2 6216
      2 6217
      2 6218
      2 6220
      4 6221
      2 6222
      2 6224
      2 6226
      3 6227
      2 6228
      1 6229
      1 6230
      1 6231
      3 6233
      3 6234
      3 6235
      2 6236
      1 6237
      3 6239
      2 6240
      4 6241
      4 6242
      3 6243
      1 6244
      1 6245
      2 6246
      5 6247
      1 6248
      3 6249
      1 6250
      1 6251
      3 6252
      2 6253
      1 6254
      2 6255
      2 6256
      3 6257
      5 6258
      1 6259
      4 6260
      3 6261
      1 6262
      3 6263
      6 6264
      2 6265
      2 6267
      3 6271
      3 6272
      2 6273
      1 6274
      4 6275
      1 6276
      2 6277
      3 6278
      2 6279
      2 6280
      2 6281
      3 6282
      2 6283
      1 6284
      3 6285
      4 6286
      1 6288
      5 6289
      2 6290
      2 6292
      1 6293
      2 6294
      1 6296
      1 6297
      1 6298
      2 6299
      4 6300
      1 6301
      2 6303
      4 6304
      2 6305
      3 6306
      1 6307
      2 6308
      1 6309
      1 6310
      3 6312
      2 6313
      2 6314
      2 6315
      1 6316
      3 6317
      1 6318
      2 6319
      2 6321
      3 6322
      1 6324
      1 6327
      2 6328
      2 6329
      2 6333
      1 6334
      1 6335
      2 6336
      2 6337
      1 6338
      2 6339
      1 6340
      1 6341
      1 6342
      4 6344
      2 6345
      1 6346
      5 6347
      2 6348
      1 6349
      1 6350
      2 6351
      2 6352
      2 6353
      2 6354
      1 6355
      2 6356
      1 6357
      1 6358
      1 6359
      1 6360
      1 6361
      3 6362
      3 6363
      1 6364
      2 6367
      3 6368
      3 6369
      5 6371
      2 6372
      2 6373
      4 6374
      3 6375
      1 6376
      1 6377
      1 6378
      2 6379
      2 6380
      2 6381
      1 6383
      2 6384
      1 6385
      2 6386
      2 6389
      2 6390
      1 6391
      1 6393
      1 6394
      4 6395
      1 6396
      1 6397
      3 6398
      2 6401
      1 6402
      2 6404
      3 6405
      3 6406
      1 6407
      1 6409
      2 6410
      1 6411
      1 6413
      2 6414
      2 6415
      2 6416
      3 6417
      2 6419
      2 6420
      1 6421
      2 6423
      1 6424
      1 6425
      1 6427
      2 6428
      1 6429
      1 6430
      1 6431
      1 6433
      3 6434
      2 6435
      2 6436
      2 6438
      1 6439
      4 6440
      1 6442
      2 6446
      2 6447
      1 6450
      2 6451
      5 6452
      2 6453
      1 6454
      3 6455
      2 6456
      1 6457
      1 6458
      1 6460
      3 6463
      1 6464
      1 6467
      2 6468
      2 6472
      1 6473
      3 6477
      3 6478
      1 6479
      1 6480
      1 6482
      2 6483
      1 6484
      1 6485
      2 6486
      1 6488
      1 6489
      1 6490
      2 6492
      1 6493
      2 6494
      2 6495
      2 6497
      2 6498
      1 6500
      1 6501
      1 6502
      1 6503
      1 6504
      1 6505
      1 6506
      1 6507
      1 6508
      1 6509
      3 6510
      3 6511
      1 6513
      3 6516
      1 6517
      1 6519
      2 6520
      1 6521
      1 6524
      2 6525
      1 6526
      1 6529
      2 6532
      1 6534
      3 6535
      1 6536
      1 6537
      1 6539
      2 6541
      2 6546
      1 6549
      2 6550
      3 6551
      2 6552
      2 6553
      2 6554
      2 6557
      1 6558
      2 6562
      2 6563
      1 6564
      2 6565
      2 6566
      2 6567
      1 6568
      1 6571
      3 6573
      1 6574
      1 6576
      2 6577
      2 6578
      2 6579
      1 6580
      1 6581
      2 6582
      2 6583
      2 6586
      2 6587
      1 6588
      1 6590
      2 6591
      3 6592
      1 6593
      2 6594
      1 6595
      2 6596
      2 6597
      1 6598
      1 6600
      1 6605
      1 6606
      5 6607
      2 6610
      2 6611
      3 6615
      1 6616
      2 6618
      1 6619
      2 6620
      2 6621
      3 6623
      3 6625
      1 6626
      1 6627
      1 6628
      1 6631
      1 6632
      2 6634
      1 6635
      1 6636
      3 6638
      1 6639
      1 6641
      2 6644
      1 6648
      1 6649
      1 6651
      2 6653
      1 6654
      1 6655
      1 6656
      1 6658
      1 6659
      1 6660
      1 6662
      1 6665
      1 6667
      2 6668
      1 6669
      1 6670
      1 6671
      1 6672
      1 6675
      1 6676
      1 6677
      1 6680
      1 6682
      1 6685
      1 6687
      1 6690
      2 6694
      1 6695
      3 6699
      1 6702
      2 6704
      1 6706
      1 6707
      2 6710
      3 6711
      1 6712
      2 6713
      1 6714
      1 6718
      3 6721
      1 6723
      1 6725
      3 6726
      1 6727
      2 6729
      2 6731
      1 6732
      1 6734
      1 6737
      1 6739
      1 6740
      1 6741
      1 6744
      1 6747
      1 6749
      1 6750
      2 6751
      1 6752
      1 6753
      2 6754
      3 6755
      2 6758
      1 6759
      1 6761
      1 6764
      1 6766
      1 6769
      1 6770
      1 6771
      1 6773
      1 6777
      2 6780
      1 6782
      1 6783
      2 6784
      1 6787
      2 6791
      1 6792
      2 6794
      1 6796
      2 6797
      1 6799
      1 6801
      1 6803
      2 6804
      2 6805
      1 6806
      1 6808
      1 6810
      1 6811
      1 6813
      3 6814
      2 6816
      1 6817
      1 6818
      3 6819
      1 6822
      2 6825
      2 6826
      3 6830
      2 6831
      1 6832
      1 6834
      2 6836
      2 6837
      1 6838
      4 6839
      1 6843
      1 6844
      2 6845
      2 6846
      1 6850
      1 6851
      1 6853
      1 6855
      2 6856
      3 6857
      1 6859
      2 6860
      2 6861
      1 6862
      1 6863
      1 6864
      1 6865
      3 6866
      1 6867
      1 6868
      2 6871
      1 6872
      1 6873
      1 6874
      1 6875
      2 6876
      2 6877
      1 6878
      2 6879
      2 6880
      1 6881
      1 6883
      1 6885
      1 6886
      2 6887
      1 6890
      1 6892
      4 6893
      2 6894
      1 6896
      1 6897
      1 6898
      1 6899
      3 6901
      2 6902
      1 6903
      2 6904
      2 6908
      1 6911
      4 6915
      1 6916
      2 6917
      1 6919
      1 6921
      2 6922
      2 6923
      2 6924
      2 6925
      1 6927
      2 6928
      1 6929
      1 6931
      2 6932
      1 6933
      1 6936
      1 6938
      1 6940
      1 6942
      1 6943
      2 6944
      1 6946
      2 6947
      1 6948
      3 6949
      2 6950
      1 6951
      1 6954
      1 6955
      2 6956
      1 6957
      2 6959
      1 6960
      2 6963
      1 6964
      4 6966
      1 6967
      2 6968
      1 6969
      1 6971
      2 6972
      1 6973
      2 6976
      2 6977
      1 6979
      2 6980
      1 6981
      2 6983
      1 6984
      1 6986
      1 6987
      1 6988
      2 6989
      3 6990
      1 6991
      3 6992
      1 6993
      1 6994
      1 6997
      1 7000
      2 7001
      1 7002
      1 7004
      1 7005
      1 7007
      2 7010
      1 7011
      2 7013
      2 7014
      1 7015
      1 7017
      2 7018
      1 7020
      2 7024
      1 7026
      1 7027
      3 7029
      1 7030
      2 7031
      1 7032
      1 7034
      1 7036
      1 7037
      1 7039
      1 7040
      1 7041
      1 7045
      1 7046
      3 7048
      1 7049
      1 7050
      1 7051
      1 7053
      2 7055
      4 7058
      2 7061
      1 7062
      1 7064
      1 7067
      1 7069
      1 7070
      1 7071
      2 7072
      1 7073
      3 7074
      2 7075
      1 7076
      2 7077
      1 7078
      2 7079
      2 7080
      1 7082
      1 7083
      4 7084
      3 7086
      1 7088
      2 7090
      1 7093
      3 7094
      2 7095
      1 7096
      1 7097
      2 7099
      1 7102
      2 7104
      2 7105
      1 7106
      1 7113
      1 7114
      1 7116
      1 7117
      2 7118
      2 7120
      2 7121
      1 7123
      2 7124
      1 7128
      1 7129
      1 7130
      1 7131
      1 7132
      1 7137
      1 7138
      2 7140
      2 7141
      4 7142
      2 7144
      3 7147
      1 7150
      1 7151
      2 7152
      1 7154
      3 7155
      1 7156
      2 7157
      1 7159
      1 7161
      3 7162
      2 7163
      1 7167
      2 7168
      1 7169
      1 7170
      1 7172
      1 7173
      1 7174
      1 7176
      1 7179
      1 7180
      2 7181
      1 7183
      3 7184
      1 7188
      1 7189
      1 7192
      1 7195
      2 7196
      1 7197
      1 7198
      2 7199
      3 7200
      1 7202
      1 7203
      2 7206
      2 7208
      1 7210
      3 7212
      2 7213
      1 7215
      1 7216
      1 7217
      2 7219
      1 7223
      1 7225
      2 7226
      1 7229
      1 7231
      1 7232
      1 7233
      1 7234
      1 7237
      2 7239
      3 7242
      3 7243
      1 7244
      1 7249
      2 7252
      1 7253
      1 7259
      1 7262
      7 7263
      1 7264
      1 7267
      2 7268
      1 7269
      1 7271
      1 7272
      1 7275
      1 7277
      2 7278
      1 7279
      2 7283
      1 7285
      1 7286
      2 7287
      1 7288
      1 7289
      3 7290
      1 7291
      1 7292
      1 7293
      2 7296
      1 7299
      1 7300
      1 7301
      1 7305
      1 7306
      1 7307
      2 7312
      1 7313
      1 7314
      1 7315
      1 7319
      1 7323
      1 7324
      1 7326
      3 7329
      1 7330
      1 7333
      1 7334
      1 7336
      1 7337
      1 7338
      1 7340
      1 7342
      2 7343
      1 7344
      2 7345
      2 7347
      1 7348
      2 7350
      2 7352
      2 7353
      2 7354
      2 7355
      1 7356
      2 7357
      1 7358
      1 7359
      1 7361
      1 7362
      2 7363
      2 7364
      2 7366
      1 7369
      1 7370
      2 7371
      1 7374
      1 7375
      2 7378
      1 7379
      1 7380
      2 7383
      2 7384
      1 7389
      2 7390
      1 7391
      4 7392
      1 7394
      3 7395
      1 7396
      4 7397
      1 7398
      2 7402
      3 7404
      3 7405
      1 7406
      2 7407
      1 7410
      2 7411
      1 7412
      1 7414
      1 7416
      2 7418
      1 7419
      3 7420
      5 7421
      1 7422
      1 7423
      2 7424
      1 7428
      1 7429
      1 7430
      1 7432
      1 7434
      1 7436
      4 7437
      1 7438
      2 7439
      1 7442
      2 7443
      2 7444
      2 7445
      1 7446
      1 7447
      2 7449
      1 7451
      1 7452
      1 7453
      1 7454
      1 7455
      3 7458
      1 7459
      3 7460
      2 7461
      1 7462
      1 7463
      2 7464
      2 7465
      1 7466
      1 7467
      2 7468
      1 7469
      1 7470
      2 7471
      2 7472
      3 7473
      1 7474
      3 7475
      1 7476
      2 7477
      1 7480
      3 7481
      1 7483
      2 7484
      1 7485
      2 7486
      3 7487
      2 7488
      1 7491
      1 7493
      3 7494
      1 7495
      3 7496
      1 7497
      3 7499
      2 7500
      1 7501
      5 7502
      3 7504
      3 7505
      2 7507
      2 7508
      3 7509
      1 7510
      3 7511
      3 7512
      3 7513
      1 7514
      1 7515
      2 7516
      2 7518
      1 7519
      2 7520
      2 7522
      1 7523
      1 7524
      2 7526
      4 7527
      8 7528
      3 7529
      1 7530
      5 7531
      1 7532
      3 7534
      1 7535
      1 7536
      1 7537
      1 7538
      1 7540
      1 7541
      1 7542
      2 7543
      2 7544
      2 7545
      2 7547
      1 7548
      3 7550
      2 7551
      1 7552
      1 7553
      1 7554
      1 7556
      4 7557
      1 7558
      1 7559
      2 7560
      2 7564
      1 7565
      2 7566
      2 7568
      1 7570
      2 7572
      2 7574
      1 7575
      2 7576
      2 7577
      3 7579
      2 7582
      2 7583
      2 7584
      2 7586
      1 7587
      2 7589
      1 7592
      1 7593
      1 7594
      3 7595
      1 7598
      2 7599
      1 7601
      2 7603
      1 7604
      1 7606
      1 7607
      1 7608
      2 7610
      2 7611
      1 7612
      1 7616
      2 7617
      2 7618
      1 7619
      2 7624
      2 7625
      1 7627
      1 7628
      3 7629
      1 7631
      1 7632
      4 7633
      1 7634
      2 7635
      1 7636
      3 7638
      1 7639
      2 7641
      3 7642
      2 7643
      1 7645
      1 7646
      2 7647
      1 7648
      2 7649
      1 7650
      1 7651
      1 7652
      1 7653
      2 7654
      1 7655
      1 7656
      3 7658
      1 7659
      1 7662
      2 7664
      1 7665
      2 7667
      1 7672
      2 7675
      2 7676
      1 7678
      2 7679
      1 7684
      2 7686
      1 7687
      1 7688
      3 7690
      1 7693
      1 7695
      1 7697
      3 7700
      2 7701
      1 7704
      1 7705
      1 7706
      4 7708
      1 7710
      1 7711
      2 7712
      1 7713
      1 7715
      1 7716
      1 7717
      2 7719
      2 7720
      3 7721
      1 7722
      1 7723
      1 7727
      1 7728
      3 7730
      3 7732
      1 7733
      1 7734
      1 7736
      2 7737
      2 7738
      1 7739
      1 7741
      1 7742
      1 7744
      1 7745
      1 7747
      2 7749
      1 7751
      1 7753
      1 7756
      2 7757
      2 7758
      1 7760
      1 7763
      1 7764
      1 7765
      1 7766
      2 7768
      1 7769
      1 7770
      1 7771
      3 7773
      1 7779
      1 7782
      1 7789
      2 7792
      1 7794
      3 7797
      2 7798
      1 7800
      4 7801
      1 7802
      1 7803
      2 7804
      1 7807
      1 7808
      1 7809
      1 7812
      1 7814
      1 7815
      3 7817
      3 7820
      2 7821
      1 7824
      1 7826
      2 7827
      3 7828
      4 7829
      1 7830
      1 7831
      2 7832
      3 7834
      2 7835
      3 7836
      6 7838
      2 7839
      3 7840
      2 7842
      3 7844
      3 7845
      1 7848
      1 7849
      2 7850
      1 7851
      2 7852
      1 7853
      1 7854
      2 7855
      1 7856
      6 7857
      1 7858
      1 7859
      1 7861
      1 7862
      4 7863
      1 7864
      1 7865
      3 7867
      3 7868
      2 7869
      2 7870
      2 7871
      1 7873
      4 7874
      2 7875
      2 7876
      2 7877
      2 7879
      1 7880
      1 7881
      6 7882
      2 7884
      1 7885
      3 7887
      1 7888
      3 7889
      5 7890
      1 7891
      7 7893
      6 7894
      2 7895
      1 7896
      3 7897
      5 7898
      7 7899
      2 7900
      3 7901
      4 7902
      4 7903
      1 7904
      8 7905
      6 7906
     10 7907
      7 7908
      6 7909
      6 7910
      5 7911
      7 7912
      6 7913
     13 7914
     12 7915
     11 7916
     11 7917
     10 7918
      2 7919
     11 7920
     13 7921
     12 7922
     11 7923
     10 7924
     10 7925
     11 7926
     10 7927
     16 7928
      8 7929
      5 7930
      7 7931
     17 7932
      9 7933
     15 7934
      7 7935
     17 7936
     15 7937
     11 7938
      8 7939
      4 7940
     17 7941
     11 7942
     11 7943
     11 7944
      7 7945
      7 7946
      7 7947
      2 7948
      2 7949
      3 7950
      2 7951
      7 7952
      2 7953
      4 7954
      1 7955
      2 7956
      4 7957
      1 7958
      2 7960
      4 7961
      1 7962
      1 7963
      6 7964
      4 7965
      2 7966
      5 7967
      1 7968
      4 7969
      6 7970
     12 7971
      4 7972
      3 7973
      8 7974
      5 7975
     10 7976
      5 7977
      3 7978
      2 7979
      2 7980
      1 7981
      4 7982
      1 7983
      3 7984
      4 7985
      2 7986
      1 7987
      1 7988
      1 7989
      2 7990
      2 7991
      2 7992
      5 7993
      2 7994
      3 7995
      3 7996
      4 7997
      1 7999
