 228868 0
69760313 1
166190214 2
291205354 3
399583977 4
450530040 5
431815041 6
360620351 7
267203746 8
178446418 9
108653478 10
61103012 11
32175343 12
16120544 13
7872938 14
3883214 15
2056421 16
1216477 17
 821380 18
 615531 19
 498584 20
 417492 21
 356437 22
 313363 23
 274416 24
 241554 25
 213413 26
 187869 27
 168403 28
 150934 29
 136184 30
 122632 31
 109556 32
  98807 33
  89633 34
  82371 35
  75029 36
  68985 37
  62675 38
  58208 39
  53331 40
  50229 41
  47856 42
  45055 43
  42883 44
  40653 45
  37531 46
  35720 47
  33994 48
  32160 49
  31217 50
  29483 51
  28527 52
  26884 53
  25665 54
  24650 55
  24029 56
  23331 57
  22472 58
  22173 59
  20717 60
  20295 61
  19428 62
  18942 63
  18205 64
  17497 65
  16817 66
  16540 67
  16005 68
  15573 69
  15094 70
  14633 71
  14231 72
  13378 73
  12979 74
  12867 75
  12699 76
  12204 77
  11936 78
  11562 79
  11444 80
  11197 81
  11052 82
  10941 83
  10528 84
  10392 85
  10289 86
   9924 87
   9960 88
   9465 89
   9208 90
   9188 91
   8882 92
   8845 93
   8633 94
   8330 95
   8242 96
   8031 97
   8042 98
   7862 99
   7808 100
   7342 101
   7147 102
   7189 103
   7039 104
   6982 105
   7020 106
   6606 107
   6307 108
   6389 109
   6475 110
   6247 111
   6162 112
   6002 113
   5914 114
   5923 115
   5774 116
   5744 117
   5658 118
   5319 119
   5383 120
   5316 121
   5169 122
   5463 123
   5204 124
   5373 125
   5197 126
   5231 127
   5068 128
   5006 129
   4912 130
   4703 131
   4559 132
   4668 133
   4521 134
   4553 135
   4513 136
   4480 137
   4395 138
   4334 139
   4258 140
   4352 141
   4125 142
   4202 143
   4204 144
   4056 145
   4147 146
   3953 147
   3905 148
   3852 149
   3723 150
   3692 151
   3726 152
   3725 153
   3562 154
   3520 155
   3605 156
   3412 157
   3402 158
   3497 159
   3306 160
   3323 161
   3379 162
   3224 163
   3272 164
   3109 165
   3109 166
   3148 167
   3074 168
   3042 169
   3020 170
   3066 171
   3061 172
   2905 173
   2917 174
   2913 175
   2939 176
   2905 177
   2804 178
   2702 179
   2658 180
   2644 181
   2665 182
   2741 183
   2596 184
   2628 185
   2594 186
   2700 187
   2492 188
   2487 189
   2524 190
   2500 191
   2508 192
   2414 193
   2481 194
   2422 195
   2435 196
   2418 197
   2329 198
   2465 199
   2254 200
   2255 201
   2291 202
   2240 203
   2174 204
   2257 205
   2146 206
   2090 207
   2159 208
   2158 209
   2217 210
   2146 211
   2122 212
   2079 213
   2019 214
   2041 215
   2104 216
   2053 217
   2097 218
   2025 219
   2026 220
   1979 221
   2022 222
   2099 223
   2079 224
   2154 225
   2043 226
   2018 227
   2034 228
   2040 229
   2027 230
   2091 231
   1975 232
   1971 233
   1955 234
   2086 235
   1981 236
   2104 237
   2162 238
   2089 239
   2123 240
   2136 241
   2075 242
   2083 243
   2107 244
   2105 245
   2180 246
   2267 247
   2143 248
   2092 249
   2118 250
   2193 251
   2194 252
   2234 253
   2244 254
   2272 255
   2245 256
   2188 257
   2272 258
   2280 259
   2395 260
   2437 261
   2345 262
   2443 263
   2341 264
   2357 265
   2437 266
   2528 267
   2502 268
   2478 269
   2558 270
   2507 271
   2509 272
   2469 273
   2581 274
   2525 275
   2636 276
   2551 277
   2638 278
   2713 279
   2748 280
   2821 281
   2771 282
   2893 283
   2868 284
   2800 285
   2839 286
   2724 287
   2806 288
   2858 289
   2874 290
   2849 291
   2780 292
   2859 293
   2829 294
   2829 295
   2920 296
   2838 297
   3003 298
   2896 299
   2859 300
   2894 301
   2775 302
   2916 303
   2997 304
   2957 305
   2937 306
   2996 307
   2851 308
   2829 309
   2787 310
   2682 311
   2728 312
   2638 313
   2633 314
   2568 315
   2607 316
   2524 317
   2445 318
   2466 319
   2362 320
   2378 321
   2338 322
   2357 323
   2292 324
   2341 325
   2152 326
   2164 327
   2127 328
   2115 329
   2069 330
   2000 331
   2004 332
   1926 333
   1858 334
   1859 335
   1805 336
   1768 337
   1737 338
   1684 339
   1668 340
   1691 341
   1708 342
   1603 343
   1577 344
   1498 345
   1401 346
   1449 347
   1458 348
   1443 349
   1502 350
   1468 351
   1392 352
   1458 353
   1424 354
   1316 355
   1364 356
   1398 357
   1301 358
   1310 359
   1260 360
   1277 361
   1255 362
   1192 363
   1146 364
   1207 365
   1125 366
   1162 367
   1147 368
   1076 369
   1079 370
   1084 371
   1088 372
   1092 373
   1042 374
    977 375
   1010 376
    980 377
    985 378
   1091 379
    967 380
   1004 381
    927 382
   1015 383
    978 384
   1034 385
    909 386
    925 387
    970 388
    926 389
    943 390
    907 391
    900 392
    892 393
    823 394
    851 395
    894 396
    889 397
    913 398
    894 399
    837 400
    832 401
    883 402
    856 403
    869 404
    885 405
    785 406
    878 407
    858 408
    817 409
    830 410
    818 411
    801 412
    757 413
    722 414
    798 415
    742 416
    761 417
    750 418
    731 419
    715 420
    737 421
    741 422
    752 423
    715 424
    692 425
    700 426
    748 427
    704 428
    747 429
    693 430
    656 431
    736 432
    698 433
    653 434
    613 435
    655 436
    699 437
    643 438
    703 439
    644 440
    613 441
    592 442
    596 443
    595 444
    593 445
    614 446
    541 447
    630 448
    598 449
    596 450
    595 451
    558 452
    576 453
    565 454
    567 455
    582 456
    497 457
    583 458
    525 459
    503 460
    551 461
    573 462
    512 463
    531 464
    556 465
    564 466
    534 467
    508 468
    513 469
    524 470
    498 471
    510 472
    480 473
    458 474
    442 475
    446 476
    488 477
    487 478
    422 479
    470 480
    438 481
    463 482
    487 483
    425 484
    460 485
    512 486
    467 487
    461 488
    459 489
    432 490
    452 491
    439 492
    434 493
    446 494
    467 495
    429 496
    444 497
    433 498
    483 499
    409 500
    409 501
    449 502
    467 503
    437 504
    423 505
    460 506
    424 507
    375 508
    464 509
    439 510
    448 511
    399 512
    451 513
    374 514
    375 515
    405 516
    391 517
    387 518
    403 519
    393 520
    422 521
    422 522
    444 523
    421 524
    422 525
    389 526
    401 527
    367 528
    407 529
    419 530
    352 531
    392 532
    343 533
    378 534
    401 535
    348 536
    355 537
    374 538
    387 539
    402 540
    332 541
    377 542
    373 543
    372 544
    359 545
    343 546
    360 547
    322 548
    358 549
    353 550
    337 551
    343 552
    366 553
    365 554
    361 555
    349 556
    372 557
    365 558
    344 559
    398 560
    355 561
    388 562
    364 563
    338 564
    379 565
    368 566
    357 567
    359 568
    373 569
    355 570
    380 571
    339 572
    366 573
    337 574
    353 575
    355 576
    393 577
    374 578
    336 579
    327 580
    406 581
    381 582
    377 583
    337 584
    349 585
    363 586
    374 587
    362 588
    349 589
    373 590
    386 591
    335 592
    338 593
    329 594
    320 595
    315 596
    335 597
    383 598
    319 599
    353 600
    340 601
    294 602
    345 603
    298 604
    329 605
    332 606
    324 607
    316 608
    299 609
    298 610
    353 611
    314 612
    362 613
    304 614
    304 615
    362 616
    322 617
    340 618
    345 619
    282 620
    293 621
    349 622
    348 623
    274 624
    299 625
    313 626
    326 627
    325 628
    303 629
    301 630
    308 631
    289 632
    320 633
    313 634
    305 635
    270 636
    316 637
    299 638
    318 639
    337 640
    310 641
    307 642
    293 643
    343 644
    313 645
    326 646
    308 647
    321 648
    297 649
    295 650
    317 651
    304 652
    341 653
    287 654
    264 655
    305 656
    292 657
    305 658
    275 659
    286 660
    272 661
    289 662
    286 663
    303 664
    286 665
    274 666
    301 667
    306 668
    315 669
    287 670
    289 671
    286 672
    277 673
    298 674
    283 675
    302 676
    310 677
    326 678
    296 679
    297 680
    272 681
    317 682
    269 683
    275 684
    285 685
    279 686
    286 687
    269 688
    277 689
    280 690
    290 691
    251 692
    288 693
    286 694
    271 695
    297 696
    270 697
    282 698
    320 699
    311 700
    270 701
    284 702
    257 703
    327 704
    321 705
    267 706
    281 707
    286 708
    276 709
    280 710
    271 711
    257 712
    263 713
    295 714
    293 715
    270 716
    273 717
    271 718
    272 719
    255 720
    226 721
    266 722
    251 723
    251 724
    279 725
    245 726
    294 727
    297 728
    249 729
    271 730
    305 731
    281 732
    307 733
    261 734
    272 735
    263 736
    265 737
    264 738
    283 739
    298 740
    296 741
    283 742
    267 743
    333 744
    292 745
    274 746
    267 747
    290 748
    341 749
    252 750
    288 751
    309 752
    273 753
    238 754
    250 755
    281 756
    266 757
    267 758
    286 759
    287 760
    231 761
    257 762
    255 763
    247 764
    261 765
    268 766
    259 767
    285 768
    290 769
    267 770
    265 771
    306 772
    275 773
    285 774
    277 775
    261 776
    269 777
    265 778
    299 779
    236 780
    272 781
    245 782
    264 783
    291 784
    239 785
    256 786
    280 787
    262 788
    245 789
    263 790
    250 791
    291 792
    265 793
    275 794
    243 795
    282 796
    225 797
    258 798
    291 799
    279 800
    279 801
    231 802
    254 803
    267 804
    250 805
    285 806
    260 807
    237 808
    240 809
    287 810
    282 811
    298 812
    279 813
    283 814
    245 815
    272 816
    260 817
    264 818
    277 819
    302 820
    271 821
    240 822
    276 823
    289 824
    254 825
    261 826
    248 827
    243 828
    241 829
    216 830
    264 831
    240 832
    245 833
    283 834
    245 835
    253 836
    256 837
    248 838
    282 839
    290 840
    279 841
    254 842
    276 843
    274 844
    232 845
    264 846
    289 847
    284 848
    269 849
    249 850
    255 851
    252 852
    255 853
    269 854
    233 855
    245 856
    259 857
    263 858
    235 859
    232 860
    250 861
    210 862
    225 863
    231 864
    271 865
    263 866
    250 867
    242 868
    237 869
    249 870
    242 871
    256 872
    260 873
    233 874
    247 875
    267 876
    232 877
    273 878
    269 879
    251 880
    243 881
    250 882
    293 883
    266 884
    235 885
    249 886
    272 887
    253 888
    234 889
    230 890
    271 891
    252 892
    249 893
    273 894
    238 895
    252 896
    246 897
    290 898
    266 899
    269 900
    225 901
    240 902
    233 903
    209 904
    248 905
    270 906
    258 907
    219 908
    234 909
    247 910
    207 911
    248 912
    252 913
    290 914
    229 915
    256 916
    257 917
    240 918
    254 919
    248 920
    240 921
    207 922
    263 923
    229 924
    243 925
    255 926
    234 927
    234 928
    250 929
    251 930
    272 931
    284 932
    230 933
    253 934
    242 935
    232 936
    250 937
    220 938
    238 939
    203 940
    240 941
    233 942
    243 943
    245 944
    227 945
    215 946
    227 947
    247 948
    222 949
    222 950
    228 951
    221 952
    210 953
    259 954
    258 955
    244 956
    240 957
    224 958
    247 959
    237 960
    218 961
    226 962
    215 963
    212 964
    210 965
    206 966
    211 967
    224 968
    199 969
    222 970
    226 971
    242 972
    227 973
    196 974
    197 975
    186 976
    204 977
    200 978
    199 979
    182 980
    212 981
    198 982
    173 983
    221 984
    201 985
    214 986
    205 987
    193 988
    157 989
    176 990
    203 991
    195 992
    201 993
    180 994
    220 995
    189 996
    185 997
    180 998
    163 999
    172 1000
    190 1001
    195 1002
    195 1003
    190 1004
    154 1005
    185 1006
    187 1007
    168 1008
    164 1009
    190 1010
    191 1011
    171 1012
    172 1013
    150 1014
    178 1015
    150 1016
    152 1017
    148 1018
    142 1019
    193 1020
    171 1021
    138 1022
    145 1023
    163 1024
    152 1025
    155 1026
    161 1027
    154 1028
    153 1029
    146 1030
    156 1031
    156 1032
    172 1033
    145 1034
    158 1035
    131 1036
    157 1037
    150 1038
    176 1039
    156 1040
    145 1041
    143 1042
    146 1043
    157 1044
    148 1045
    151 1046
    148 1047
    131 1048
    162 1049
    161 1050
    149 1051
    136 1052
    147 1053
    144 1054
    142 1055
    149 1056
    136 1057
    146 1058
    130 1059
    125 1060
    133 1061
    157 1062
    151 1063
    150 1064
    154 1065
    155 1066
    151 1067
    147 1068
    157 1069
    126 1070
    148 1071
    136 1072
    155 1073
    133 1074
    164 1075
    142 1076
    134 1077
    133 1078
    133 1079
    142 1080
    150 1081
    170 1082
    136 1083
    157 1084
    129 1085
    140 1086
    150 1087
    149 1088
    150 1089
    142 1090
    143 1091
    152 1092
    128 1093
    146 1094
    143 1095
    143 1096
    128 1097
    149 1098
    143 1099
    127 1100
    163 1101
    134 1102
    158 1103
    123 1104
    131 1105
    130 1106
    144 1107
    122 1108
    156 1109
    140 1110
    148 1111
    127 1112
    136 1113
    149 1114
    135 1115
    130 1116
    114 1117
    160 1118
    125 1119
    132 1120
    127 1121
    118 1122
    130 1123
    135 1124
    160 1125
    140 1126
    137 1127
    135 1128
    137 1129
    134 1130
    145 1131
    132 1132
    119 1133
    113 1134
    131 1135
    140 1136
    128 1137
    140 1138
    138 1139
    150 1140
    159 1141
    149 1142
    117 1143
    124 1144
    160 1145
    124 1146
    136 1147
    149 1148
    128 1149
    121 1150
    100 1151
    126 1152
    154 1153
    142 1154
    162 1155
    127 1156
    133 1157
    146 1158
    146 1159
    110 1160
    128 1161
    115 1162
    110 1163
    113 1164
    140 1165
    114 1166
    121 1167
    117 1168
    131 1169
    107 1170
    114 1171
    136 1172
     96 1173
    117 1174
     91 1175
    100 1176
    102 1177
    123 1178
    116 1179
    104 1180
     95 1181
    125 1182
    128 1183
    125 1184
    121 1185
    106 1186
    114 1187
    117 1188
     98 1189
     90 1190
    102 1191
    104 1192
    119 1193
    118 1194
    117 1195
    128 1196
    110 1197
    117 1198
    108 1199
    106 1200
    126 1201
     97 1202
    125 1203
    119 1204
    107 1205
    113 1206
    119 1207
    129 1208
    136 1209
    109 1210
    125 1211
    124 1212
    116 1213
    107 1214
    128 1215
    135 1216
    129 1217
    125 1218
    109 1219
    131 1220
     91 1221
    116 1222
     96 1223
    112 1224
    126 1225
    104 1226
    100 1227
    118 1228
    123 1229
    108 1230
    115 1231
    115 1232
    109 1233
    101 1234
    105 1235
    116 1236
    108 1237
    140 1238
     96 1239
    114 1240
    119 1241
    125 1242
    106 1243
     99 1244
    129 1245
    113 1246
    124 1247
    119 1248
    124 1249
    124 1250
    123 1251
    106 1252
     94 1253
    109 1254
    104 1255
     85 1256
    124 1257
     98 1258
    106 1259
     94 1260
    122 1261
    111 1262
     92 1263
    114 1264
    112 1265
    104 1266
    112 1267
    103 1268
     81 1269
    104 1270
    106 1271
    104 1272
     92 1273
    105 1274
    109 1275
    102 1276
     85 1277
     86 1278
     79 1279
     95 1280
    112 1281
     96 1282
     92 1283
    103 1284
     97 1285
    112 1286
    111 1287
     88 1288
     92 1289
     92 1290
     92 1291
    111 1292
     86 1293
    111 1294
     89 1295
    106 1296
     99 1297
    114 1298
    104 1299
    104 1300
    111 1301
     83 1302
    111 1303
    104 1304
     82 1305
     95 1306
     92 1307
    111 1308
    108 1309
     93 1310
     97 1311
     87 1312
     99 1313
    120 1314
     91 1315
    101 1316
     91 1317
    103 1318
     88 1319
     88 1320
     73 1321
     94 1322
    111 1323
    112 1324
     83 1325
     97 1326
     99 1327
    108 1328
     85 1329
     86 1330
     91 1331
     99 1332
     99 1333
     93 1334
     84 1335
     87 1336
     99 1337
     95 1338
     92 1339
    114 1340
    107 1341
     77 1342
     83 1343
     99 1344
     96 1345
     86 1346
    105 1347
    102 1348
     86 1349
    102 1350
     91 1351
    101 1352
     90 1353
     92 1354
     83 1355
    103 1356
    102 1357
    111 1358
     86 1359
     91 1360
    105 1361
     99 1362
    116 1363
     98 1364
    103 1365
     94 1366
     92 1367
    107 1368
    107 1369
     98 1370
     83 1371
     90 1372
     95 1373
    107 1374
     97 1375
     83 1376
     93 1377
     87 1378
     92 1379
    108 1380
    102 1381
    103 1382
    114 1383
     93 1384
     96 1385
     88 1386
     89 1387
     86 1388
     99 1389
    103 1390
     97 1391
     94 1392
     97 1393
     99 1394
     96 1395
     99 1396
     86 1397
     93 1398
     95 1399
     86 1400
     84 1401
     94 1402
     81 1403
     87 1404
    100 1405
     94 1406
     80 1407
     88 1408
     73 1409
     78 1410
     93 1411
    102 1412
     98 1413
     87 1414
     98 1415
    117 1416
     86 1417
     84 1418
     96 1419
     92 1420
     93 1421
     88 1422
     91 1423
     82 1424
     75 1425
     98 1426
     85 1427
     93 1428
     91 1429
    100 1430
    103 1431
     95 1432
    103 1433
     90 1434
     89 1435
     73 1436
     94 1437
     85 1438
    103 1439
     85 1440
     74 1441
     85 1442
     95 1443
     86 1444
     77 1445
     90 1446
     77 1447
     88 1448
     92 1449
    101 1450
    110 1451
     96 1452
     97 1453
     82 1454
     87 1455
     88 1456
     86 1457
    101 1458
     74 1459
     78 1460
     97 1461
     96 1462
     98 1463
     97 1464
     91 1465
     72 1466
     86 1467
     94 1468
    103 1469
     84 1470
     66 1471
     83 1472
     81 1473
    101 1474
     89 1475
     90 1476
    104 1477
     81 1478
     76 1479
     88 1480
     96 1481
     98 1482
    101 1483
     88 1484
     99 1485
     82 1486
     82 1487
     84 1488
     74 1489
     75 1490
     82 1491
     70 1492
    107 1493
     93 1494
     91 1495
    106 1496
     94 1497
     85 1498
     85 1499
     82 1500
     90 1501
     88 1502
     87 1503
     75 1504
     64 1505
     93 1506
     88 1507
     91 1508
     86 1509
     78 1510
     82 1511
     79 1512
     86 1513
     73 1514
     73 1515
     79 1516
     86 1517
     88 1518
     85 1519
    101 1520
     99 1521
     95 1522
     92 1523
    103 1524
    106 1525
    107 1526
     87 1527
     86 1528
     96 1529
     73 1530
     70 1531
     91 1532
     60 1533
     71 1534
     81 1535
    100 1536
     85 1537
     78 1538
     91 1539
     76 1540
     91 1541
     71 1542
    100 1543
     76 1544
     89 1545
     87 1546
     91 1547
     82 1548
     94 1549
     77 1550
     74 1551
     85 1552
     88 1553
     81 1554
     84 1555
     79 1556
     90 1557
     94 1558
     86 1559
     73 1560
     87 1561
     94 1562
     83 1563
     76 1564
     75 1565
     63 1566
     73 1567
     64 1568
     82 1569
     73 1570
     75 1571
     67 1572
     71 1573
     67 1574
     70 1575
     73 1576
     65 1577
     84 1578
     62 1579
     57 1580
     78 1581
     75 1582
     74 1583
     79 1584
     80 1585
     63 1586
     91 1587
     86 1588
     62 1589
     77 1590
     69 1591
     69 1592
     73 1593
     74 1594
     67 1595
     65 1596
     63 1597
     72 1598
     66 1599
     62 1600
     64 1601
     79 1602
     72 1603
     73 1604
     75 1605
     80 1606
     79 1607
     78 1608
     60 1609
     61 1610
     81 1611
     77 1612
     87 1613
     67 1614
     73 1615
     78 1616
     77 1617
     80 1618
     83 1619
     71 1620
     73 1621
     80 1622
     65 1623
     68 1624
     75 1625
     83 1626
     74 1627
     83 1628
     71 1629
     65 1630
     66 1631
     68 1632
     73 1633
     65 1634
     66 1635
     73 1636
     68 1637
     65 1638
     69 1639
     88 1640
     85 1641
     63 1642
     51 1643
     59 1644
     67 1645
     62 1646
     71 1647
     74 1648
     54 1649
     79 1650
     61 1651
     72 1652
     65 1653
     62 1654
     72 1655
     45 1656
     63 1657
     63 1658
     71 1659
     59 1660
     68 1661
     58 1662
     53 1663
     53 1664
     57 1665
     63 1666
     67 1667
     61 1668
     45 1669
     63 1670
     60 1671
     66 1672
     75 1673
     67 1674
     68 1675
     55 1676
     60 1677
     59 1678
     50 1679
     70 1680
     57 1681
     56 1682
     61 1683
     64 1684
     58 1685
     48 1686
     66 1687
     67 1688
     56 1689
     69 1690
     74 1691
     68 1692
     75 1693
     70 1694
     64 1695
     58 1696
     52 1697
     60 1698
     67 1699
     68 1700
     60 1701
     71 1702
     54 1703
     57 1704
     62 1705
     63 1706
     77 1707
     78 1708
     61 1709
     75 1710
     60 1711
     75 1712
     72 1713
     62 1714
     68 1715
     64 1716
     65 1717
     70 1718
     58 1719
     64 1720
     56 1721
     70 1722
     69 1723
     60 1724
     74 1725
     64 1726
     67 1727
     48 1728
     65 1729
     56 1730
     75 1731
     71 1732
     61 1733
     72 1734
     66 1735
     59 1736
     67 1737
     57 1738
     81 1739
     59 1740
     61 1741
     80 1742
     83 1743
     64 1744
     70 1745
     73 1746
     79 1747
     75 1748
     76 1749
     73 1750
     68 1751
     63 1752
     56 1753
     67 1754
     57 1755
     61 1756
     63 1757
     67 1758
     68 1759
     77 1760
     56 1761
     60 1762
     62 1763
     61 1764
     76 1765
     75 1766
     65 1767
     75 1768
     72 1769
     74 1770
     63 1771
     75 1772
     68 1773
     67 1774
     76 1775
     79 1776
     72 1777
     68 1778
     83 1779
     85 1780
     72 1781
     68 1782
     80 1783
     78 1784
     86 1785
     79 1786
     68 1787
     78 1788
     73 1789
     84 1790
     77 1791
     75 1792
     68 1793
     75 1794
     55 1795
     75 1796
     69 1797
     85 1798
     89 1799
     90 1800
     81 1801
     91 1802
     84 1803
     77 1804
     85 1805
     83 1806
     68 1807
     85 1808
     85 1809
     78 1810
     85 1811
     88 1812
     81 1813
     67 1814
     82 1815
     84 1816
     69 1817
     84 1818
     85 1819
     82 1820
     78 1821
     88 1822
     89 1823
    102 1824
     88 1825
     81 1826
     92 1827
     90 1828
     86 1829
     71 1830
     88 1831
     84 1832
     67 1833
     83 1834
     81 1835
     83 1836
     85 1837
     73 1838
     75 1839
    100 1840
     62 1841
     91 1842
     76 1843
     84 1844
     84 1845
     82 1846
     83 1847
     86 1848
     84 1849
     94 1850
     92 1851
    106 1852
     68 1853
     82 1854
     92 1855
     82 1856
     86 1857
     89 1858
     87 1859
     83 1860
     73 1861
     90 1862
     86 1863
     80 1864
     73 1865
     72 1866
     70 1867
     73 1868
     93 1869
     85 1870
     90 1871
    107 1872
     77 1873
     78 1874
     82 1875
     91 1876
     89 1877
     79 1878
     87 1879
     91 1880
     83 1881
     80 1882
     79 1883
    104 1884
     76 1885
     99 1886
     84 1887
     93 1888
     85 1889
     81 1890
     70 1891
    102 1892
     81 1893
     75 1894
    108 1895
     77 1896
    114 1897
     89 1898
     98 1899
    100 1900
     96 1901
    101 1902
     81 1903
     93 1904
     90 1905
     87 1906
     79 1907
     97 1908
     95 1909
     88 1910
     75 1911
     79 1912
     88 1913
     85 1914
     66 1915
     75 1916
     82 1917
     85 1918
     81 1919
     93 1920
     90 1921
     68 1922
     69 1923
     79 1924
     72 1925
     70 1926
     84 1927
     79 1928
     73 1929
     90 1930
     83 1931
     89 1932
     79 1933
     74 1934
     66 1935
     70 1936
     72 1937
     91 1938
     73 1939
     75 1940
     72 1941
     66 1942
     72 1943
     83 1944
     70 1945
     67 1946
     58 1947
     67 1948
     80 1949
     85 1950
     79 1951
     85 1952
     69 1953
     76 1954
     57 1955
     84 1956
     76 1957
     69 1958
     71 1959
     76 1960
     68 1961
     69 1962
     66 1963
     84 1964
     80 1965
     77 1966
     79 1967
     73 1968
     82 1969
     69 1970
     67 1971
     71 1972
     57 1973
     64 1974
     62 1975
     65 1976
     69 1977
     88 1978
     69 1979
     80 1980
     66 1981
     88 1982
     75 1983
     73 1984
     76 1985
     67 1986
     80 1987
     68 1988
     78 1989
     77 1990
     90 1991
     82 1992
     73 1993
     71 1994
     73 1995
     66 1996
     75 1997
     70 1998
     73 1999
     77 2000
     58 2001
     75 2002
     78 2003
     62 2004
     65 2005
     73 2006
     59 2007
     71 2008
     73 2009
     65 2010
     83 2011
     65 2012
     75 2013
     78 2014
     69 2015
     67 2016
     76 2017
     79 2018
     74 2019
     66 2020
     72 2021
     67 2022
     50 2023
     55 2024
     63 2025
     62 2026
     73 2027
     54 2028
     80 2029
     71 2030
     48 2031
     56 2032
     66 2033
     49 2034
     56 2035
     57 2036
     61 2037
     53 2038
     42 2039
     62 2040
     68 2041
     60 2042
     54 2043
     59 2044
     63 2045
     57 2046
     43 2047
     48 2048
     59 2049
     53 2050
     57 2051
     60 2052
     67 2053
     47 2054
     77 2055
     83 2056
     46 2057
     57 2058
     60 2059
     53 2060
     47 2061
     60 2062
     46 2063
     54 2064
     68 2065
     63 2066
     64 2067
     66 2068
     53 2069
     63 2070
     53 2071
     55 2072
     62 2073
     48 2074
     49 2075
     57 2076
     60 2077
     50 2078
     60 2079
     57 2080
     48 2081
     53 2082
     60 2083
     46 2084
     53 2085
     61 2086
     61 2087
     67 2088
     59 2089
     58 2090
     49 2091
     57 2092
     60 2093
     42 2094
     67 2095
     47 2096
     63 2097
     49 2098
     49 2099
     51 2100
     61 2101
     49 2102
     61 2103
     44 2104
     57 2105
     58 2106
     45 2107
     49 2108
     42 2109
     40 2110
     40 2111
     74 2112
     49 2113
     48 2114
     57 2115
     51 2116
     45 2117
     49 2118
     49 2119
     50 2120
     43 2121
     29 2122
     42 2123
     53 2124
     61 2125
     54 2126
     48 2127
     38 2128
     42 2129
     56 2130
     35 2131
     43 2132
     47 2133
     40 2134
     58 2135
     40 2136
     42 2137
     38 2138
     44 2139
     52 2140
     41 2141
     37 2142
     46 2143
     41 2144
     45 2145
     32 2146
     38 2147
     38 2148
     35 2149
     38 2150
     42 2151
     42 2152
     36 2153
     39 2154
     43 2155
     33 2156
     38 2157
     42 2158
     41 2159
     36 2160
     37 2161
     31 2162
     35 2163
     45 2164
     45 2165
     44 2166
     45 2167
     46 2168
     40 2169
     52 2170
     47 2171
     36 2172
     27 2173
     37 2174
     40 2175
     34 2176
     33 2177
     35 2178
     39 2179
     36 2180
     34 2181
     31 2182
     40 2183
     33 2184
     38 2185
     34 2186
     37 2187
     34 2188
     36 2189
     41 2190
     23 2191
     19 2192
     38 2193
     27 2194
     36 2195
     33 2196
     28 2197
     36 2198
     31 2199
     34 2200
     40 2201
     24 2202
     43 2203
     44 2204
     29 2205
     31 2206
     25 2207
     32 2208
     26 2209
     33 2210
     40 2211
     28 2212
     32 2213
     41 2214
     20 2215
     41 2216
     24 2217
     28 2218
     29 2219
     37 2220
     26 2221
     27 2222
     31 2223
     27 2224
     22 2225
     28 2226
     36 2227
     34 2228
     32 2229
     18 2230
     30 2231
     29 2232
     26 2233
     24 2234
     32 2235
     28 2236
     26 2237
     24 2238
     25 2239
     23 2240
     18 2241
     30 2242
     36 2243
     27 2244
     31 2245
     31 2246
     32 2247
     22 2248
     22 2249
     23 2250
     20 2251
     25 2252
     38 2253
     31 2254
     27 2255
     25 2256
     23 2257
     32 2258
     30 2259
     24 2260
     28 2261
     27 2262
     26 2263
     18 2264
     25 2265
     18 2266
     26 2267
     28 2268
     23 2269
     35 2270
     19 2271
     16 2272
     26 2273
     25 2274
     19 2275
     28 2276
     31 2277
     33 2278
     27 2279
     22 2280
     17 2281
     19 2282
     25 2283
     26 2284
     38 2285
     25 2286
     27 2287
     31 2288
     27 2289
     37 2290
     33 2291
     21 2292
     25 2293
     24 2294
     28 2295
     22 2296
     26 2297
     24 2298
     23 2299
     22 2300
     20 2301
     24 2302
     15 2303
     21 2304
     23 2305
     25 2306
     19 2307
     22 2308
     33 2309
     18 2310
     18 2311
     26 2312
     30 2313
     18 2314
     29 2315
     26 2316
     20 2317
     19 2318
     33 2319
     26 2320
     16 2321
     22 2322
     27 2323
     24 2324
     27 2325
     27 2326
     26 2327
     18 2328
     21 2329
     19 2330
     26 2331
     18 2332
     19 2333
     21 2334
     18 2335
     15 2336
     24 2337
     13 2338
     21 2339
     28 2340
     26 2341
     25 2342
     27 2343
     16 2344
     28 2345
     17 2346
     26 2347
     26 2348
     21 2349
     17 2350
     21 2351
     17 2352
     30 2353
     31 2354
     21 2355
     20 2356
     23 2357
     28 2358
     16 2359
     16 2360
     21 2361
     18 2362
     20 2363
     21 2364
     23 2365
     23 2366
     17 2367
     24 2368
     25 2369
     26 2370
     24 2371
     32 2372
     24 2373
     17 2374
     26 2375
     22 2376
     19 2377
     22 2378
     26 2379
     25 2380
     20 2381
     25 2382
     18 2383
     26 2384
     19 2385
     18 2386
     15 2387
     27 2388
     27 2389
     19 2390
     22 2391
     23 2392
     23 2393
     21 2394
     23 2395
     21 2396
     33 2397
     17 2398
     29 2399
     24 2400
     19 2401
     18 2402
     18 2403
     21 2404
     16 2405
     21 2406
     18 2407
     21 2408
     28 2409
     17 2410
     16 2411
     25 2412
     19 2413
     24 2414
     20 2415
     21 2416
     26 2417
     15 2418
     25 2419
     15 2420
     25 2421
     16 2422
     24 2423
     22 2424
     19 2425
     30 2426
     23 2427
     20 2428
     16 2429
     28 2430
     22 2431
     26 2432
     16 2433
     21 2434
     10 2435
     26 2436
     13 2437
     18 2438
     19 2439
     16 2440
     15 2441
     24 2442
     18 2443
     18 2444
     19 2445
     19 2446
     29 2447
     16 2448
     11 2449
     22 2450
     17 2451
     16 2452
     18 2453
     23 2454
     14 2455
      9 2456
     13 2457
     24 2458
     16 2459
     25 2460
     18 2461
     14 2462
     11 2463
     18 2464
     23 2465
     23 2466
     13 2467
     15 2468
     16 2469
     10 2470
     15 2471
     28 2472
     31 2473
     19 2474
     14 2475
     16 2476
     25 2477
     14 2478
     16 2479
      8 2480
     32 2481
     22 2482
     26 2483
     18 2484
     23 2485
     18 2486
     20 2487
     20 2488
     22 2489
     18 2490
     21 2491
     13 2492
     20 2493
     22 2494
     14 2495
     23 2496
      9 2497
     19 2498
     19 2499
     24 2500
     21 2501
     20 2502
     22 2503
     25 2504
     20 2505
     22 2506
     18 2507
     17 2508
     12 2509
     23 2510
     22 2511
     20 2512
     25 2513
     16 2514
     20 2515
     21 2516
     21 2517
     21 2518
     27 2519
     13 2520
     15 2521
     15 2522
     21 2523
     23 2524
     27 2525
     24 2526
     23 2527
     15 2528
     24 2529
     20 2530
     21 2531
     17 2532
     19 2533
     18 2534
     27 2535
     23 2536
     11 2537
     15 2538
     22 2539
     21 2540
     13 2541
     17 2542
     14 2543
     23 2544
     21 2545
     23 2546
     27 2547
     18 2548
     14 2549
     13 2550
     21 2551
     15 2552
     11 2553
     13 2554
     20 2555
     15 2556
     17 2557
     23 2558
     19 2559
      9 2560
     10 2561
     12 2562
     10 2563
     19 2564
     13 2565
     21 2566
     11 2567
     14 2568
     19 2569
     19 2570
     15 2571
     16 2572
     23 2573
     16 2574
     20 2575
     25 2576
     16 2577
     18 2578
     20 2579
     11 2580
     20 2581
     17 2582
     13 2583
     17 2584
     12 2585
     17 2586
     12 2587
     17 2588
     18 2589
     19 2590
      9 2591
     19 2592
     12 2593
     23 2594
     19 2595
     14 2596
     13 2597
     18 2598
     13 2599
     18 2600
     11 2601
     14 2602
     15 2603
     14 2604
     11 2605
     19 2606
     14 2607
     12 2608
     23 2609
      9 2610
     14 2611
     19 2612
     19 2613
     14 2614
     21 2615
     11 2616
     21 2617
     20 2618
     24 2619
     15 2620
     13 2621
      9 2622
     10 2623
     13 2624
     13 2625
     17 2626
     14 2627
      8 2628
     14 2629
     16 2630
     14 2631
     17 2632
      6 2633
      9 2634
     20 2635
     18 2636
     24 2637
     12 2638
     13 2639
     12 2640
     20 2641
     11 2642
     21 2643
     13 2644
     18 2645
      8 2646
     12 2647
     17 2648
     21 2649
     17 2650
     17 2651
     11 2652
     10 2653
     18 2654
     15 2655
     10 2656
     14 2657
     10 2658
     21 2659
     20 2660
     17 2661
     28 2662
     21 2663
     19 2664
     15 2665
     10 2666
     17 2667
     12 2668
     25 2669
     15 2670
     17 2671
     19 2672
     14 2673
     13 2674
     15 2675
     15 2676
     15 2677
     18 2678
     18 2679
     17 2680
     13 2681
     16 2682
     13 2683
     23 2684
     14 2685
     20 2686
     11 2687
     18 2688
     11 2689
     18 2690
     21 2691
     24 2692
     19 2693
     11 2694
     17 2695
     10 2696
     25 2697
     14 2698
     13 2699
     19 2700
     16 2701
     12 2702
     14 2703
     11 2704
     15 2705
     10 2706
     17 2707
     13 2708
     11 2709
     19 2710
     27 2711
     12 2712
     12 2713
     11 2714
     20 2715
     19 2716
     15 2717
     21 2718
     14 2719
     10 2720
     15 2721
     21 2722
      8 2723
     25 2724
     16 2725
      7 2726
     19 2727
     17 2728
     14 2729
     14 2730
     15 2731
     12 2732
     16 2733
      4 2734
     17 2735
      9 2736
     12 2737
     15 2738
     11 2739
     13 2740
     12 2741
     14 2742
     18 2743
      7 2744
     23 2745
      7 2746
     12 2747
     11 2748
     17 2749
     13 2750
     13 2751
     13 2752
     10 2753
     11 2754
     14 2755
     13 2756
      9 2757
     17 2758
     14 2759
     17 2760
     10 2761
     17 2762
     16 2763
     11 2764
     13 2765
     16 2766
     14 2767
     15 2768
     14 2769
     19 2770
     14 2771
      8 2772
     17 2773
     18 2774
     15 2775
     14 2776
     12 2777
     16 2778
     10 2779
     14 2780
     13 2781
     20 2782
     11 2783
     12 2784
     21 2785
     12 2786
     13 2787
     12 2788
     15 2789
     12 2790
     20 2791
     14 2792
     13 2793
      7 2794
     11 2795
     14 2796
     15 2797
     19 2798
     12 2799
     20 2800
     20 2801
     12 2802
     23 2803
     19 2804
     22 2805
     15 2806
     14 2807
     22 2808
     18 2809
     20 2810
     11 2811
     14 2812
     11 2813
     12 2814
     14 2815
     14 2816
     12 2817
     20 2818
     13 2819
     20 2820
     14 2821
     13 2822
     11 2823
     10 2824
     13 2825
      9 2826
     14 2827
     15 2828
     16 2829
     18 2830
      8 2831
      7 2832
     10 2833
     11 2834
     13 2835
      7 2836
     17 2837
      8 2838
     10 2839
      9 2840
     10 2841
     16 2842
     16 2843
      9 2844
     14 2845
      9 2846
     13 2847
     12 2848
     11 2849
     15 2850
      9 2851
     11 2852
      9 2853
     15 2854
     13 2855
     12 2856
     12 2857
     13 2858
      9 2859
     11 2860
      8 2861
     15 2862
      6 2863
      9 2864
     11 2865
     11 2866
      9 2867
     15 2868
     11 2869
      7 2870
      8 2871
     15 2872
     10 2873
      9 2874
     10 2875
     11 2876
     12 2877
      9 2878
      9 2879
     11 2880
     13 2881
      7 2882
      4 2883
      8 2884
     18 2885
     16 2886
     14 2887
     16 2888
     18 2889
     20 2890
     12 2891
      8 2892
     14 2893
      4 2894
      8 2895
     15 2896
      8 2897
      9 2898
      7 2899
      8 2900
      7 2901
      8 2902
      9 2903
     12 2904
      7 2905
     15 2906
     13 2907
     13 2908
      8 2909
     13 2910
     17 2911
      7 2912
     14 2913
     14 2914
      7 2915
     13 2916
     19 2917
     12 2918
     12 2919
      9 2920
      8 2921
      3 2922
      7 2923
     13 2924
     13 2925
     11 2926
     16 2927
      4 2928
      6 2929
     10 2930
      7 2931
     11 2932
      9 2933
     10 2934
     10 2935
     11 2936
     14 2937
      8 2938
      8 2939
     13 2940
     10 2941
      9 2942
      8 2943
     14 2944
     15 2945
      7 2946
      9 2947
      8 2948
     16 2949
     14 2950
     13 2951
      9 2952
     10 2953
     12 2954
      8 2955
     13 2956
     11 2957
     11 2958
     12 2959
     11 2960
      8 2961
     13 2962
      6 2963
      7 2964
     12 2965
     16 2966
     12 2967
     13 2968
      9 2969
     11 2970
      7 2971
      9 2972
      9 2973
     19 2974
      9 2975
      6 2976
      8 2977
     15 2978
      7 2979
      7 2980
      9 2981
     14 2982
     15 2983
     17 2984
     17 2985
     11 2986
     13 2987
     18 2988
     11 2989
     13 2990
     10 2991
     11 2992
      5 2993
     18 2994
      6 2995
      8 2996
     10 2997
     14 2998
      2 2999
     11 3000
      4 3001
     13 3002
     13 3003
     19 3004
     11 3005
      4 3006
      8 3007
      4 3008
     12 3009
      8 3010
     16 3011
      7 3012
      9 3013
     10 3014
      7 3015
      9 3016
     11 3017
     14 3018
      8 3019
      9 3020
     10 3021
     14 3022
      6 3023
     13 3024
     11 3025
      8 3026
     12 3027
     10 3028
      4 3029
      9 3030
     13 3031
      8 3032
     13 3033
     11 3034
      7 3035
     11 3036
     14 3037
      7 3038
      8 3039
     17 3040
      4 3041
      8 3042
      3 3043
     13 3044
      8 3045
     10 3046
     12 3047
     12 3048
     14 3049
      9 3050
     11 3051
     11 3052
      9 3053
     11 3054
     12 3055
      8 3056
      7 3057
     12 3058
      6 3059
     11 3060
     11 3061
     11 3062
     10 3063
     16 3064
      9 3065
     13 3066
      8 3067
     18 3068
     12 3069
     13 3070
      3 3071
      8 3072
      8 3073
     11 3074
      8 3075
     13 3076
     12 3077
      3 3078
      6 3079
     15 3080
     12 3081
      8 3082
      9 3083
      8 3084
      8 3085
      9 3086
      5 3087
      3 3088
     10 3089
     10 3090
     11 3091
      9 3092
      8 3093
      5 3094
     12 3095
      9 3096
      7 3097
      8 3098
     11 3099
      8 3100
     11 3101
      8 3102
      5 3103
      9 3104
      8 3105
     10 3106
      8 3107
      4 3108
     13 3109
      5 3110
      5 3111
      7 3112
      7 3113
     11 3114
      8 3115
      6 3116
      9 3117
      6 3118
      3 3119
      4 3120
     11 3121
      3 3122
     14 3123
     10 3124
      7 3125
      4 3126
     11 3127
      8 3128
      6 3129
      8 3130
      6 3131
      8 3132
      6 3133
      9 3134
      9 3135
      9 3136
     10 3137
      6 3138
      4 3139
      7 3140
      6 3141
      5 3142
      7 3143
      4 3144
      7 3145
     12 3146
      9 3147
      9 3148
      4 3149
      6 3150
      8 3151
      3 3152
     12 3153
      9 3154
      4 3155
      4 3156
      9 3157
      9 3158
      8 3159
      4 3160
      7 3161
      4 3162
      6 3163
      6 3164
      1 3165
      7 3166
      5 3167
      1 3168
      8 3169
      9 3170
      5 3171
     10 3172
      4 3173
      2 3174
      4 3175
      3 3176
      5 3177
     13 3178
      3 3179
      2 3180
     11 3181
      3 3182
      1 3183
      3 3184
     10 3185
      4 3186
      5 3187
      5 3188
      7 3189
      7 3190
      4 3191
      4 3192
      2 3193
      4 3194
      7 3195
      8 3196
      7 3197
      1 3198
      6 3199
      3 3200
      7 3201
      6 3202
      3 3203
      2 3204
     11 3205
      5 3206
      2 3207
      4 3208
      2 3209
      4 3210
      2 3211
     10 3212
      7 3213
      8 3214
      3 3215
      4 3216
      7 3217
      6 3218
      7 3219
      6 3220
      6 3221
      9 3222
      7 3223
      4 3224
      6 3225
      7 3226
     11 3227
     10 3228
      3 3229
      6 3230
      6 3231
      4 3232
      8 3233
      6 3234
      4 3235
      7 3236
      7 3237
      7 3238
      9 3239
      5 3240
      7 3241
      7 3242
      3 3243
      6 3244
      6 3245
      7 3246
     10 3247
      5 3248
     12 3249
      6 3250
      6 3251
      6 3252
      6 3253
      9 3254
      7 3255
      7 3256
     10 3257
      7 3258
     11 3259
      4 3260
      4 3261
      4 3262
      3 3263
      6 3264
     12 3265
      3 3266
      8 3267
      5 3268
      3 3269
      7 3270
      4 3271
      8 3272
     12 3273
      6 3274
      9 3275
      8 3276
      4 3277
      5 3278
      2 3279
      7 3280
      3 3281
      7 3282
      2 3283
      5 3284
      4 3285
      5 3286
     10 3287
      8 3288
      7 3289
      7 3290
      9 3291
      5 3292
      3 3293
      5 3294
      3 3295
      9 3296
     10 3297
      3 3298
      5 3299
      3 3300
      4 3301
      1 3302
      4 3303
      4 3304
      6 3305
      3 3306
      4 3307
      2 3308
      4 3309
      7 3310
      7 3311
      5 3312
      6 3313
      5 3314
      5 3315
      4 3316
      2 3317
      5 3318
      4 3319
      6 3320
      4 3321
      6 3322
      8 3323
      4 3324
      3 3325
      5 3326
      6 3327
      4 3328
      3 3329
      9 3330
      6 3331
      7 3332
      3 3333
      3 3334
      7 3335
      1 3336
      2 3337
      3 3338
      6 3339
      3 3340
      1 3341
      4 3342
      4 3343
      5 3344
      3 3345
      2 3346
      3 3347
      6 3348
      6 3349
      2 3350
      7 3351
      3 3352
      2 3353
      2 3354
      3 3355
      4 3356
      6 3357
      7 3358
      4 3359
      7 3360
      3 3361
      1 3362
      6 3363
      3 3364
      4 3365
      7 3366
      6 3367
      4 3368
      2 3369
      5 3370
      2 3371
      8 3372
      2 3373
      3 3374
      6 3375
      7 3376
      8 3377
      3 3378
      4 3379
      7 3380
      4 3381
      3 3382
     11 3383
      6 3384
      6 3385
      5 3386
      6 3387
      4 3388
      9 3389
      3 3390
      4 3391
      4 3392
      2 3393
      7 3394
      6 3395
      3 3396
      2 3397
      5 3398
      8 3399
     10 3400
      4 3401
      1 3402
      3 3403
      1 3404
     11 3405
      7 3406
      2 3407
      3 3408
      4 3409
      7 3410
      2 3411
      3 3412
      4 3413
      3 3414
      3 3415
      6 3417
      3 3418
      6 3419
      3 3420
      4 3421
      8 3422
      7 3423
      6 3424
      3 3425
      3 3426
      2 3427
      6 3428
      4 3429
      3 3430
      3 3431
      5 3432
      7 3433
      4 3434
      5 3435
      4 3437
      5 3438
      5 3439
      3 3440
      4 3441
      2 3442
      3 3443
      1 3444
      2 3445
      2 3446
      5 3447
      6 3448
      1 3449
      4 3450
      2 3451
      8 3452
      5 3453
      4 3454
      4 3455
      5 3456
      5 3457
      4 3458
      9 3459
      4 3460
      5 3461
      8 3462
      5 3463
      4 3464
      5 3465
      9 3466
      6 3467
      5 3468
      6 3469
      5 3470
      3 3471
      6 3472
      8 3473
      2 3474
      8 3475
      8 3476
      3 3477
      9 3478
      4 3479
      8 3480
      5 3481
      5 3482
      2 3483
      2 3484
      6 3485
      8 3486
      6 3487
      2 3488
      5 3489
      5 3490
      2 3491
      5 3492
      4 3493
      6 3494
      5 3495
      1 3496
      3 3497
      6 3498
      4 3499
      8 3500
      6 3501
      7 3502
      4 3503
      5 3504
      4 3505
      7 3506
      2 3507
      5 3508
      9 3510
      4 3511
      3 3512
      5 3513
      4 3514
      2 3515
      8 3516
      5 3517
      8 3518
      6 3519
      5 3520
      6 3521
      5 3522
     10 3523
      3 3524
      2 3525
      3 3526
      8 3527
      3 3528
      3 3529
      4 3530
      4 3531
      5 3532
      5 3533
      4 3534
      3 3535
      5 3536
      4 3537
      6 3538
      7 3539
     10 3540
      4 3541
      4 3542
      2 3543
      2 3544
      6 3545
      6 3546
      6 3547
      5 3548
      1 3549
      6 3550
      2 3551
      5 3552
      5 3553
      2 3554
      5 3555
      4 3556
      3 3557
      7 3558
      5 3559
      4 3560
      5 3561
      3 3562
     13 3563
      6 3564
      5 3565
      7 3566
      7 3567
      6 3568
      7 3569
      7 3570
      5 3571
      5 3572
      6 3573
      5 3574
      7 3575
      2 3576
      8 3577
      7 3578
      3 3579
      8 3580
      3 3581
     11 3582
      5 3583
     10 3584
      4 3585
      6 3586
      3 3587
      5 3588
      7 3589
      7 3590
      7 3591
      6 3592
      5 3593
      8 3594
      5 3595
      5 3596
      5 3597
      5 3598
      4 3599
      7 3600
      4 3601
      8 3602
      4 3603
      3 3604
      5 3605
      1 3606
      7 3607
      6 3608
      4 3609
      4 3610
      5 3611
      6 3612
      4 3613
      7 3614
      6 3615
      5 3616
      1 3617
      4 3618
      5 3619
     12 3620
      3 3621
      7 3622
      4 3623
      3 3624
      5 3625
      1 3626
      4 3627
      4 3628
      8 3629
      4 3630
      7 3631
      2 3632
      2 3633
      4 3634
      4 3635
      5 3636
      2 3637
      4 3638
      5 3639
      6 3640
      5 3641
      2 3642
      4 3643
      3 3644
      5 3645
      4 3646
      2 3647
      2 3648
      5 3649
      2 3650
      4 3651
      2 3652
      4 3653
      6 3654
      3 3655
      4 3656
      2 3657
      2 3658
      4 3659
      4 3660
      5 3661
      5 3662
      4 3663
      7 3664
      5 3665
      2 3666
      2 3667
      2 3668
      5 3669
      2 3670
      4 3671
      2 3672
      4 3673
      2 3674
      6 3675
      2 3676
      7 3677
      4 3678
      9 3679
      4 3680
      5 3681
      3 3682
      2 3683
      2 3684
      2 3685
      3 3686
      4 3687
      2 3688
      2 3689
      3 3690
      3 3691
      4 3692
      2 3693
      6 3694
      2 3695
      3 3696
      4 3697
      3 3698
      3 3699
      6 3700
      3 3701
      5 3702
      1 3703
      3 3704
      7 3705
      3 3706
      3 3707
      7 3708
      8 3709
      3 3710
      6 3711
      4 3712
      1 3713
      3 3714
      5 3715
      5 3716
      6 3717
      6 3718
      1 3719
      3 3720
      7 3721
      4 3722
      2 3723
      3 3724
      3 3725
      2 3726
      5 3727
      2 3728
      5 3729
      5 3730
      4 3731
      3 3732
      4 3733
      8 3734
      5 3735
      5 3736
      5 3737
      6 3738
      5 3739
      3 3740
      3 3741
      3 3742
      5 3743
      2 3744
      2 3745
      1 3746
      1 3747
      2 3748
      4 3749
      3 3750
      8 3751
      3 3752
      2 3753
      3 3754
      1 3755
      3 3756
      3 3757
      5 3758
      6 3759
      1 3760
      2 3761
      5 3762
      4 3763
      4 3764
      3 3765
      2 3766
      5 3767
      3 3768
      5 3769
      1 3770
      2 3771
      4 3772
      2 3773
      5 3774
      3 3775
      2 3776
      3 3777
      7 3778
      4 3779
      1 3780
      5 3781
      3 3782
      6 3783
      4 3784
      2 3785
      3 3786
      3 3787
      4 3788
      4 3789
      2 3790
      1 3791
      4 3792
      3 3793
      2 3794
      2 3795
      4 3796
      6 3797
      2 3798
      2 3799
      3 3800
      3 3801
      3 3802
      2 3803
      3 3804
      2 3805
      1 3806
      3 3807
      3 3808
      7 3810
      5 3811
      3 3812
      3 3813
      1 3814
      3 3815
      2 3816
      3 3817
      4 3818
      5 3819
      2 3820
      4 3821
      6 3822
      5 3823
      3 3824
      3 3825
      6 3826
      6 3827
      5 3828
      4 3829
      4 3830
      4 3831
      2 3832
      3 3833
      4 3834
      3 3835
      5 3836
      5 3837
      3 3838
      6 3839
      4 3840
      7 3841
      1 3842
      1 3843
      5 3844
      3 3845
      6 3846
      6 3847
      4 3848
      8 3849
      7 3850
      5 3851
      2 3852
      3 3853
      6 3854
      5 3855
      3 3856
      5 3857
      3 3858
      4 3859
      2 3860
      4 3861
      4 3862
      3 3863
      2 3864
      2 3865
      1 3866
      7 3868
      2 3869
      4 3870
      2 3871
      7 3872
      2 3873
      7 3874
      2 3875
      5 3876
      9 3877
      4 3879
      4 3880
      6 3881
      2 3882
      2 3883
      2 3884
      6 3885
      1 3886
      8 3888
      4 3889
      4 3890
      1 3891
      4 3892
      3 3893
      5 3894
      2 3895
      2 3896
      2 3897
      8 3898
      4 3899
      5 3900
      4 3901
      7 3902
      7 3903
      5 3904
      3 3905
      6 3906
      8 3907
      5 3908
      6 3909
     10 3910
      5 3911
      4 3912
      3 3913
      2 3914
      3 3915
      2 3916
      8 3917
      3 3918
      3 3919
      7 3920
      8 3921
      3 3922
      9 3923
     12 3924
      2 3925
      7 3926
      3 3927
      3 3928
      4 3929
      2 3930
      5 3931
      5 3932
      3 3933
      5 3934
      2 3935
      2 3936
      4 3938
      2 3939
      6 3940
      5 3941
      5 3942
      6 3943
      3 3944
      6 3945
      6 3946
      4 3947
      3 3948
      1 3949
      6 3950
      4 3951
      4 3952
      3 3953
      2 3955
      5 3956
      3 3957
      4 3958
      2 3959
      6 3960
      5 3961
      5 3962
      2 3963
      6 3964
      8 3965
      3 3966
      4 3967
      4 3968
      4 3969
      5 3970
      4 3971
      6 3972
      4 3973
      4 3974
      9 3975
      3 3976
      3 3977
      5 3978
      5 3979
      8 3980
      4 3981
      1 3982
      6 3983
     10 3984
      3 3985
      8 3986
      4 3987
     10 3988
      4 3989
      3 3990
      1 3991
      3 3992
      5 3993
      2 3994
      5 3995
      5 3996
      8 3997
      4 3998
      8 3999
      3 4000
      6 4001
      6 4002
      3 4003
      5 4004
      3 4005
      1 4006
      3 4008
      4 4009
      3 4010
      3 4011
      5 4012
      4 4013
      3 4014
      4 4015
      6 4016
      6 4017
      5 4018
      7 4019
      4 4020
      6 4021
      2 4022
      4 4023
      6 4024
      4 4025
      3 4026
      7 4027
      4 4028
      4 4029
      6 4030
      2 4031
      1 4032
      4 4033
      4 4034
      1 4035
      4 4036
      2 4037
      4 4038
      4 4039
      5 4040
      2 4041
      2 4042
      2 4043
      3 4044
      3 4045
      7 4046
      3 4047
      3 4048
      1 4049
      1 4050
      7 4051
      6 4052
      5 4053
      5 4054
      3 4055
      5 4056
      4 4057
      3 4058
      7 4059
      3 4060
      1 4061
      6 4062
      3 4063
      4 4065
      2 4066
      7 4067
      4 4068
      3 4069
      2 4070
      2 4071
      5 4072
      4 4073
      1 4074
      4 4075
      4 4076
      3 4077
      2 4078
      3 4079
      2 4081
      1 4082
      4 4083
      1 4084
      6 4085
      2 4086
      4 4087
      4 4088
      2 4090
      5 4091
      3 4092
      5 4093
      4 4094
      4 4095
      2 4096
      3 4097
      3 4098
      3 4099
      4 4100
      2 4101
      3 4102
      3 4103
      3 4104
      5 4105
      2 4106
      6 4107
      4 4108
      4 4109
      4 4110
      1 4111
      4 4112
      1 4113
      2 4114
      4 4115
      3 4116
      3 4117
      2 4118
      4 4119
      2 4120
      3 4121
      1 4122
      1 4123
      3 4124
      1 4125
      2 4126
      5 4127
      2 4128
      2 4129
      1 4130
      2 4131
      4 4132
      3 4133
      5 4134
      4 4135
      3 4136
      6 4137
      4 4138
      4 4139
      4 4140
      2 4141
      1 4142
      4 4143
      2 4144
      1 4145
      3 4146
      5 4147
      1 4148
      5 4149
      3 4150
      4 4151
      4 4152
      4 4153
      8 4154
      6 4155
      4 4156
      2 4157
      7 4158
      4 4159
      4 4160
      4 4161
      2 4162
      4 4163
      6 4164
      3 4165
      1 4166
      4 4167
      7 4168
      3 4169
      5 4170
      2 4171
      2 4172
      4 4173
      1 4174
      6 4175
      3 4176
      3 4177
      3 4178
      1 4179
      3 4180
      4 4181
      6 4182
      5 4183
      1 4184
      2 4185
      3 4186
      5 4187
      4 4189
      4 4190
      2 4191
      3 4192
      4 4193
      5 4194
      7 4195
      2 4196
      3 4197
      4 4198
      5 4199
      1 4200
      4 4201
      4 4202
      1 4203
      3 4204
      4 4205
      7 4206
      2 4207
      1 4208
      4 4209
      2 4210
      7 4211
      2 4212
      1 4213
      1 4214
      2 4215
      5 4216
      2 4218
      3 4219
      2 4220
      5 4221
      2 4222
      4 4223
      4 4224
      5 4225
      1 4226
      5 4227
      5 4228
      2 4229
      2 4230
      1 4231
      6 4232
      5 4233
      5 4234
      1 4235
      4 4236
      7 4237
      1 4238
      3 4239
      2 4240
      5 4241
      2 4242
      4 4243
      5 4244
      4 4245
      2 4246
      3 4247
      2 4248
      2 4249
      1 4250
      5 4252
      6 4253
      3 4254
      3 4255
      3 4256
      3 4257
     10 4258
      3 4259
      5 4260
      7 4261
      5 4262
      5 4263
      3 4264
      4 4265
      4 4266
      4 4267
      3 4268
      1 4269
      1 4270
      3 4271
      6 4272
      4 4273
      5 4274
      3 4275
      4 4276
      5 4277
      7 4278
      3 4279
      1 4280
      2 4281
      3 4282
      2 4283
      4 4284
      3 4285
      6 4286
      3 4287
      2 4288
      2 4289
      3 4290
      3 4291
      5 4292
      3 4293
      5 4294
      2 4295
      2 4296
      6 4297
      3 4298
      1 4299
      1 4300
      1 4301
      3 4302
      6 4303
      4 4304
      3 4305
      4 4306
      4 4307
      4 4308
      2 4309
      7 4310
      3 4311
      1 4312
      5 4313
      1 4314
      1 4315
      1 4316
      3 4317
      5 4318
      1 4319
      1 4320
      4 4321
      2 4324
      4 4325
      2 4326
      1 4327
      3 4328
      3 4329
      3 4331
      2 4332
      4 4333
      3 4334
      2 4335
      2 4337
      2 4339
      1 4340
      1 4341
      1 4342
      1 4343
      1 4344
      1 4347
      1 4348
      3 4351
      1 4352
      3 4354
      1 4357
      3 4358
      3 4360
      2 4361
      1 4362
      2 4363
      1 4364
      1 4365
      1 4367
      1 4368
      3 4369
      2 4370
      2 4371
      1 4372
      1 4373
      1 4374
      2 4375
      1 4376
      1 4377
      1 4378
      1 4379
      3 4380
      1 4383
      2 4384
      1 4385
      4 4386
      1 4387
      2 4389
      1 4390
      3 4391
      4 4392
      2 4393
      3 4394
      2 4395
      1 4396
      3 4397
      4 4398
      1 4399
      3 4400
      3 4401
      4 4402
      1 4403
      2 4405
      2 4406
      2 4407
      2 4408
      3 4409
      1 4411
      1 4412
      2 4413
      3 4414
      1 4415
      1 4416
      1 4417
      3 4418
      3 4419
      6 4420
      1 4421
      1 4422
      1 4423
      1 4424
      4 4425
      2 4426
      2 4428
      1 4430
      2 4431
      2 4432
      2 4433
      1 4434
      1 4435
      3 4436
      2 4437
      6 4439
      1 4441
      1 4442
      2 4443
      2 4444
      2 4445
      1 4446
      1 4448
      1 4449
      1 4450
      2 4452
      1 4453
      4 4454
      4 4457
      1 4458
      2 4459
      3 4461
      2 4462
      4 4464
      2 4465
      1 4466
      4 4467
      3 4468
      2 4470
      2 4471
      2 4472
      2 4475
      1 4476
      1 4478
      1 4479
      1 4480
      2 4481
      3 4484
      2 4485
      1 4487
      3 4489
      1 4490
      3 4491
      1 4492
      2 4494
      1 4495
      2 4497
      1 4498
      1 4499
      2 4502
      1 4503
      2 4504
      2 4505
      1 4506
      3 4507
      1 4508
      1 4509
      3 4510
      1 4511
      1 4512
      2 4514
      3 4517
      1 4519
      2 4520
      1 4521
      2 4522
      1 4523
      1 4524
      2 4526
      2 4527
      2 4528
      2 4529
      1 4530
      1 4534
      3 4536
      2 4537
      1 4538
      1 4539
      1 4540
      1 4541
      3 4543
      2 4546
      1 4551
      4 4553
      2 4554
      1 4555
      1 4556
      2 4557
      1 4559
      2 4560
      1 4561
      1 4562
      4 4563
      1 4564
      3 4566
      2 4567
      1 4568
      1 4572
      2 4573
      2 4575
      2 4576
      1 4577
      2 4578
      1 4580
      1 4581
      2 4582
      1 4583
      1 4584
      1 4585
      2 4589
      2 4590
      1 4591
      4 4592
      1 4595
      2 4596
      2 4597
      2 4598
      1 4600
      1 4601
      3 4602
      1 4604
      1 4605
      1 4606
      2 4608
      1 4609
      2 4612
      1 4614
      5 4615
      2 4616
      5 4620
      5 4621
      1 4622
      1 4623
      4 4628
      1 4629
      2 4631
      3 4632
      2 4634
      1 4636
      2 4637
      2 4638
      1 4639
      1 4640
      3 4641
      1 4642
      7 4644
      2 4645
      2 4648
      3 4650
      1 4652
      1 4657
      1 4658
      1 4660
      2 4661
      1 4662
      1 4663
      2 4665
      1 4667
      1 4668
      1 4669
      1 4670
      2 4672
      1 4673
      1 4677
      1 4678
      1 4679
      1 4680
      3 4681
      4 4683
      1 4684
      2 4685
      2 4688
      1 4689
      2 4690
      1 4691
      1 4692
      2 4694
      1 4696
      1 4697
      1 4698
      1 4700
      2 4701
      1 4702
      3 4703
      3 4704
      1 4705
      1 4707
      1 4711
      1 4713
      1 4714
      1 4716
      1 4720
      1 4721
      1 4722
      1 4723
      1 4724
      3 4725
      3 4726
      1 4728
      2 4731
      2 4732
      1 4733
      1 4734
      1 4735
      1 4736
      2 4740
      1 4743
      1 4745
      1 4746
      1 4747
      2 4749
      1 4750
      2 4751
      1 4752
      1 4753
      1 4754
      2 4756
      1 4757
      1 4758
      3 4759
      1 4762
      2 4763
      1 4764
      2 4765
      1 4769
      1 4770
      5 4772
      2 4773
      1 4775
      1 4776
      1 4778
      2 4779
      1 4781
      1 4783
      1 4785
      2 4786
      1 4787
      3 4788
      2 4789
      2 4790
      1 4792
      2 4793
      1 4794
      1 4795
      1 4796
      2 4797
      1 4799
      1 4801
      2 4802
      1 4803
      3 4804
      1 4805
      1 4807
      2 4808
      1 4810
      2 4812
      3 4813
      1 4814
      1 4815
      1 4816
      1 4817
      2 4818
      2 4819
      2 4821
      1 4822
      2 4823
      2 4824
      1 4826
      1 4828
      2 4829
      1 4831
      2 4832
      1 4836
      2 4837
      1 4838
      1 4839
      1 4840
      1 4842
      2 4843
      2 4845
      3 4846
      2 4847
      1 4848
      3 4849
      1 4850
      1 4851
      1 4853
      2 4854
      2 4855
      4 4856
      1 4857
      4 4858
      4 4859
      3 4860
      1 4862
      3 4863
      1 4864
      2 4865
      1 4866
      4 4867
      2 4868
      2 4869
      1 4870
      1 4871
      4 4872
      1 4873
      1 4874
      1 4876
      2 4877
      1 4878
      1 4879
      2 4880
      5 4882
      3 4883
      2 4884
      1 4885
      2 4888
      1 4890
      1 4892
      1 4893
      4 4894
      1 4896
      1 4897
      1 4898
      3 4899
      2 4902
      1 4903
      3 4904
      3 4905
      2 4906
      2 4907
      4 4908
      1 4909
      2 4912
      3 4913
      2 4914
      2 4915
      2 4916
      2 4917
      1 4918
      2 4921
      1 4922
      2 4923
      1 4927
      3 4929
      2 4931
      1 4932
      1 4933
      1 4934
      2 4935
      1 4938
      2 4939
      1 4942
      2 4943
      1 4944
      1 4945
      1 4946
      1 4949
      1 4950
      2 4951
      1 4952
      2 4953
      1 4955
      1 4956
      2 4957
      1 4961
      1 4963
      1 4965
      1 4966
      2 4967
      2 4968
      1 4970
      2 4971
      1 4977
      3 4978
      1 4979
      1 4980
      2 4981
      2 4985
      3 4986
      1 4989
      2 4990
      2 4991
      3 4992
      1 4993
      2 4994
      1 4996
      1 4997
      2 4998
      1 5000
      1 5002
      1 5003
      3 5006
      2 5008
      1 5009
      1 5012
      2 5015
      3 5017
      2 5018
      1 5020
      2 5022
      2 5023
      1 5024
      1 5025
      2 5026
      1 5027
      1 5029
      1 5030
      1 5031
      2 5033
      1 5034
      3 5035
      1 5036
      1 5039
      2 5040
      2 5042
      3 5043
      2 5044
      3 5046
      1 5047
      4 5048
      3 5049
      4 5050
      3 5052
      3 5053
      4 5054
      3 5055
      2 5056
      2 5058
      1 5060
      2 5061
      2 5062
      1 5063
      3 5064
      5 5065
      2 5068
      1 5069
      2 5070
      3 5071
      1 5072
      1 5074
      3 5075
      4 5076
      3 5077
      5 5078
      1 5079
      2 5081
      1 5083
      1 5084
      1 5085
      1 5086
      1 5088
      2 5089
      1 5090
      2 5091
      2 5092
      1 5094
      2 5095
      3 5096
      2 5097
      1 5098
      1 5099
      1 5101
      1 5102
      2 5103
      2 5105
      1 5108
      3 5109
      1 5110
      1 5111
      3 5113
      1 5114
      2 5116
      1 5117
      1 5118
      3 5119
      2 5120
      1 5121
      1 5122
      1 5123
      1 5124
      1 5125
      2 5126
      3 5127
      1 5130
      1 5131
      1 5136
      1 5140
      1 5142
      1 5143
      1 5145
      2 5146
      1 5147
      1 5149
      1 5151
      1 5152
      1 5153
      1 5155
      2 5156
      1 5158
      2 5160
      2 5163
      1 5165
      1 5166
      1 5167
      2 5168
      1 5171
      2 5172
      2 5173
      1 5179
      1 5180
      1 5182
      1 5183
      2 5184
      1 5186
      1 5188
      2 5191
      2 5192
      3 5197
      1 5199
      1 5201
      1 5202
      1 5205
      1 5207
      2 5212
      2 5216
      1 5218
      1 5221
      1 5222
      1 5223
      1 5224
      1 5227
      1 5228
      1 5235
      1 5242
      1 5247
      2 5249
      1 5251
      1 5253
      1 5256
      1 5257
      1 5258
      1 5260
      1 5261
      1 5263
      1 5273
      1 5275
      1 5278
      1 5279
      2 5280
      1 5283
      1 5284
      1 5286
      1 5288
      1 5289
      1 5292
      2 5294
      1 5295
      1 5297
      1 5301
      2 5303
      2 5304
      1 5306
      1 5311
      1 5313
      1 5315
      1 5316
      1 5323
      1 5325
      1 5330
      2 5333
      1 5335
      2 5337
      3 5342
      1 5343
      2 5349
      1 5350
      2 5353
      2 5355
      2 5359
      1 5360
      3 5361
      4 5362
      2 5363
      1 5364
      1 5365
      1 5366
      1 5368
      2 5369
      1 5370
      2 5372
      2 5373
      2 5374
      3 5376
      3 5377
      2 5379
      1 5380
      1 5381
      3 5383
      1 5384
      3 5385
      1 5386
      1 5387
      1 5388
      1 5390
      1 5391
      3 5393
      4 5394
      1 5395
      2 5396
      1 5398
      1 5399
      2 5401
      1 5402
      2 5403
      1 5405
      2 5406
      1 5407
      1 5408
      1 5409
      1 5410
      1 5411
      2 5412
      1 5414
      1 5415
      1 5417
      2 5418
      1 5421
      1 5423
      1 5424
      1 5425
      1 5428
      2 5429
      1 5430
      1 5431
      1 5434
      3 5435
      2 5436
      1 5438
      1 5439
      2 5442
      2 5443
      3 5444
      1 5445
      1 5446
      1 5447
      3 5449
      1 5450
      1 5451
      1 5452
      1 5453
      3 5454
      1 5455
      2 5456
      1 5457
      1 5458
      1 5459
      1 5461
      1 5462
      1 5463
      2 5465
      1 5467
      4 5468
      1 5470
      2 5471
      1 5472
      3 5473
      3 5474
      1 5475
      4 5476
      1 5477
      2 5478
      3 5479
      1 5480
      2 5481
      2 5483
      1 5485
      1 5486
      1 5487
      1 5489
      1 5490
      1 5492
      1 5494
      1 5496
      1 5498
      2 5500
      1 5503
      1 5505
      1 5506
      2 5508
      1 5509
      1 5510
      2 5511
      2 5512
      2 5515
      1 5517
      1 5520
      1 5526
      1 5528
      1 5530
      2 5531
      2 5541
      2 5542
      1 5543
      1 5545
      1 5546
      1 5547
      2 5549
      2 5556
      1 5558
      1 5559
      2 5563
      2 5564
      1 5566
      1 5567
      1 5568
      1 5571
      1 5572
      2 5573
      1 5574
      2 5575
      1 5576
      2 5578
      1 5581
      1 5582
      1 5584
      1 5585
      1 5587
      1 5588
      1 5589
      2 5590
      1 5598
      1 5599
      1 5600
      1 5606
      1 5607
      1 5608
      1 5610
      1 5613
      1 5614
      1 5616
      2 5620
      2 5625
      1 5627
      1 5628
      1 5633
      1 5635
      1 5637
      2 5641
      1 5643
      2 5649
      1 5653
      1 5655
      1 5657
      3 5658
      1 5662
      1 5667
      1 5671
      1 5676
      2 5677
      1 5679
      1 5680
      2 5681
      1 5688
      1 5694
      1 5695
      2 5696
      1 5699
      1 5705
      1 5706
      1 5707
      1 5708
      1 5718
      1 5724
      1 5726
      1 5729
      1 5731
      2 5732
      1 5735
      1 5738
      1 5739
      1 5741
      1 5742
      1 5743
      1 5744
      1 5747
      1 5748
      2 5750
      2 5751
      1 5753
      1 5754
      1 5755
      1 5756
      1 5757
      3 5758
      2 5759
      1 5760
      1 5761
      3 5763
      2 5764
      1 5765
      1 5766
      1 5767
      1 5768
      1 5770
      2 5771
      1 5772
      1 5773
      2 5775
      1 5776
      1 5777
      2 5778
      2 5779
      1 5781
      1 5782
      1 5784
      2 5785
      3 5786
      2 5788
      2 5789
      2 5790
      2 5793
      3 5795
      1 5797
      1 5799
      2 5800
      1 5801
      1 5804
      2 5805
      1 5806
      1 5807
      1 5813
      1 5818
      1 5820
      1 5825
      1 5827
      1 5828
      2 5829
      1 5834
      2 5839
      1 5843
      1 5847
      1 5850
      1 5851
      1 5861
      3 5862
      1 5865
      1 5868
      2 5869
      2 5871
      1 5872
      1 5873
      1 5884
      1 5890
      2 5892
      1 5894
      1 5895
      1 5896
      2 5897
      1 5898
      1 5899
      1 5901
      2 5904
      2 5905
      1 5907
      1 5914
      1 5917
      1 5918
      2 5919
      1 5922
      1 5928
      1 5934
      1 5935
      1 5936
      1 5937
      1 5938
      2 5939
      1 5942
      1 5944
      1 5946
      1 5951
      2 5952
      1 5955
      1 5957
      2 5958
      2 5959
      3 5960
      2 5961
      2 5962
      1 5963
      2 5964
      1 5965
      1 5966
      3 5967
      3 5970
      1 5971
      1 5972
      1 5973
      1 5974
      1 5975
      1 5978
      2 5979
      2 5983
      1 5984
      1 5985
      1 5986
      1 5987
      2 5988
      1 5991
      3 5995
      1 5996
      4 5998
      5 5999
      1 6000
      2 6002
      1 6003
      3 6004
      1 6005
      2 6007
      1 6009
      1 6010
      1 6011
      2 6012
      1 6013
      1 6014
      2 6015
      2 6016
      2 6017
      2 6019
      1 6020
      2 6021
      1 6023
      2 6026
      1 6028
      2 6029
      3 6030
      1 6032
      1 6033
      1 6035
      1 6039
      1 6040
      2 6041
      1 6047
      1 6049
      1 6050
      1 6052
      1 6053
      1 6055
      3 6057
      1 6059
      2 6060
      3 6061
      2 6062
      3 6063
      1 6065
      3 6067
      3 6068
      1 6069
      3 6070
      2 6071
      1 6073
      2 6074
      1 6080
      1 6084
      1 6085
      1 6087
      1 6088
      2 6089
      5 6091
      1 6093
      2 6095
      1 6096
      1 6097
      2 6098
      1 6099
      1 6100
      3 6101
      2 6102
      1 6103
      1 6105
      1 6107
      2 6109
      2 6110
      3 6111
      2 6112
      1 6113
      1 6114
      3 6115
      2 6117
      3 6119
      1 6120
      1 6121
      3 6122
      1 6123
      1 6124
      3 6125
      1 6128
      1 6129
      1 6130
      3 6131
      2 6132
      4 6135
      1 6136
      4 6137
      3 6139
      3 6140
      1 6141
      3 6142
      3 6143
      2 6144
      5 6145
      1 6146
      4 6147
      3 6148
      1 6149
      2 6150
      1 6151
      2 6152
      1 6154
      1 6155
      1 6158
      1 6159
      1 6161
      1 6163
      2 6164
      1 6165
      1 6166
      2 6167
      1 6169
      2 6171
      2 6174
      1 6175
      1 6176
      1 6177
      1 6178
      1 6179
      1 6180
      1 6182
      1 6183
      1 6184
      1 6186
      2 6188
      1 6189
      1 6191
      1 6192
      1 6193
      1 6194
      1 6196
      2 6197
      1 6198
      1 6200
      1 6205
      3 6208
      1 6210
      1 6211
      1 6213
      1 6214
      1 6215
      3 6216
      2 6218
      1 6221
      1 6224
      1 6228
      3 6229
      1 6230
      2 6231
      1 6232
      1 6234
      1 6236
      1 6239
      1 6240
      1 6241
      1 6242
      1 6243
      1 6245
      1 6247
      1 6249
      1 6252
      1 6270
      1 6271
      1 6273
      1 6280
      1 6298
      1 6317
      1 6321
      1 6322
      1 6331
      1 6352
      1 6353
      1 6365
      1 6372
      1 6388
      1 6409
      1 6412
      1 6422
      1 6424
      1 6445
      1 6450
      1 6462
      1 6480
      1 6481
      1 6489
      1 6490
      1 6495
      2 6499
      1 6513
      1 6519
      2 6533
      1 6546
      1 6548
      1 6554
      1 6562
      1 6564
      1 6575
      1 6578
      1 6585
      1 6590
      1 6592
      1 6603
      1 6613
      1 6616
      1 6627
      1 6640
      1 6641
      2 6645
      1 6646
      1 6648
      1 6663
      2 6667
      1 6674
      1 6675
      1 6676
      1 6683
      3 6692
      3 6695
      1 6696
      1 6698
      1 6699
      1 6703
      1 6705
      1 6706
      2 6707
      1 6710
      1 6711
      1 6712
      1 6713
      1 6715
      1 6728
      1 6729
      1 6738
      2 6743
      2 6757
      4 6758
      1 6763
      1 6765
      1 6766
      1 6769
      1 6771
      1 6772
      1 6783
      1 6785
      1 6789
      1 6800
      1 6819
      1 6821
      1 6834
      1 6837
      1 6843
      1 6853
      1 6857
      1 6872
      1 6901
      1 6908
      2 6934
      1 6949
      1 6979
      1 6983
      1 7019
      1 7022
      1 7037
      1 7047
      2 7063
      1 7080
      1 7095
      1 7101
      1 7109
      1 7118
      1 7121
      1 7122
      1 7139
      1 7152
      1 7164
      1 7177
      1 7191
      1 7210
      1 7214
      1 7228
      1 7231
      1 7238
      1 7244
      1 7247
      1 7251
      1 7260
      1 7263
      1 7269
      1 7273
      1 7274
      1 7279
      1 7285
      1 7296
      1 7297
      1 7298
      1 7300
      1 7309
      1 7318
      1 7326
      1 7327
      2 7331
      1 7341
      1 7343
      1 7344
      1 7345
      2 7347
      1 7348
      1 7356
      2 7358
      3 7359
      2 7363
