 193399 0
40634500 1
91857187 2
169613042 3
258372939 4
334359169 5
376676696 6
376472972 7
338762473 8
277788368 9
209476146 10
146724980 11
96007295 12
59140672 13
34566921 14
19353215 15
10526431 16
5673752 17
3130091 18
1832743 19
1157103 20
 804876 21
 608823 22
 488279 23
 409061 24
 348308 25
 305698 26
 271206 27
 245460 28
 218176 29
 199013 30
 180995 31
 167230 32
 155071 33
 144075 34
 132818 35
 122466 36
 115250 37
 105971 38
  98062 39
  91642 40
  85364 41
  78945 42
  72939 43
  67812 44
  62720 45
  58889 46
  54946 47
  51540 48
  48521 49
  45630 50
  43193 51
  40741 52
  38469 53
  37443 54
  35882 55
  33738 56
  32197 57
  31306 58
  29588 59
  28684 60
  27521 61
  26914 62
  25681 63
  25393 64
  25164 65
  24129 66
  23702 67
  22482 68
  22120 69
  22252 70
  21240 71
  21125 72
  20620 73
  20288 74
  19759 75
  19453 76
  18897 77
  18756 78
  18774 79
  18147 80
  17845 81
  17567 82
  17438 83
  16852 84
  16821 85
  16629 86
  15972 87
  15690 88
  15721 89
  15282 90
  14841 91
  14504 92
  14121 93
  14053 94
  14118 95
  13551 96
  13402 97
  13234 98
  12620 99
  12626 100
  12339 101
  12187 102
  11779 103
  11695 104
  11681 105
  11470 106
  11003 107
  10852 108
  10585 109
  10580 110
  10459 111
  10233 112
  10102 113
   9812 114
   9603 115
   9409 116
   9019 117
   9052 118
   8756 119
   8601 120
   8339 121
   8056 122
   8004 123
   7848 124
   7742 125
   7463 126
   7358 127
   7112 128
   7250 129
   7123 130
   6802 131
   6846 132
   7041 133
   6910 134
   6633 135
   6407 136
   6206 137
   6123 138
   6165 139
   6111 140
   5962 141
   5845 142
   5738 143
   5693 144
   5643 145
   5596 146
   5567 147
   5644 148
   5385 149
   5353 150
   5440 151
   5296 152
   5206 153
   5110 154
   5113 155
   5065 156
   4933 157
   4873 158
   4839 159
   4868 160
   4739 161
   4768 162
   4629 163
   4731 164
   4581 165
   4603 166
   4399 167
   4256 168
   4299 169
   4098 170
   4056 171
   4251 172
   4095 173
   4135 174
   4087 175
   4082 176
   3972 177
   3965 178
   4001 179
   3800 180
   3836 181
   4025 182
   3907 183
   3705 184
   3794 185
   3764 186
   3701 187
   3493 188
   3638 189
   3622 190
   3563 191
   3620 192
   3443 193
   3413 194
   3417 195
   3327 196
   3282 197
   3213 198
   3237 199
   3002 200
   3084 201
   2991 202
   3088 203
   3026 204
   3066 205
   2937 206
   3009 207
   2955 208
   2967 209
   2958 210
   2962 211
   2952 212
   2872 213
   2730 214
   2825 215
   2796 216
   2828 217
   2817 218
   2671 219
   2738 220
   2635 221
   2784 222
   2596 223
   2579 224
   2630 225
   2561 226
   2566 227
   2532 228
   2612 229
   2557 230
   2750 231
   2516 232
   2629 233
   2538 234
   2456 235
   2520 236
   2418 237
   2344 238
   2277 239
   2278 240
   2256 241
   2362 242
   2392 243
   2192 244
   2305 245
   2236 246
   2141 247
   2279 248
   2098 249
   2049 250
   2047 251
   2143 252
   2056 253
   2053 254
   2083 255
   2109 256
   2185 257
   2153 258
   2118 259
   2108 260
   2090 261
   2039 262
   2058 263
   1958 264
   1973 265
   1938 266
   1920 267
   1972 268
   1959 269
   2041 270
   1920 271
   1902 272
   1764 273
   1875 274
   1885 275
   1846 276
   1835 277
   1855 278
   1848 279
   1816 280
   1858 281
   1785 282
   1850 283
   1752 284
   1697 285
   1661 286
   1700 287
   1706 288
   1739 289
   1632 290
   1611 291
   1585 292
   1650 293
   1570 294
   1589 295
   1575 296
   1665 297
   1649 298
   1604 299
   1642 300
   1537 301
   1581 302
   1650 303
   1642 304
   1574 305
   1530 306
   1648 307
   1586 308
   1519 309
   1584 310
   1528 311
   1528 312
   1505 313
   1459 314
   1465 315
   1417 316
   1397 317
   1380 318
   1424 319
   1426 320
   1371 321
   1364 322
   1359 323
   1344 324
   1373 325
   1392 326
   1320 327
   1305 328
   1361 329
   1298 330
   1321 331
   1363 332
   1318 333
   1247 334
   1321 335
   1309 336
   1296 337
   1206 338
   1265 339
   1308 340
   1261 341
   1331 342
   1285 343
   1226 344
   1251 345
   1226 346
   1269 347
   1162 348
   1099 349
   1118 350
   1077 351
   1113 352
   1128 353
   1107 354
   1068 355
   1055 356
   1114 357
   1136 358
   1032 359
   1033 360
   1002 361
   1097 362
   1126 363
   1054 364
   1111 365
   1024 366
   1045 367
   1025 368
   1084 369
   1040 370
   1035 371
   1019 372
   1040 373
    991 374
   1002 375
    930 376
   1016 377
   1007 378
   1029 379
    960 380
    941 381
    963 382
    916 383
    873 384
    921 385
    901 386
    867 387
    931 388
    851 389
    896 390
    888 391
    851 392
    907 393
    813 394
    872 395
    896 396
    861 397
    920 398
    869 399
    822 400
    855 401
    886 402
    907 403
    860 404
    888 405
    863 406
    833 407
    822 408
    859 409
    827 410
    727 411
    776 412
    890 413
    865 414
    823 415
    832 416
    843 417
    814 418
    779 419
    821 420
    791 421
    812 422
    789 423
    764 424
    783 425
    744 426
    788 427
    747 428
    762 429
    772 430
    744 431
    779 432
    811 433
    847 434
    774 435
    796 436
    778 437
    846 438
    779 439
    752 440
    740 441
    761 442
    756 443
    736 444
    719 445
    790 446
    693 447
    720 448
    719 449
    722 450
    729 451
    707 452
    679 453
    702 454
    721 455
    714 456
    690 457
    691 458
    727 459
    662 460
    708 461
    693 462
    685 463
    693 464
    678 465
    684 466
    706 467
    668 468
    642 469
    661 470
    647 471
    679 472
    692 473
    699 474
    686 475
    669 476
    634 477
    649 478
    669 479
    676 480
    624 481
    670 482
    627 483
    633 484
    632 485
    598 486
    618 487
    544 488
    627 489
    602 490
    611 491
    655 492
    589 493
    625 494
    626 495
    652 496
    615 497
    637 498
    659 499
    563 500
    611 501
    616 502
    594 503
    575 504
    597 505
    613 506
    594 507
    627 508
    637 509
    617 510
    587 511
    605 512
    569 513
    598 514
    542 515
    574 516
    608 517
    610 518
    601 519
    586 520
    561 521
    593 522
    567 523
    541 524
    571 525
    521 526
    609 527
    571 528
    570 529
    522 530
    555 531
    538 532
    532 533
    549 534
    553 535
    553 536
    607 537
    545 538
    561 539
    593 540
    528 541
    555 542
    526 543
    554 544
    551 545
    548 546
    498 547
    517 548
    503 549
    544 550
    514 551
    508 552
    517 553
    492 554
    536 555
    541 556
    571 557
    541 558
    506 559
    495 560
    531 561
    518 562
    553 563
    560 564
    505 565
    544 566
    578 567
    533 568
    499 569
    577 570
    499 571
    510 572
    510 573
    529 574
    466 575
    462 576
    508 577
    485 578
    478 579
    501 580
    469 581
    479 582
    491 583
    476 584
    447 585
    481 586
    452 587
    454 588
    459 589
    437 590
    434 591
    441 592
    466 593
    444 594
    429 595
    420 596
    456 597
    464 598
    457 599
    441 600
    458 601
    450 602
    412 603
    422 604
    424 605
    422 606
    429 607
    419 608
    435 609
    428 610
    466 611
    451 612
    439 613
    447 614
    393 615
    379 616
    421 617
    451 618
    405 619
    439 620
    474 621
    437 622
    408 623
    401 624
    419 625
    445 626
    422 627
    426 628
    433 629
    456 630
    419 631
    384 632
    399 633
    410 634
    415 635
    414 636
    404 637
    412 638
    376 639
    365 640
    383 641
    416 642
    413 643
    404 644
    403 645
    411 646
    351 647
    381 648
    386 649
    396 650
    385 651
    414 652
    402 653
    406 654
    398 655
    383 656
    389 657
    373 658
    381 659
    380 660
    390 661
    390 662
    366 663
    458 664
    420 665
    429 666
    377 667
    360 668
    367 669
    383 670
    414 671
    361 672
    372 673
    403 674
    410 675
    371 676
    362 677
    371 678
    364 679
    362 680
    351 681
    369 682
    364 683
    390 684
    349 685
    359 686
    371 687
    370 688
    378 689
    345 690
    379 691
    356 692
    354 693
    364 694
    379 695
    383 696
    398 697
    388 698
    346 699
    380 700
    355 701
    371 702
    363 703
    366 704
    350 705
    373 706
    358 707
    326 708
    363 709
    340 710
    334 711
    379 712
    318 713
    357 714
    316 715
    352 716
    397 717
    340 718
    394 719
    332 720
    359 721
    334 722
    312 723
    341 724
    341 725
    358 726
    332 727
    345 728
    347 729
    351 730
    331 731
    334 732
    326 733
    363 734
    360 735
    349 736
    324 737
    308 738
    320 739
    315 740
    319 741
    341 742
    362 743
    337 744
    338 745
    356 746
    327 747
    346 748
    350 749
    333 750
    337 751
    359 752
    325 753
    356 754
    346 755
    346 756
    326 757
    341 758
    324 759
    335 760
    344 761
    326 762
    357 763
    347 764
    341 765
    373 766
    347 767
    326 768
    358 769
    325 770
    302 771
    365 772
    342 773
    322 774
    296 775
    341 776
    308 777
    293 778
    300 779
    296 780
    326 781
    305 782
    306 783
    325 784
    271 785
    312 786
    265 787
    305 788
    275 789
    281 790
    272 791
    309 792
    293 793
    314 794
    301 795
    272 796
    288 797
    287 798
    273 799
    291 800
    262 801
    275 802
    270 803
    291 804
    268 805
    269 806
    297 807
    263 808
    268 809
    278 810
    292 811
    267 812
    240 813
    241 814
    242 815
    266 816
    271 817
    261 818
    275 819
    260 820
    244 821
    282 822
    273 823
    289 824
    243 825
    262 826
    285 827
    253 828
    240 829
    270 830
    257 831
    257 832
    240 833
    236 834
    251 835
    212 836
    257 837
    246 838
    272 839
    249 840
    210 841
    245 842
    248 843
    240 844
    232 845
    232 846
    229 847
    243 848
    276 849
    257 850
    236 851
    250 852
    213 853
    273 854
    214 855
    261 856
    243 857
    249 858
    252 859
    266 860
    252 861
    248 862
    238 863
    250 864
    243 865
    254 866
    226 867
    226 868
    244 869
    238 870
    264 871
    269 872
    232 873
    279 874
    241 875
    260 876
    240 877
    230 878
    251 879
    262 880
    253 881
    238 882
    250 883
    235 884
    242 885
    246 886
    254 887
    266 888
    233 889
    274 890
    258 891
    222 892
    241 893
    229 894
    220 895
    238 896
    245 897
    246 898
    230 899
    239 900
    212 901
    247 902
    240 903
    202 904
    210 905
    225 906
    261 907
    212 908
    219 909
    198 910
    224 911
    215 912
    209 913
    210 914
    233 915
    229 916
    242 917
    185 918
    196 919
    208 920
    216 921
    227 922
    232 923
    207 924
    196 925
    214 926
    200 927
    225 928
    232 929
    213 930
    212 931
    219 932
    214 933
    222 934
    194 935
    219 936
    212 937
    226 938
    185 939
    181 940
    189 941
    188 942
    212 943
    196 944
    197 945
    202 946
    203 947
    188 948
    197 949
    224 950
    214 951
    189 952
    178 953
    175 954
    195 955
    212 956
    211 957
    224 958
    235 959
    200 960
    188 961
    227 962
    216 963
    203 964
    215 965
    215 966
    209 967
    203 968
    178 969
    200 970
    189 971
    227 972
    197 973
    233 974
    215 975
    203 976
    215 977
    183 978
    222 979
    204 980
    199 981
    206 982
    182 983
    200 984
    199 985
    199 986
    173 987
    216 988
    187 989
    190 990
    205 991
    185 992
    205 993
    177 994
    190 995
    215 996
    202 997
    188 998
    220 999
    186 1000
    180 1001
    190 1002
    207 1003
    187 1004
    205 1005
    173 1006
    175 1007
    196 1008
    178 1009
    179 1010
    203 1011
    185 1012
    180 1013
    192 1014
    207 1015
    199 1016
    180 1017
    176 1018
    170 1019
    210 1020
    177 1021
    183 1022
    198 1023
    197 1024
    181 1025
    178 1026
    185 1027
    181 1028
    193 1029
    197 1030
    193 1031
    164 1032
    168 1033
    186 1034
    155 1035
    180 1036
    185 1037
    187 1038
    194 1039
    153 1040
    181 1041
    182 1042
    175 1043
    185 1044
    184 1045
    185 1046
    161 1047
    161 1048
    188 1049
    190 1050
    163 1051
    180 1052
    197 1053
    212 1054
    165 1055
    161 1056
    190 1057
    193 1058
    175 1059
    186 1060
    177 1061
    179 1062
    193 1063
    175 1064
    178 1065
    200 1066
    174 1067
    194 1068
    187 1069
    165 1070
    177 1071
    188 1072
    170 1073
    170 1074
    189 1075
    179 1076
    172 1077
    178 1078
    204 1079
    180 1080
    180 1081
    168 1082
    163 1083
    165 1084
    174 1085
    180 1086
    188 1087
    177 1088
    187 1089
    150 1090
    159 1091
    201 1092
    168 1093
    161 1094
    154 1095
    190 1096
    170 1097
    187 1098
    174 1099
    180 1100
    171 1101
    191 1102
    186 1103
    164 1104
    195 1105
    179 1106
    146 1107
    176 1108
    194 1109
    146 1110
    177 1111
    183 1112
    161 1113
    164 1114
    189 1115
    154 1116
    171 1117
    155 1118
    171 1119
    184 1120
    179 1121
    180 1122
    143 1123
    162 1124
    140 1125
    156 1126
    150 1127
    174 1128
    162 1129
    185 1130
    175 1131
    156 1132
    173 1133
    156 1134
    155 1135
    159 1136
    159 1137
    166 1138
    174 1139
    159 1140
    156 1141
    172 1142
    169 1143
    156 1144
    164 1145
    154 1146
    142 1147
    154 1148
    152 1149
    158 1150
    154 1151
    135 1152
    154 1153
    163 1154
    138 1155
    156 1156
    156 1157
    177 1158
    162 1159
    134 1160
    146 1161
    141 1162
    156 1163
    169 1164
    164 1165
    158 1166
    153 1167
    152 1168
    146 1169
    154 1170
    155 1171
    160 1172
    165 1173
    169 1174
    139 1175
    161 1176
    151 1177
    148 1178
    176 1179
    144 1180
    171 1181
    136 1182
    166 1183
    159 1184
    157 1185
    160 1186
    170 1187
    152 1188
    178 1189
    151 1190
    140 1191
    166 1192
    163 1193
    170 1194
    169 1195
    172 1196
    160 1197
    167 1198
    140 1199
    163 1200
    169 1201
    161 1202
    166 1203
    150 1204
    189 1205
    163 1206
    150 1207
    150 1208
    137 1209
    130 1210
    156 1211
    155 1212
    148 1213
    153 1214
    154 1215
    148 1216
    160 1217
    176 1218
    153 1219
    150 1220
    171 1221
    146 1222
    149 1223
    163 1224
    162 1225
    157 1226
    151 1227
    165 1228
    163 1229
    156 1230
    146 1231
    170 1232
    147 1233
    165 1234
    175 1235
    167 1236
    153 1237
    156 1238
    171 1239
    132 1240
    163 1241
    160 1242
    182 1243
    177 1244
    139 1245
    130 1246
    144 1247
    151 1248
    125 1249
    154 1250
    167 1251
    141 1252
    137 1253
    143 1254
    149 1255
    138 1256
    165 1257
    136 1258
    158 1259
    166 1260
    137 1261
    137 1262
    111 1263
    151 1264
    135 1265
    136 1266
    145 1267
    147 1268
    147 1269
    127 1270
    149 1271
    137 1272
    146 1273
    126 1274
    159 1275
    151 1276
    122 1277
    148 1278
    162 1279
    151 1280
    152 1281
    150 1282
    142 1283
    149 1284
    118 1285
    125 1286
    132 1287
    134 1288
    160 1289
    148 1290
    132 1291
    160 1292
    157 1293
    150 1294
    150 1295
    136 1296
    142 1297
    174 1298
    138 1299
    160 1300
    151 1301
    162 1302
    132 1303
    154 1304
    158 1305
    154 1306
    176 1307
    152 1308
    157 1309
    154 1310
    158 1311
    128 1312
    161 1313
    133 1314
    143 1315
    132 1316
    158 1317
    150 1318
    156 1319
    164 1320
    166 1321
    137 1322
    151 1323
    151 1324
    133 1325
    144 1326
    140 1327
    140 1328
    154 1329
    132 1330
    152 1331
    151 1332
    131 1333
    148 1334
    136 1335
    144 1336
    139 1337
    149 1338
    134 1339
    117 1340
    143 1341
    130 1342
    124 1343
    138 1344
    129 1345
    129 1346
    120 1347
    150 1348
    161 1349
    143 1350
    140 1351
    147 1352
    124 1353
    120 1354
    136 1355
    144 1356
    154 1357
    143 1358
    127 1359
    128 1360
    142 1361
    128 1362
    117 1363
    139 1364
    128 1365
    139 1366
    143 1367
    128 1368
    133 1369
    144 1370
    157 1371
    146 1372
    124 1373
    123 1374
    141 1375
    124 1376
    143 1377
    164 1378
    135 1379
    134 1380
    137 1381
    139 1382
    134 1383
    132 1384
    147 1385
    139 1386
    155 1387
    171 1388
    141 1389
    142 1390
    152 1391
     97 1392
    131 1393
    140 1394
    132 1395
    148 1396
    127 1397
    144 1398
    134 1399
    141 1400
    141 1401
    166 1402
    133 1403
    138 1404
    158 1405
    152 1406
    162 1407
    140 1408
    146 1409
    134 1410
    137 1411
    132 1412
    155 1413
    130 1414
    130 1415
    140 1416
    125 1417
    126 1418
    140 1419
    136 1420
    134 1421
    129 1422
    137 1423
    140 1424
    137 1425
    120 1426
    130 1427
    146 1428
    155 1429
    138 1430
    144 1431
    128 1432
    154 1433
    125 1434
    127 1435
    154 1436
    149 1437
    139 1438
    130 1439
    131 1440
    137 1441
    127 1442
    126 1443
    123 1444
    124 1445
    124 1446
    122 1447
    146 1448
    128 1449
    155 1450
    130 1451
    129 1452
    136 1453
    139 1454
    116 1455
    140 1456
    156 1457
    126 1458
    134 1459
    125 1460
    137 1461
    142 1462
    124 1463
    120 1464
    128 1465
    149 1466
    126 1467
    141 1468
    137 1469
    127 1470
    122 1471
    129 1472
    111 1473
    134 1474
    136 1475
    143 1476
    134 1477
    112 1478
    110 1479
    126 1480
    118 1481
    114 1482
    131 1483
    136 1484
    122 1485
    116 1486
    118 1487
    120 1488
    127 1489
    111 1490
    107 1491
    125 1492
    125 1493
    113 1494
    110 1495
    134 1496
    118 1497
    128 1498
    116 1499
    123 1500
    108 1501
    131 1502
    152 1503
    142 1504
    131 1505
    115 1506
    128 1507
    141 1508
    107 1509
    143 1510
    121 1511
    118 1512
    121 1513
    136 1514
    104 1515
    129 1516
    125 1517
    116 1518
    126 1519
    149 1520
    118 1521
    135 1522
    130 1523
    135 1524
     97 1525
    124 1526
    123 1527
    108 1528
    107 1529
    115 1530
    115 1531
    126 1532
    126 1533
    133 1534
     97 1535
    106 1536
    104 1537
    115 1538
    121 1539
    119 1540
     96 1541
    118 1542
    116 1543
    111 1544
    120 1545
    122 1546
    122 1547
    121 1548
    106 1549
    115 1550
    129 1551
    115 1552
    124 1553
    121 1554
    109 1555
    111 1556
    111 1557
    117 1558
    118 1559
    117 1560
    120 1561
    111 1562
    118 1563
    116 1564
     96 1565
    120 1566
     98 1567
    127 1568
    133 1569
    115 1570
    107 1571
    130 1572
    114 1573
    134 1574
    148 1575
    127 1576
    116 1577
    107 1578
    140 1579
    130 1580
    133 1581
    122 1582
    112 1583
    120 1584
    119 1585
    116 1586
    119 1587
    115 1588
    137 1589
    140 1590
    124 1591
    107 1592
    104 1593
    111 1594
    138 1595
    134 1596
    116 1597
    105 1598
    110 1599
    116 1600
    122 1601
    133 1602
    121 1603
    133 1604
    121 1605
    115 1606
    135 1607
    124 1608
    111 1609
    118 1610
    122 1611
    118 1612
    123 1613
    152 1614
    145 1615
    102 1616
    131 1617
    134 1618
    145 1619
    117 1620
    135 1621
    110 1622
     94 1623
    117 1624
    101 1625
    100 1626
    105 1627
    113 1628
    126 1629
    104 1630
    104 1631
     94 1632
    107 1633
    115 1634
    109 1635
    107 1636
    107 1637
    101 1638
    128 1639
    120 1640
    119 1641
     95 1642
    100 1643
    106 1644
    102 1645
    115 1646
    107 1647
    103 1648
    107 1649
    102 1650
    103 1651
    114 1652
    100 1653
     79 1654
     92 1655
     94 1656
     89 1657
     83 1658
    100 1659
     98 1660
     95 1661
    113 1662
     96 1663
     93 1664
    110 1665
     90 1666
     79 1667
     93 1668
     82 1669
    106 1670
     97 1671
     88 1672
     84 1673
     98 1674
     99 1675
     84 1676
     83 1677
    108 1678
     98 1679
     95 1680
     85 1681
     91 1682
     79 1683
     99 1684
    106 1685
     89 1686
     88 1687
    105 1688
    108 1689
     91 1690
     92 1691
     99 1692
    101 1693
     96 1694
    106 1695
     80 1696
    101 1697
    106 1698
     93 1699
     92 1700
    110 1701
     92 1702
    111 1703
    103 1704
    119 1705
    106 1706
     94 1707
     81 1708
     82 1709
    102 1710
     74 1711
     92 1712
     87 1713
    116 1714
     81 1715
     90 1716
     80 1717
     97 1718
    104 1719
     74 1720
     92 1721
     98 1722
     91 1723
     85 1724
     82 1725
    103 1726
    105 1727
     80 1728
    110 1729
     86 1730
     75 1731
     89 1732
    102 1733
     90 1734
     77 1735
    103 1736
     85 1737
     81 1738
     92 1739
     86 1740
     85 1741
     66 1742
     81 1743
     87 1744
     89 1745
     90 1746
     96 1747
     78 1748
     85 1749
     75 1750
     66 1751
     77 1752
     87 1753
     79 1754
     94 1755
     83 1756
     84 1757
     76 1758
     75 1759
     74 1760
     78 1761
     77 1762
     73 1763
     94 1764
     65 1765
     83 1766
     88 1767
     86 1768
     78 1769
     91 1770
     75 1771
     85 1772
     76 1773
     79 1774
     65 1775
     79 1776
     86 1777
     63 1778
     76 1779
     94 1780
     70 1781
     53 1782
     64 1783
     78 1784
     79 1785
     72 1786
     55 1787
     63 1788
     69 1789
     81 1790
     65 1791
     68 1792
     70 1793
     82 1794
     90 1795
     80 1796
     74 1797
     78 1798
     78 1799
     84 1800
     68 1801
     68 1802
     68 1803
     76 1804
     65 1805
    100 1806
     77 1807
     75 1808
     54 1809
     73 1810
     78 1811
     74 1812
     73 1813
     77 1814
     96 1815
     74 1816
     64 1817
     80 1818
     69 1819
     58 1820
     60 1821
     68 1822
     69 1823
     55 1824
     59 1825
     73 1826
     58 1827
     69 1828
     57 1829
     78 1830
     70 1831
     57 1832
     71 1833
     81 1834
     73 1835
     72 1836
     69 1837
     65 1838
     54 1839
     47 1840
     62 1841
     65 1842
     60 1843
     71 1844
     76 1845
     89 1846
     60 1847
     66 1848
     67 1849
     56 1850
     64 1851
     60 1852
     64 1853
     65 1854
     60 1855
     56 1856
     62 1857
     73 1858
     72 1859
     70 1860
     47 1861
     61 1862
     71 1863
     69 1864
     59 1865
     61 1866
     69 1867
     79 1868
     69 1869
     80 1870
     78 1871
     81 1872
     58 1873
     64 1874
     70 1875
     80 1876
     58 1877
     53 1878
     58 1879
     72 1880
     62 1881
     72 1882
     58 1883
     69 1884
     76 1885
     83 1886
     78 1887
     67 1888
     65 1889
     73 1890
     57 1891
     62 1892
     73 1893
     84 1894
     67 1895
     63 1896
     53 1897
     60 1898
     78 1899
     90 1900
     72 1901
     77 1902
     68 1903
     61 1904
     46 1905
     64 1906
     79 1907
     66 1908
     79 1909
     69 1910
     65 1911
     64 1912
     70 1913
     68 1914
     76 1915
     80 1916
     50 1917
     76 1918
     71 1919
     66 1920
     66 1921
     73 1922
     66 1923
     62 1924
     69 1925
     76 1926
     68 1927
     64 1928
     65 1929
     70 1930
     71 1931
     82 1932
     77 1933
     71 1934
     62 1935
     86 1936
     66 1937
     65 1938
     75 1939
     73 1940
     70 1941
     73 1942
     67 1943
     70 1944
     62 1945
     65 1946
     70 1947
     77 1948
     56 1949
     66 1950
     51 1951
     57 1952
     67 1953
     55 1954
     71 1955
     77 1956
     71 1957
     67 1958
     72 1959
     64 1960
     80 1961
     68 1962
     70 1963
     71 1964
     64 1965
     74 1966
     76 1967
     60 1968
     69 1969
     69 1970
     75 1971
     58 1972
     71 1973
     65 1974
     51 1975
     54 1976
     80 1977
     61 1978
     55 1979
     60 1980
     73 1981
     56 1982
     62 1983
     67 1984
     58 1985
     57 1986
     74 1987
     65 1988
     69 1989
     81 1990
     72 1991
     72 1992
     95 1993
     66 1994
     71 1995
     76 1996
     65 1997
     72 1998
     65 1999
     82 2000
     62 2001
     77 2002
     60 2003
     68 2004
     68 2005
     82 2006
     60 2007
     58 2008
     66 2009
     73 2010
     73 2011
     64 2012
     67 2013
     62 2014
     74 2015
     73 2016
     64 2017
     57 2018
     67 2019
     66 2020
     72 2021
     74 2022
     74 2023
     58 2024
     70 2025
     80 2026
     57 2027
     64 2028
     81 2029
     68 2030
     66 2031
     57 2032
     76 2033
     67 2034
     73 2035
     75 2036
     79 2037
     70 2038
     65 2039
     67 2040
     79 2041
     65 2042
     67 2043
     69 2044
     53 2045
     73 2046
     75 2047
     67 2048
     60 2049
     60 2050
     65 2051
     69 2052
     65 2053
     62 2054
     52 2055
     61 2056
     59 2057
     56 2058
     54 2059
     54 2060
     64 2061
     55 2062
     70 2063
     63 2064
     67 2065
     61 2066
     66 2067
     65 2068
     58 2069
     64 2070
     68 2071
     59 2072
     61 2073
     60 2074
     50 2075
     66 2076
     57 2077
     59 2078
     60 2079
     65 2080
     54 2081
     39 2082
     57 2083
     45 2084
     58 2085
     55 2086
     46 2087
     46 2088
     61 2089
     65 2090
     53 2091
     53 2092
     51 2093
     59 2094
     68 2095
     65 2096
     63 2097
     60 2098
     61 2099
     54 2100
     61 2101
     61 2102
     57 2103
     62 2104
     63 2105
     42 2106
     54 2107
     76 2108
     73 2109
     53 2110
     70 2111
     65 2112
     65 2113
     55 2114
     61 2115
     56 2116
     68 2117
     61 2118
     74 2119
     50 2120
     55 2121
     64 2122
     60 2123
     63 2124
     63 2125
     50 2126
     62 2127
     55 2128
     59 2129
     74 2130
     62 2131
     57 2132
     78 2133
     72 2134
     59 2135
     64 2136
     48 2137
     58 2138
     56 2139
     58 2140
     73 2141
     48 2142
     45 2143
     66 2144
     65 2145
     45 2146
     57 2147
     51 2148
     58 2149
     64 2150
     70 2151
     61 2152
     48 2153
     65 2154
     58 2155
     66 2156
     43 2157
     72 2158
     55 2159
     48 2160
     41 2161
     48 2162
     67 2163
     52 2164
     54 2165
     74 2166
     57 2167
     56 2168
     62 2169
     53 2170
     53 2171
     60 2172
     62 2173
     63 2174
     67 2175
     53 2176
     53 2177
     59 2178
     41 2179
     36 2180
     50 2181
     52 2182
     47 2183
     51 2184
     54 2185
     47 2186
     58 2187
     59 2188
     56 2189
     64 2190
     64 2191
     51 2192
     54 2193
     52 2194
     58 2195
     48 2196
     59 2197
     54 2198
     62 2199
     51 2200
     48 2201
     42 2202
     71 2203
     45 2204
     53 2205
     48 2206
     54 2207
     47 2208
     68 2209
     42 2210
     44 2211
     53 2212
     59 2213
     54 2214
     48 2215
     41 2216
     56 2217
     53 2218
     55 2219
     50 2220
     38 2221
     46 2222
     34 2223
     61 2224
     46 2225
     49 2226
     36 2227
     43 2228
     43 2229
     47 2230
     58 2231
     52 2232
     57 2233
     49 2234
     43 2235
     43 2236
     51 2237
     54 2238
     52 2239
     51 2240
     46 2241
     42 2242
     46 2243
     53 2244
     38 2245
     59 2246
     52 2247
     44 2248
     58 2249
     37 2250
     48 2251
     61 2252
     48 2253
     41 2254
     58 2255
     65 2256
     45 2257
     65 2258
     50 2259
     56 2260
     54 2261
     44 2262
     43 2263
     44 2264
     50 2265
     61 2266
     39 2267
     41 2268
     64 2269
     60 2270
     39 2271
     54 2272
     56 2273
     33 2274
     56 2275
     50 2276
     49 2277
     51 2278
     52 2279
     36 2280
     42 2281
     55 2282
     38 2283
     30 2284
     48 2285
     45 2286
     60 2287
     48 2288
     48 2289
     45 2290
     54 2291
     53 2292
     52 2293
     49 2294
     42 2295
     52 2296
     45 2297
     60 2298
     51 2299
     55 2300
     58 2301
     56 2302
     59 2303
     52 2304
     41 2305
     52 2306
     43 2307
     52 2308
     49 2309
     61 2310
     41 2311
     49 2312
     54 2313
     44 2314
     59 2315
     48 2316
     70 2317
     54 2318
     48 2319
     48 2320
     58 2321
     45 2322
     49 2323
     42 2324
     51 2325
     72 2326
     67 2327
     40 2328
     52 2329
     35 2330
     57 2331
     58 2332
     66 2333
     51 2334
     73 2335
     59 2336
     54 2337
     48 2338
     52 2339
     51 2340
     48 2341
     60 2342
     63 2343
     43 2344
     49 2345
     54 2346
     60 2347
     52 2348
     44 2349
     46 2350
     49 2351
     50 2352
     47 2353
     47 2354
     45 2355
     63 2356
     59 2357
     51 2358
     46 2359
     48 2360
     49 2361
     52 2362
     43 2363
     47 2364
     49 2365
     45 2366
     42 2367
     37 2368
     52 2369
     51 2370
     39 2371
     59 2372
     38 2373
     52 2374
     49 2375
     44 2376
     53 2377
     51 2378
     41 2379
     41 2380
     42 2381
     51 2382
     48 2383
     41 2384
     40 2385
     34 2386
     49 2387
     40 2388
     46 2389
     52 2390
     34 2391
     41 2392
     43 2393
     51 2394
     37 2395
     50 2396
     32 2397
     47 2398
     54 2399
     51 2400
     38 2401
     51 2402
     37 2403
     45 2404
     40 2405
     48 2406
     33 2407
     53 2408
     47 2409
     52 2410
     39 2411
     43 2412
     48 2413
     40 2414
     41 2415
     61 2416
     46 2417
     41 2418
     42 2419
     40 2420
     43 2421
     45 2422
     36 2423
     47 2424
     26 2425
     50 2426
     39 2427
     41 2428
     56 2429
     49 2430
     33 2431
     59 2432
     41 2433
     55 2434
     38 2435
     36 2436
     49 2437
     58 2438
     37 2439
     50 2440
     39 2441
     41 2442
     42 2443
     45 2444
     44 2445
     45 2446
     47 2447
     34 2448
     45 2449
     49 2450
     40 2451
     49 2452
     38 2453
     46 2454
     43 2455
     39 2456
     32 2457
     39 2458
     43 2459
     43 2460
     46 2461
     39 2462
     38 2463
     42 2464
     43 2465
     44 2466
     37 2467
     44 2468
     40 2469
     42 2470
     33 2471
     34 2472
     47 2473
     41 2474
     44 2475
     37 2476
     38 2477
     41 2478
     34 2479
     46 2480
     41 2481
     51 2482
     36 2483
     33 2484
     51 2485
     32 2486
     43 2487
     39 2488
     34 2489
     45 2490
     37 2491
     32 2492
     39 2493
     37 2494
     49 2495
     51 2496
     40 2497
     44 2498
     32 2499
     29 2500
     40 2501
     25 2502
     38 2503
     39 2504
     45 2505
     57 2506
     39 2507
     44 2508
     37 2509
     42 2510
     37 2511
     49 2512
     54 2513
     34 2514
     31 2515
     46 2516
     34 2517
     39 2518
     39 2519
     41 2520
     40 2521
     40 2522
     48 2523
     39 2524
     48 2525
     46 2526
     35 2527
     39 2528
     43 2529
     50 2530
     32 2531
     41 2532
     48 2533
     42 2534
     47 2535
     51 2536
     48 2537
     39 2538
     42 2539
     33 2540
     39 2541
     40 2542
     36 2543
     24 2544
     43 2545
     39 2546
     40 2547
     34 2548
     38 2549
     34 2550
     38 2551
     37 2552
     37 2553
     41 2554
     40 2555
     34 2556
     57 2557
     37 2558
     41 2559
     40 2560
     44 2561
     34 2562
     29 2563
     48 2564
     51 2565
     28 2566
     36 2567
     34 2568
     38 2569
     36 2570
     41 2571
     39 2572
     39 2573
     34 2574
     37 2575
     34 2576
     42 2577
     36 2578
     41 2579
     43 2580
     35 2581
     44 2582
     34 2583
     41 2584
     41 2585
     49 2586
     40 2587
     40 2588
     52 2589
     36 2590
     36 2591
     45 2592
     41 2593
     31 2594
     40 2595
     28 2596
     35 2597
     47 2598
     41 2599
     29 2600
     38 2601
     50 2602
     43 2603
     43 2604
     32 2605
     43 2606
     45 2607
     46 2608
     50 2609
     47 2610
     25 2611
     39 2612
     40 2613
     41 2614
     60 2615
     34 2616
     40 2617
     36 2618
     45 2619
     35 2620
     38 2621
     41 2622
     35 2623
     29 2624
     40 2625
     40 2626
     44 2627
     43 2628
     37 2629
     37 2630
     29 2631
     40 2632
     42 2633
     34 2634
     48 2635
     48 2636
     38 2637
     32 2638
     49 2639
     40 2640
     40 2641
     34 2642
     48 2643
     39 2644
     40 2645
     48 2646
     42 2647
     27 2648
     27 2649
     44 2650
     40 2651
     42 2652
     48 2653
     38 2654
     40 2655
     43 2656
     44 2657
     35 2658
     34 2659
     31 2660
     36 2661
     35 2662
     36 2663
     30 2664
     46 2665
     34 2666
     48 2667
     43 2668
     38 2669
     43 2670
     48 2671
     36 2672
     31 2673
     33 2674
     49 2675
     32 2676
     35 2677
     32 2678
     41 2679
     26 2680
     32 2681
     37 2682
     37 2683
     35 2684
     50 2685
     42 2686
     34 2687
     40 2688
     37 2689
     33 2690
     33 2691
     39 2692
     33 2693
     49 2694
     40 2695
     34 2696
     37 2697
     44 2698
     38 2699
     45 2700
     37 2701
     43 2702
     50 2703
     31 2704
     41 2705
     44 2706
     37 2707
     38 2708
     39 2709
     33 2710
     49 2711
     36 2712
     34 2713
     31 2714
     37 2715
     32 2716
     32 2717
     44 2718
     33 2719
     35 2720
     41 2721
     34 2722
     35 2723
     37 2724
     43 2725
     29 2726
     38 2727
     36 2728
     29 2729
     42 2730
     30 2731
     41 2732
     44 2733
     34 2734
     35 2735
     39 2736
     42 2737
     42 2738
     32 2739
     41 2740
     44 2741
     31 2742
     38 2743
     29 2744
     21 2745
     42 2746
     29 2747
     39 2748
     39 2749
     27 2750
     37 2751
     32 2752
     34 2753
     34 2754
     33 2755
     32 2756
     39 2757
     39 2758
     31 2759
     34 2760
     29 2761
     26 2762
     42 2763
     45 2764
     37 2765
     34 2766
     33 2767
     31 2768
     32 2769
     34 2770
     40 2771
     27 2772
     34 2773
     26 2774
     34 2775
     37 2776
     30 2777
     39 2778
     30 2779
     39 2780
     30 2781
     34 2782
     37 2783
     36 2784
     22 2785
     32 2786
     40 2787
     31 2788
     35 2789
     30 2790
     47 2791
     27 2792
     41 2793
     30 2794
     35 2795
     38 2796
     29 2797
     31 2798
     29 2799
     35 2800
     31 2801
     31 2802
     36 2803
     48 2804
     26 2805
     37 2806
     55 2807
     22 2808
     35 2809
     26 2810
     49 2811
     31 2812
     28 2813
     31 2814
     32 2815
     43 2816
     42 2817
     26 2818
     40 2819
     33 2820
     37 2821
     33 2822
     30 2823
     29 2824
     34 2825
     33 2826
     43 2827
     34 2828
     34 2829
     42 2830
     33 2831
     25 2832
     40 2833
     41 2834
     33 2835
     38 2836
     39 2837
     47 2838
     53 2839
     39 2840
     45 2841
     30 2842
     38 2843
     35 2844
     41 2845
     30 2846
     37 2847
     32 2848
     38 2849
     52 2850
     44 2851
     37 2852
     45 2853
     32 2854
     45 2855
     36 2856
     36 2857
     34 2858
     47 2859
     46 2860
     31 2861
     42 2862
     50 2863
     43 2864
     38 2865
     35 2866
     41 2867
     30 2868
     44 2869
     41 2870
     45 2871
     31 2872
     43 2873
     37 2874
     45 2875
     37 2876
     39 2877
     38 2878
     52 2879
     25 2880
     45 2881
     39 2882
     35 2883
     34 2884
     43 2885
     31 2886
     37 2887
     33 2888
     38 2889
     37 2890
     31 2891
     46 2892
     35 2893
     34 2894
     26 2895
     47 2896
     26 2897
     37 2898
     43 2899
     41 2900
     23 2901
     38 2902
     29 2903
     27 2904
     36 2905
     31 2906
     27 2907
     40 2908
     38 2909
     26 2910
     32 2911
     27 2912
     28 2913
     38 2914
     37 2915
     29 2916
     38 2917
     36 2918
     39 2919
     31 2920
     28 2921
     26 2922
     46 2923
     37 2924
     27 2925
     30 2926
     35 2927
     31 2928
     40 2929
     23 2930
     45 2931
     27 2932
     43 2933
     31 2934
     46 2935
     31 2936
     33 2937
     38 2938
     42 2939
     28 2940
     42 2941
     33 2942
     52 2943
     33 2944
     45 2945
     38 2946
     48 2947
     53 2948
     40 2949
     35 2950
     48 2951
     39 2952
     38 2953
     42 2954
     31 2955
     32 2956
     41 2957
     32 2958
     32 2959
     46 2960
     38 2961
     32 2962
     38 2963
     42 2964
     32 2965
     31 2966
     37 2967
     39 2968
     29 2969
     31 2970
     40 2971
     34 2972
     47 2973
     39 2974
     35 2975
     41 2976
     29 2977
     24 2978
     41 2979
     35 2980
     34 2981
     26 2982
     39 2983
     43 2984
     32 2985
     44 2986
     35 2987
     33 2988
     42 2989
     24 2990
     18 2991
     34 2992
     37 2993
     46 2994
     33 2995
     47 2996
     35 2997
     50 2998
     38 2999
     38 3000
     35 3001
     38 3002
     39 3003
     52 3004
     45 3005
     48 3006
     36 3007
     47 3008
     43 3009
     53 3010
     51 3011
     50 3012
     53 3013
     44 3014
     35 3015
     36 3016
     45 3017
     38 3018
     47 3019
     33 3020
     46 3021
     34 3022
     46 3023
     47 3024
     34 3025
     48 3026
     41 3027
     35 3028
     30 3029
     27 3030
     38 3031
     30 3032
     41 3033
     37 3034
     37 3035
     42 3036
     43 3037
     37 3038
     36 3039
     38 3040
     33 3041
     46 3042
     57 3043
     37 3044
     32 3045
     33 3046
     42 3047
     41 3048
     32 3049
     46 3050
     39 3051
     44 3052
     38 3053
     46 3054
     39 3055
     39 3056
     34 3057
     36 3058
     32 3059
     44 3060
     42 3061
     45 3062
     43 3063
     41 3064
     35 3065
     53 3066
     30 3067
     45 3068
     37 3069
     35 3070
     36 3071
     46 3072
     40 3073
     41 3074
     50 3075
     35 3076
     45 3077
     36 3078
     48 3079
     36 3080
     39 3081
     38 3082
     46 3083
     36 3084
     42 3085
     51 3086
     43 3087
     39 3088
     30 3089
     50 3090
     50 3091
     46 3092
     44 3093
     33 3094
     44 3095
     27 3096
     37 3097
     42 3098
     32 3099
     48 3100
     36 3101
     41 3102
     37 3103
     40 3104
     37 3105
     43 3106
     28 3107
     44 3108
     32 3109
     34 3110
     42 3111
     44 3112
     32 3113
     46 3114
     38 3115
     42 3116
     39 3117
     34 3118
     39 3119
     31 3120
     38 3121
     35 3122
     38 3123
     44 3124
     33 3125
     32 3126
     38 3127
     26 3128
     36 3129
     39 3130
     38 3131
     34 3132
     26 3133
     38 3134
     35 3135
     34 3136
     40 3137
     39 3138
     33 3139
     25 3140
     30 3141
     40 3142
     34 3143
     38 3144
     45 3145
     28 3146
     47 3147
     42 3148
     36 3149
     44 3150
     31 3151
     30 3152
     31 3153
     32 3154
     39 3155
     40 3156
     38 3157
     41 3158
     48 3159
     40 3160
     31 3161
     36 3162
     39 3163
     41 3164
     31 3165
     30 3166
     38 3167
     41 3168
     27 3169
     41 3170
     31 3171
     35 3172
     39 3173
     41 3174
     32 3175
     36 3176
     38 3177
     28 3178
     30 3179
     36 3180
     34 3181
     51 3182
     33 3183
     43 3184
     41 3185
     39 3186
     43 3187
     41 3188
     29 3189
     40 3190
     37 3191
     35 3192
     29 3193
     45 3194
     46 3195
     39 3196
     29 3197
     41 3198
     29 3199
     52 3200
     36 3201
     43 3202
     30 3203
     42 3204
     52 3205
     51 3206
     41 3207
     38 3208
     42 3209
     37 3210
     41 3211
     44 3212
     39 3213
     41 3214
     30 3215
     38 3216
     40 3217
     46 3218
     40 3219
     35 3220
     34 3221
     30 3222
     46 3223
     37 3224
     43 3225
     29 3226
     36 3227
     48 3228
     38 3229
     42 3230
     38 3231
     39 3232
     40 3233
     35 3234
     40 3235
     37 3236
     40 3237
     36 3238
     39 3239
     41 3240
     35 3241
     37 3242
     42 3243
     33 3244
     35 3245
     43 3246
     40 3247
     43 3248
     38 3249
     36 3250
     42 3251
     38 3252
     31 3253
     31 3254
     41 3255
     30 3256
     37 3257
     28 3258
     42 3259
     48 3260
     38 3261
     40 3262
     35 3263
     28 3264
     38 3265
     45 3266
     28 3267
     37 3268
     41 3269
     36 3270
     34 3271
     47 3272
     41 3273
     37 3274
     36 3275
     46 3276
     42 3277
     36 3278
     32 3279
     42 3280
     38 3281
     37 3282
     48 3283
     28 3284
     31 3285
     38 3286
     46 3287
     39 3288
     40 3289
     52 3290
     50 3291
     48 3292
     58 3293
     38 3294
     44 3295
     29 3296
     40 3297
     40 3298
     38 3299
     51 3300
     44 3301
     43 3302
     45 3303
     42 3304
     44 3305
     43 3306
     35 3307
     31 3308
     32 3309
     41 3310
     34 3311
     37 3312
     44 3313
     41 3314
     46 3315
     33 3316
     47 3317
     41 3318
     28 3319
     38 3320
     40 3321
     37 3322
     31 3323
     29 3324
     41 3325
     33 3326
     26 3327
     38 3328
     45 3329
     25 3330
     35 3331
     33 3332
     33 3333
     37 3334
     32 3335
     43 3336
     28 3337
     38 3338
     33 3339
     35 3340
     39 3341
     39 3342
     35 3343
     27 3344
     30 3345
     39 3346
     34 3347
     31 3348
     37 3349
     39 3350
     29 3351
     32 3352
     36 3353
     30 3354
     31 3355
     29 3356
     24 3357
     35 3358
     29 3359
     35 3360
     26 3361
     36 3362
     36 3363
     36 3364
     25 3365
     32 3366
     29 3367
     39 3368
     33 3369
     37 3370
     23 3371
     28 3372
     37 3373
     40 3374
     37 3375
     36 3376
     35 3377
     35 3378
     37 3379
     33 3380
     33 3381
     35 3382
     34 3383
     36 3384
     34 3385
     43 3386
     26 3387
     30 3388
     40 3389
     31 3390
     33 3391
     37 3392
     29 3393
     31 3394
     35 3395
     31 3396
     32 3397
     38 3398
     40 3399
     30 3400
     38 3401
     56 3402
     37 3403
     30 3404
     26 3405
     42 3406
     29 3407
     25 3408
     37 3409
     31 3410
     39 3411
     47 3412
     41 3413
     33 3414
     39 3415
     30 3416
     29 3417
     28 3418
     45 3419
     39 3420
     39 3421
     25 3422
     42 3423
     38 3424
     30 3425
     31 3426
     27 3427
     33 3428
     32 3429
     17 3430
     34 3431
     32 3432
     25 3433
     28 3434
     25 3435
     32 3436
     41 3437
     27 3438
     38 3439
     26 3440
     41 3441
     39 3442
     34 3443
     38 3444
     34 3445
     33 3446
     36 3447
     38 3448
     20 3449
     33 3450
     36 3451
     26 3452
     42 3453
     34 3454
     39 3455
     33 3456
     28 3457
     34 3458
     22 3459
     29 3460
     29 3461
     35 3462
     31 3463
     24 3464
     33 3465
     41 3466
     29 3467
     30 3468
     42 3469
     35 3470
     24 3471
     36 3472
     30 3473
     41 3474
     37 3475
     37 3476
     28 3477
     39 3478
     22 3479
     22 3480
     24 3481
     33 3482
     37 3483
     32 3484
     35 3485
     45 3486
     31 3487
     33 3488
     35 3489
     32 3490
     37 3491
     32 3492
     34 3493
     34 3494
     38 3495
     38 3496
     39 3497
     28 3498
     39 3499
     33 3500
     43 3501
     35 3502
     34 3503
     27 3504
     30 3505
     39 3506
     32 3507
     28 3508
     25 3509
     30 3510
     40 3511
     29 3512
     33 3513
     17 3514
     29 3515
     34 3516
     34 3517
     41 3518
     36 3519
     35 3520
     44 3521
     34 3522
     29 3523
     34 3524
     43 3525
     22 3526
     45 3527
     34 3528
     31 3529
     31 3530
     32 3531
     30 3532
     40 3533
     20 3534
     28 3535
     33 3536
     32 3537
     41 3538
     34 3539
     31 3540
     35 3541
     35 3542
     32 3543
     31 3544
     28 3545
     41 3546
     34 3547
     31 3548
     30 3549
     31 3550
     21 3551
     26 3552
     36 3553
     26 3554
     33 3555
     26 3556
     37 3557
     32 3558
     34 3559
     27 3560
     34 3561
     26 3562
     32 3563
     39 3564
     40 3565
     37 3566
     31 3567
     43 3568
     32 3569
     33 3570
     29 3571
     36 3572
     31 3573
     37 3574
     32 3575
     55 3576
     39 3577
     24 3578
     34 3579
     35 3580
     35 3581
     30 3582
     38 3583
     28 3584
     32 3585
     31 3586
     30 3587
     39 3588
     31 3589
     25 3590
     22 3591
     35 3592
     40 3593
     29 3594
     36 3595
     27 3596
     22 3597
     24 3598
     38 3599
     22 3600
     26 3601
     21 3602
     31 3603
     31 3604
     28 3605
     27 3606
     30 3607
     21 3608
     25 3609
     25 3610
     35 3611
     27 3612
     17 3613
     29 3614
     29 3615
     24 3616
     24 3617
     25 3618
     24 3619
     31 3620
     32 3621
     32 3622
     32 3623
     27 3624
     26 3625
     31 3626
     30 3627
     20 3628
     38 3629
     29 3630
     24 3631
     18 3632
     27 3633
     22 3634
     24 3635
     26 3636
     19 3637
     22 3638
     24 3639
     27 3640
     31 3641
     25 3642
     17 3643
     23 3644
     34 3645
     25 3646
     26 3647
     26 3648
     34 3649
     33 3650
     26 3651
     26 3652
     19 3653
     30 3654
     24 3655
     23 3656
     29 3657
     30 3658
     29 3659
     29 3660
     39 3661
     22 3662
     22 3663
     25 3664
     23 3665
     32 3666
     23 3667
     26 3668
     25 3669
     26 3670
     25 3671
     25 3672
     31 3673
     22 3674
     27 3675
     30 3676
     23 3677
     27 3678
     19 3679
     36 3680
     23 3681
     28 3682
     23 3683
     25 3684
     16 3685
     21 3686
     21 3687
     22 3688
     23 3689
     21 3690
     24 3691
     24 3692
     28 3693
     27 3694
     21 3695
     33 3696
     31 3697
     18 3698
     30 3699
     19 3700
     30 3701
     19 3702
     28 3703
     22 3704
     27 3705
     24 3706
     23 3707
     20 3708
     19 3709
     12 3710
     27 3711
     19 3712
     21 3713
     25 3714
     23 3715
     22 3716
     23 3717
     22 3718
     20 3719
     29 3720
     15 3721
     23 3722
     21 3723
     24 3724
     29 3725
     21 3726
     24 3727
     20 3728
     29 3729
     16 3730
     24 3731
     20 3732
     29 3733
     25 3734
     20 3735
     17 3736
     22 3737
     28 3738
     26 3739
     28 3740
     21 3741
     21 3742
     21 3743
     15 3744
     20 3745
     21 3746
     21 3747
     17 3748
     16 3749
     21 3750
     24 3751
     22 3752
     16 3753
     20 3754
     24 3755
     15 3756
     16 3757
     20 3758
     18 3759
     14 3760
     22 3761
     19 3762
     22 3763
     13 3764
     15 3765
     28 3766
     22 3767
     27 3768
     27 3769
     23 3770
     15 3771
     15 3772
     22 3773
     25 3774
     21 3775
     18 3776
     22 3777
     21 3778
     19 3779
     26 3780
     20 3781
     13 3782
     23 3783
     21 3784
     25 3785
     19 3786
     21 3787
     22 3788
     22 3789
     17 3790
     16 3791
     21 3792
     22 3793
     26 3794
     28 3795
     17 3796
     18 3797
     16 3798
     12 3799
     27 3800
     24 3801
     26 3802
     20 3803
     29 3804
     20 3805
     26 3806
     20 3807
     19 3808
     30 3809
     22 3810
     11 3811
     25 3812
     18 3813
     27 3814
     25 3815
     24 3816
     18 3817
     18 3818
     19 3819
     25 3820
     31 3821
     21 3822
     26 3823
     21 3824
     19 3825
     24 3826
     14 3827
     18 3828
     19 3829
     16 3830
     18 3831
     19 3832
     21 3833
     17 3834
     26 3835
     19 3836
     15 3837
     15 3838
     18 3839
     19 3840
     22 3841
     20 3842
     19 3843
     18 3844
     25 3845
     23 3846
     13 3847
     24 3848
     23 3849
     15 3850
     16 3851
     19 3852
     20 3853
     14 3854
     29 3855
     16 3856
     25 3857
     13 3858
     19 3859
     23 3860
     22 3861
     16 3862
     15 3863
     19 3864
     18 3865
     15 3866
     17 3867
     22 3868
     16 3869
     21 3870
     24 3871
     15 3872
     15 3873
     24 3874
     19 3875
     22 3876
     17 3877
     27 3878
     22 3879
     20 3880
     28 3881
     11 3882
     22 3883
     13 3884
     16 3885
     11 3886
     15 3887
     20 3888
     20 3889
     18 3890
     26 3891
     16 3892
     12 3893
     16 3894
     18 3895
     20 3896
     10 3897
     17 3898
     15 3899
     24 3900
     15 3901
     14 3902
     16 3903
     15 3904
     23 3905
     15 3906
     18 3907
     17 3908
     19 3909
     18 3910
     13 3911
     16 3912
     14 3913
     12 3914
     14 3915
     30 3916
     16 3917
     17 3918
     19 3919
     19 3920
     18 3921
     21 3922
     18 3923
     20 3924
      9 3925
     17 3926
     17 3927
     17 3928
     12 3929
     11 3930
     13 3931
     14 3932
     15 3933
     14 3934
     17 3935
      6 3936
     28 3937
     23 3938
     20 3939
     23 3940
     17 3941
     22 3942
     18 3943
     18 3944
     28 3945
     14 3946
     13 3947
     21 3948
     21 3949
     18 3950
     15 3951
     18 3952
     14 3953
     20 3954
     17 3955
     11 3956
     11 3957
     18 3958
     11 3959
      7 3960
     16 3961
     10 3962
     16 3963
     14 3964
      8 3965
     12 3966
     14 3967
     14 3968
     10 3969
      9 3970
     15 3971
     18 3972
     15 3973
     10 3974
     18 3975
     21 3976
     15 3977
     13 3978
     18 3979
     12 3980
     17 3981
     17 3982
     13 3983
     17 3984
     14 3985
     16 3986
     13 3987
     11 3988
     14 3989
      8 3990
     11 3991
     18 3992
     13 3993
     12 3994
     14 3995
     14 3996
     16 3997
     15 3998
     11 3999
     12 4000
     13 4001
     10 4002
     17 4003
     11 4004
     15 4005
     11 4006
     20 4007
     17 4008
     12 4009
     17 4010
     11 4011
     14 4012
      5 4013
     11 4014
     19 4015
     16 4016
     11 4017
     17 4018
     10 4019
     22 4020
     11 4021
     13 4022
     11 4023
     13 4024
     12 4025
      6 4026
      6 4027
     14 4028
     12 4029
     23 4030
     11 4031
     14 4032
      8 4033
     16 4034
     13 4035
     13 4036
     16 4037
     17 4038
     16 4039
     10 4040
     11 4041
     16 4042
     12 4043
     12 4044
     12 4045
     10 4046
     14 4047
     14 4048
     11 4049
     14 4050
      7 4051
     18 4052
     18 4053
      7 4054
     16 4055
      9 4056
     11 4057
      9 4058
     13 4059
     16 4060
     12 4061
     17 4062
     14 4063
     13 4064
     18 4065
     10 4066
     11 4067
     20 4068
     15 4069
     11 4070
     11 4071
      8 4072
     13 4073
      9 4074
     10 4075
      9 4076
     11 4077
     13 4078
      9 4079
     13 4080
     10 4081
     13 4082
     14 4083
     17 4084
     14 4085
     15 4086
     16 4087
     12 4088
     14 4089
     11 4090
     17 4091
      9 4092
     23 4093
     19 4094
     10 4095
     11 4096
      7 4097
     16 4098
     16 4099
     14 4100
     12 4101
     12 4102
      7 4103
      8 4104
     11 4105
      8 4106
     16 4107
      8 4108
     11 4109
      2 4110
     12 4111
     13 4112
     10 4113
     12 4114
     10 4115
      7 4116
      8 4117
      9 4118
     18 4119
     14 4120
     12 4121
     12 4122
     13 4123
      7 4124
     17 4125
     14 4126
      6 4127
      7 4128
      8 4129
     14 4130
     16 4131
     16 4132
     17 4133
     11 4134
     11 4135
     11 4136
      9 4137
     12 4138
      6 4139
     18 4140
     12 4141
     11 4142
     11 4143
      9 4144
     11 4145
     10 4146
     20 4147
      8 4148
     13 4149
      9 4150
     17 4151
     12 4152
     15 4153
     13 4154
     18 4155
     12 4156
     12 4157
      8 4158
     16 4159
      9 4160
     12 4161
     11 4162
     11 4163
     11 4164
     12 4165
      6 4166
     13 4167
     16 4168
     13 4169
     13 4170
     10 4171
     21 4172
     13 4173
      9 4174
      9 4175
      8 4176
     11 4177
     10 4178
     15 4179
     12 4180
      4 4181
      7 4182
     14 4183
     11 4184
     13 4185
      5 4186
      9 4187
      9 4188
     12 4189
      7 4190
      9 4191
     12 4192
     16 4193
     13 4194
      4 4195
     12 4196
     16 4197
     14 4198
      8 4199
     13 4200
      8 4201
     10 4202
     14 4203
     16 4204
      9 4205
      6 4206
     13 4207
     10 4208
     15 4209
     13 4210
     13 4211
      5 4212
      8 4213
      7 4214
     18 4215
     10 4216
     13 4217
      8 4218
     15 4219
     13 4220
     11 4221
      8 4222
      9 4223
     14 4224
      8 4225
     10 4226
     13 4227
     11 4228
     10 4229
     11 4230
     17 4231
     10 4232
     10 4233
     11 4234
     12 4235
     10 4236
     13 4237
     14 4238
     13 4239
      5 4240
     11 4241
     12 4242
     10 4243
     12 4244
     15 4245
     10 4246
      8 4247
     15 4248
      8 4249
      9 4250
     10 4251
     11 4252
     10 4253
      8 4254
     12 4255
      8 4256
     11 4257
      9 4258
     10 4259
      7 4260
      9 4261
      9 4262
     10 4263
      9 4264
     16 4265
     12 4266
      9 4267
     13 4268
      5 4269
      5 4270
     16 4271
     11 4272
     10 4273
      6 4274
      8 4275
      5 4276
      4 4277
     17 4278
     11 4279
     13 4280
      7 4281
     10 4282
     17 4283
      6 4284
     10 4285
     11 4286
     12 4287
     13 4288
      6 4289
     10 4290
      9 4291
     15 4292
     10 4293
     11 4294
     10 4295
      6 4296
     10 4297
     11 4298
      8 4299
      7 4300
      9 4301
     11 4302
     10 4303
      8 4304
      9 4305
     11 4306
     12 4307
     12 4308
     11 4309
     16 4310
      9 4311
     12 4312
     10 4313
     13 4314
     10 4315
     12 4316
     10 4317
     15 4318
     10 4319
     13 4320
      8 4321
     16 4322
     15 4323
     11 4324
      4 4325
     13 4326
     11 4327
     10 4328
      8 4329
      8 4330
      5 4331
     10 4332
     14 4333
     13 4334
     12 4335
      4 4336
      8 4337
     13 4338
     12 4339
     14 4340
     18 4341
     11 4342
     13 4343
      8 4344
     11 4345
      8 4346
      9 4347
     14 4348
      7 4349
      9 4350
      6 4351
      6 4352
     11 4353
      8 4354
     11 4355
      8 4356
      7 4357
     10 4358
     12 4359
     13 4360
     11 4361
      8 4362
      7 4363
      6 4364
      9 4365
     14 4366
     11 4367
      9 4368
      9 4369
     12 4370
      7 4371
      7 4372
     12 4373
      6 4374
      7 4375
     11 4376
     11 4377
     11 4378
     12 4379
      9 4380
     11 4381
      8 4382
     11 4383
     13 4384
     13 4385
      8 4386
      8 4387
      9 4388
      9 4389
      3 4390
     10 4391
     12 4392
     12 4393
      9 4394
     11 4395
      9 4396
     12 4397
      8 4398
     12 4399
     14 4400
     10 4401
      6 4402
      5 4403
     11 4404
      9 4405
     10 4406
     11 4407
      4 4408
     12 4409
      8 4410
      9 4411
     10 4412
      8 4413
      6 4414
     10 4415
      7 4416
     11 4417
     10 4418
      6 4419
      9 4420
     10 4421
      8 4422
      5 4423
     11 4424
      5 4425
      6 4426
     12 4427
      8 4428
      1 4429
      7 4430
     14 4431
      7 4432
      8 4433
      7 4434
      7 4435
      7 4436
      7 4437
     10 4438
     10 4439
      8 4440
     13 4441
      5 4442
     15 4443
      9 4444
     10 4445
     11 4446
     10 4447
     17 4448
     11 4449
     11 4450
      8 4451
      7 4452
      8 4453
     10 4454
      6 4455
      6 4456
     10 4457
      7 4458
     11 4459
     12 4460
     11 4461
      8 4462
     10 4463
     10 4464
     11 4465
      7 4466
      6 4467
     16 4468
     11 4469
     11 4470
     14 4471
      7 4472
     14 4473
      8 4474
      6 4475
      9 4476
      6 4477
      5 4478
      7 4479
      8 4480
      6 4481
      7 4482
     18 4483
      9 4484
      7 4485
      7 4486
      9 4487
     11 4488
      9 4489
      8 4490
      3 4491
     14 4492
     10 4493
     14 4494
      8 4495
      4 4496
     11 4497
      6 4498
     11 4499
     10 4500
     16 4501
      8 4502
     14 4503
     13 4504
     10 4505
     10 4506
      8 4507
     10 4508
     10 4509
      6 4510
      5 4511
      8 4512
      9 4513
     11 4514
     12 4515
     13 4516
      9 4517
      7 4518
     11 4519
     13 4520
     11 4521
      6 4522
     10 4523
      5 4524
     15 4525
      8 4526
     13 4527
      9 4528
      6 4529
      9 4530
      9 4531
      6 4532
     10 4533
      4 4534
      6 4535
      7 4536
     10 4537
      6 4538
     10 4539
     15 4540
     12 4541
     11 4542
     12 4543
      9 4544
     17 4545
      7 4546
     15 4547
     10 4548
      9 4549
     11 4550
     10 4551
      7 4552
      7 4553
     10 4554
      7 4555
      7 4556
      8 4557
      7 4558
     14 4559
      7 4560
      4 4561
     13 4562
      9 4563
     13 4564
     11 4565
     12 4566
      8 4567
     10 4568
      8 4569
     10 4570
     16 4571
     15 4572
     10 4573
     14 4574
     11 4575
     10 4576
      8 4577
     10 4578
      8 4579
     10 4580
     15 4581
      7 4582
      8 4583
      7 4584
      7 4585
     10 4586
     14 4587
      9 4588
     10 4589
      9 4590
     11 4591
     11 4592
     11 4593
     10 4594
     11 4595
     11 4596
     11 4597
     11 4598
     11 4599
     15 4600
      8 4601
      9 4602
      6 4603
      7 4604
     10 4605
      5 4606
     12 4607
      8 4608
      8 4609
     10 4610
     10 4611
      7 4612
      9 4613
     10 4614
      9 4615
      7 4616
      4 4617
     10 4618
     13 4619
     11 4620
      6 4621
      8 4622
     11 4623
      3 4624
      9 4625
     10 4626
     14 4627
      7 4628
      9 4629
      7 4630
      4 4631
     11 4632
      9 4633
     11 4634
     11 4635
      4 4636
      2 4637
      6 4638
      7 4639
     11 4640
     11 4641
     11 4642
      8 4643
      7 4644
      8 4645
     11 4646
      9 4647
      8 4648
      7 4649
     12 4650
      9 4651
     10 4652
     13 4653
      7 4654
      5 4655
     12 4656
     11 4657
      5 4658
      8 4659
     14 4660
      3 4661
      9 4662
      5 4663
      7 4664
      5 4665
     13 4666
     12 4667
     15 4668
      7 4669
      3 4670
      6 4671
     11 4672
      3 4673
      6 4674
      5 4675
      3 4676
      6 4677
      8 4678
      5 4679
      9 4680
      6 4681
      7 4682
      7 4683
     12 4684
      4 4685
      9 4686
      7 4687
      7 4688
      7 4689
      7 4690
      7 4691
      8 4692
      3 4693
      6 4694
      9 4695
      6 4696
      9 4697
      5 4698
      5 4699
      6 4700
      8 4701
      6 4702
      7 4703
      7 4704
      2 4705
      8 4706
      3 4707
      4 4708
     12 4709
     10 4710
      5 4711
      5 4712
      9 4713
     12 4714
      8 4715
      3 4716
      9 4717
      7 4718
      9 4719
      7 4720
      6 4721
     11 4722
      4 4723
      5 4724
      4 4725
     10 4726
      7 4727
     11 4728
      7 4729
      7 4730
      6 4731
      5 4732
      4 4733
      5 4734
      3 4735
     10 4736
      6 4737
      6 4738
      7 4739
      6 4740
      2 4741
      1 4742
      4 4743
      5 4744
      7 4745
      4 4746
      7 4747
      6 4748
      5 4749
     10 4750
      7 4751
      5 4752
      5 4753
      6 4754
      8 4755
      5 4756
      7 4757
      7 4758
      6 4759
      5 4760
      9 4761
      9 4762
      8 4763
      6 4764
     13 4765
      2 4766
      3 4767
      9 4768
      7 4769
      6 4770
     11 4771
      9 4772
      4 4773
      8 4774
      5 4775
      7 4776
      4 4777
      5 4778
      6 4779
      7 4780
      9 4781
      5 4782
      5 4783
     11 4784
      3 4785
      5 4786
      8 4787
     11 4788
      9 4789
      5 4790
      9 4791
      9 4792
     10 4793
      7 4794
      4 4795
     13 4796
      3 4797
      4 4798
      2 4799
      8 4800
      4 4801
      5 4802
      4 4803
      6 4804
      4 4805
      4 4806
      8 4807
      9 4808
      5 4809
      8 4810
      3 4811
      6 4812
      6 4813
      8 4814
      7 4815
      6 4816
      5 4817
     12 4818
      4 4819
      4 4820
     10 4821
      6 4822
      7 4823
      4 4824
     11 4825
      8 4826
      4 4827
      6 4828
      8 4829
      7 4830
      8 4831
      3 4832
      8 4833
      9 4834
      8 4835
      7 4836
      9 4837
      4 4838
      6 4839
      9 4840
      8 4841
      7 4842
      4 4843
      6 4844
      9 4845
      3 4846
      6 4847
      3 4848
      7 4849
      8 4850
     12 4851
     10 4852
      6 4853
      9 4854
      6 4855
      8 4856
      6 4857
      4 4858
      6 4859
      7 4860
      8 4861
     10 4862
      7 4863
      6 4864
     10 4865
      5 4866
     10 4867
      5 4868
      8 4869
      6 4870
      7 4871
      5 4872
      5 4873
      9 4874
      6 4875
     11 4876
      6 4877
     10 4878
      8 4879
      6 4880
      9 4881
      7 4882
      5 4883
      3 4884
      3 4885
      4 4886
      4 4887
      8 4888
      9 4889
      3 4890
      8 4891
      9 4892
      9 4893
      6 4894
      5 4895
      7 4896
      7 4897
      8 4898
      3 4899
      5 4900
      4 4901
      5 4902
      5 4903
      5 4904
      9 4905
      4 4906
      8 4907
     10 4908
      4 4909
      8 4910
      7 4911
      6 4912
      9 4913
      5 4914
      9 4915
      2 4916
      6 4917
      5 4918
      6 4919
      8 4920
      8 4921
      6 4922
      4 4923
      5 4924
      5 4925
     11 4926
      6 4927
      5 4928
     14 4929
      3 4930
      6 4931
      7 4932
      4 4933
      5 4934
      6 4935
      8 4936
      8 4937
      7 4938
      4 4939
      3 4940
      3 4941
      5 4942
      5 4943
      5 4944
     11 4945
      6 4946
      6 4947
      7 4948
      7 4949
      7 4950
      3 4951
      5 4952
      8 4953
      6 4954
      8 4955
      5 4956
      7 4957
      6 4958
      5 4959
      5 4960
      5 4961
      5 4962
      5 4963
      6 4964
      4 4965
     10 4966
      3 4967
      3 4968
      7 4969
      7 4970
      7 4971
     12 4972
      2 4973
     10 4974
      5 4975
      4 4976
      3 4977
      7 4978
      5 4979
      3 4980
      7 4981
      9 4982
      9 4983
      6 4984
      7 4985
      5 4986
     10 4987
      6 4988
      3 4989
      7 4990
      9 4991
      1 4992
      2 4993
      8 4994
      7 4995
      5 4996
      8 4997
      7 4998
      7 4999
     10 5000
     11 5001
      7 5002
      8 5003
      7 5004
      8 5005
      7 5006
      7 5007
      6 5008
      8 5009
      5 5010
      5 5011
      3 5012
      7 5013
      1 5014
      7 5015
      5 5016
      4 5017
      3 5018
      4 5019
      8 5020
      5 5021
      9 5022
     10 5023
      6 5024
      9 5025
      8 5026
      1 5027
      4 5028
      5 5029
      7 5030
      5 5031
      4 5032
      5 5033
      3 5034
      5 5035
     10 5036
      9 5037
      4 5038
      4 5039
     12 5040
      3 5041
      8 5042
      4 5043
      9 5044
      9 5045
      6 5046
      6 5047
      4 5048
      3 5050
      3 5051
      6 5052
      5 5053
      5 5054
      3 5055
      5 5056
      5 5057
      9 5058
      3 5059
     10 5060
      3 5061
     10 5062
      5 5063
      6 5064
      6 5065
      3 5066
      5 5067
     10 5068
      1 5069
      5 5070
      6 5071
      9 5072
      9 5073
      8 5074
      8 5075
      3 5076
      5 5077
      4 5078
      5 5079
     11 5080
      4 5081
     10 5082
      9 5083
      4 5084
      5 5085
      7 5086
      5 5087
     10 5089
      5 5090
      5 5091
      8 5092
      4 5093
      5 5094
      9 5095
      7 5096
      7 5097
      4 5098
      2 5099
      6 5100
      5 5101
      2 5102
      8 5103
      4 5104
      5 5105
      3 5106
      8 5107
      4 5108
      7 5109
      7 5110
      6 5111
      6 5112
     10 5113
      9 5114
      6 5115
      7 5116
      6 5117
      5 5118
      3 5119
      2 5120
      5 5121
      6 5122
      3 5123
      7 5124
      7 5125
      5 5126
      8 5127
      2 5128
     10 5129
      5 5130
      8 5131
      4 5132
      3 5133
      3 5134
      8 5135
      7 5136
      7 5137
      6 5138
      2 5139
      8 5140
      3 5141
      7 5142
      4 5143
      5 5144
      4 5145
      2 5146
      3 5147
      1 5148
      8 5149
     11 5150
      9 5151
      9 5152
      3 5153
      4 5154
      5 5155
      4 5156
      5 5157
      4 5158
      7 5159
      8 5160
      7 5161
      5 5162
      5 5163
      3 5164
      1 5165
      4 5166
      5 5167
      3 5168
      6 5169
      8 5170
      7 5171
      6 5172
      6 5173
      4 5174
      4 5175
      4 5176
      6 5177
      4 5178
      7 5179
      5 5180
      5 5181
      4 5182
      5 5183
      1 5184
      8 5185
      3 5186
      6 5187
      4 5188
      6 5189
      2 5190
      4 5191
      6 5192
      4 5193
      4 5194
      2 5195
      7 5196
      9 5197
      6 5198
      8 5199
      4 5200
     10 5201
      4 5202
      7 5203
      3 5204
     12 5205
      9 5206
      4 5207
      7 5208
      3 5209
      2 5210
      2 5211
      3 5212
      4 5213
      6 5214
      6 5215
      5 5216
      2 5217
      7 5218
      2 5219
      3 5220
      3 5221
      2 5222
      2 5223
      3 5224
      6 5225
      5 5226
      3 5227
      3 5228
      6 5229
      8 5230
      4 5231
      2 5232
      7 5233
      8 5234
      3 5235
      6 5236
      5 5237
      1 5238
      5 5239
      8 5240
      5 5241
      4 5242
      5 5243
      2 5244
      5 5245
      3 5246
      6 5247
      7 5248
      5 5249
      5 5250
      5 5251
      6 5252
      4 5253
      5 5254
      1 5255
      1 5256
      3 5257
      7 5258
      5 5260
      3 5261
      6 5262
      8 5263
      3 5264
      8 5265
      5 5266
      6 5267
      6 5268
      5 5269
      3 5270
      4 5271
      6 5272
      2 5273
      6 5274
      4 5275
      5 5276
      7 5277
      2 5278
      5 5279
      4 5280
      7 5281
      4 5282
      3 5283
      3 5284
      7 5285
      3 5286
      2 5287
      3 5288
      2 5289
      3 5290
      7 5291
      5 5292
      2 5293
      4 5294
      3 5295
      6 5296
      4 5297
      4 5298
      8 5299
      5 5300
      5 5301
      7 5302
      2 5303
      7 5304
      3 5305
      4 5306
      4 5307
      7 5308
      9 5309
      3 5310
     10 5311
      3 5312
      3 5313
      5 5314
      1 5315
      2 5316
      8 5317
      1 5318
      3 5319
      4 5320
      1 5321
      3 5322
      3 5323
      2 5324
      5 5325
      5 5327
      4 5328
      7 5329
      6 5330
      2 5331
      3 5332
      5 5333
      5 5334
      5 5335
      5 5336
      5 5337
      4 5338
     10 5339
      4 5340
      6 5341
      4 5342
      4 5343
      4 5344
      4 5345
      2 5346
      2 5347
      2 5348
      4 5349
      9 5350
      8 5351
      4 5352
      5 5353
      6 5354
      5 5355
      9 5356
      5 5357
      6 5358
      6 5359
      2 5360
      3 5361
      5 5362
      3 5363
      6 5364
      3 5365
      7 5366
      6 5367
      5 5368
      5 5369
      2 5370
      2 5371
      5 5372
      2 5373
      3 5374
      5 5375
      2 5376
      7 5377
      3 5378
      3 5379
      5 5380
      2 5381
      5 5382
      3 5383
      4 5384
      2 5385
      1 5386
      1 5387
      5 5388
      5 5389
      7 5390
      3 5391
      5 5392
      2 5393
      4 5395
      5 5396
      4 5398
      6 5399
      3 5400
      2 5401
      2 5402
      4 5403
      1 5404
      2 5405
      5 5406
      5 5407
      6 5408
      2 5409
      1 5410
      3 5411
      6 5412
      2 5413
      2 5414
      4 5415
      4 5416
      5 5417
      7 5418
      5 5419
      6 5420
      2 5421
      5 5422
      6 5423
      3 5424
      4 5425
     12 5426
      5 5427
      3 5428
      5 5429
      8 5430
      2 5431
      3 5432
      3 5433
      5 5434
      6 5435
      6 5436
      3 5437
      3 5438
      8 5439
      3 5440
      4 5441
      6 5442
      4 5443
      3 5444
      6 5445
     10 5446
      4 5447
      5 5448
     11 5449
      7 5450
      7 5451
      4 5452
      6 5453
      8 5454
      3 5455
      4 5456
      5 5457
      6 5458
      6 5459
      4 5460
      2 5461
      4 5462
      5 5463
      4 5464
      5 5465
      2 5466
      3 5467
      2 5468
      3 5469
      3 5470
      3 5471
      7 5472
      4 5473
      4 5474
      3 5475
      1 5476
      6 5477
      6 5478
      9 5479
      5 5480
      5 5481
      7 5482
      1 5483
      2 5484
      3 5485
      8 5486
      2 5487
      7 5488
      6 5489
      3 5490
      1 5491
      4 5492
      3 5493
      3 5494
      4 5495
      3 5496
      3 5497
      3 5498
      5 5499
      2 5500
      9 5501
      1 5502
      7 5503
      3 5504
      4 5505
      4 5506
      5 5507
      2 5508
      5 5509
      4 5510
     10 5511
      2 5512
      4 5513
      4 5514
      1 5515
      6 5516
      9 5517
      3 5519
      3 5520
      4 5521
      1 5522
      2 5523
      6 5524
      3 5525
      4 5526
      1 5527
      1 5528
      2 5529
      5 5530
     10 5531
      5 5532
      2 5533
      3 5534
      3 5535
      3 5536
      4 5537
      3 5538
      4 5539
      6 5540
      3 5541
      5 5542
      3 5544
      3 5545
      4 5546
      3 5547
      8 5548
      5 5549
      4 5550
      4 5551
      7 5552
      1 5553
      3 5554
     10 5555
      2 5556
      5 5557
      5 5559
      4 5560
      4 5561
      5 5562
      5 5563
      4 5564
      3 5565
      6 5566
      3 5567
      4 5568
      4 5569
      3 5570
      3 5571
      6 5572
      9 5573
      5 5574
      6 5575
      8 5576
      6 5577
      3 5578
      3 5579
      6 5580
      4 5581
      7 5582
      5 5583
      1 5584
      7 5585
      3 5586
      5 5587
      6 5588
      6 5589
      4 5590
      2 5591
      4 5592
      5 5593
      2 5594
      5 5595
      1 5596
      5 5597
      3 5598
      1 5599
      6 5600
      5 5601
      3 5602
      3 5603
      3 5604
      6 5605
      6 5606
      3 5607
      2 5608
      3 5609
      7 5610
      4 5611
      3 5613
      5 5614
      5 5615
      2 5616
      3 5617
      4 5618
      4 5619
      2 5620
      2 5621
      6 5622
      7 5623
      3 5624
      4 5625
      5 5626
      5 5627
      2 5628
      3 5629
      2 5630
      2 5631
      3 5632
      4 5633
      6 5634
      5 5635
      5 5636
      7 5637
      3 5638
      3 5639
      5 5640
      5 5641
      5 5643
      3 5644
      5 5645
      3 5646
      4 5647
      1 5648
      2 5649
      7 5650
      2 5651
      5 5652
      5 5653
      6 5654
      6 5655
      1 5656
      4 5657
      2 5658
      5 5659
      3 5660
      3 5661
      5 5662
      4 5663
      3 5664
      6 5665
      6 5666
      3 5667
      3 5668
      5 5669
      5 5670
      2 5671
      1 5672
      5 5673
      5 5674
      2 5675
      3 5676
      4 5677
      4 5678
      3 5679
      4 5680
      3 5681
      1 5682
      3 5683
      4 5684
      3 5685
      5 5687
      5 5688
      3 5689
      1 5690
      4 5691
      3 5692
      3 5693
      3 5694
      3 5695
      5 5696
      5 5697
      6 5698
      6 5699
      2 5700
      2 5701
      6 5702
      1 5703
      3 5705
      3 5706
      5 5707
      3 5708
      1 5709
      1 5710
      4 5711
      7 5712
      3 5713
      1 5714
      3 5715
      5 5716
      1 5717
      3 5718
      6 5719
      3 5720
      4 5721
      6 5722
      3 5723
      2 5724
      3 5725
      3 5726
      3 5727
      2 5728
      5 5729
      1 5730
      8 5731
      3 5732
      3 5733
      2 5734
      4 5735
      7 5736
      6 5737
      6 5738
      3 5739
      4 5740
      3 5741
      1 5742
      6 5743
      3 5744
      1 5745
      2 5746
      4 5747
      3 5748
      3 5749
      7 5750
      7 5751
      2 5752
      2 5753
      2 5754
      3 5755
      4 5756
      2 5757
      3 5758
      4 5759
      3 5760
      5 5761
      1 5762
      3 5763
      8 5764
      2 5765
      3 5766
      2 5767
      5 5768
      3 5769
      3 5770
      2 5771
      1 5772
      3 5773
      2 5774
      1 5775
      5 5776
      3 5777
      6 5778
      4 5779
      4 5780
      3 5781
      2 5782
      1 5783
      4 5784
      3 5785
      5 5786
      3 5787
      1 5788
      4 5789
      4 5790
      2 5791
      1 5792
      5 5793
      4 5794
      4 5795
      4 5796
      5 5797
      5 5798
      7 5799
      3 5801
      4 5802
      5 5803
      7 5804
      6 5805
      5 5806
      2 5807
      6 5808
      2 5809
      3 5810
      4 5811
      1 5812
      3 5813
      2 5814
      6 5815
      9 5816
      1 5817
      3 5818
      3 5819
      7 5820
      5 5821
      3 5822
      2 5823
      4 5824
      4 5825
      8 5826
      3 5827
      2 5828
      2 5829
      3 5830
      5 5831
      1 5832
      7 5833
      6 5834
      1 5835
      4 5836
      7 5837
      6 5838
      3 5839
      4 5840
      3 5841
      2 5842
      3 5843
      4 5844
      4 5845
      3 5846
      4 5847
      9 5848
      4 5849
      6 5850
      5 5851
      6 5852
      5 5853
      5 5854
      2 5855
     13 5856
      5 5857
      2 5858
      3 5859
      8 5860
      8 5861
      5 5862
      6 5863
      2 5864
      1 5865
      2 5866
      4 5867
      2 5868
      4 5869
      3 5870
      2 5871
      8 5872
      3 5873
      4 5874
      3 5875
      4 5876
      7 5877
      6 5878
      4 5879
      3 5880
      5 5881
      3 5882
      1 5883
      3 5884
      3 5885
      5 5886
      5 5887
      3 5888
      3 5889
      5 5890
      3 5891
      4 5892
      3 5893
      3 5894
      7 5895
      1 5896
      3 5897
      2 5898
      5 5899
      4 5900
      9 5901
      4 5902
      5 5903
      8 5904
      4 5906
      4 5907
      2 5908
      5 5909
      4 5910
      3 5911
      4 5912
      3 5913
      8 5914
      5 5915
      2 5916
      2 5917
      3 5918
      2 5919
      4 5920
      4 5921
      2 5922
      5 5923
      7 5924
      2 5925
      1 5926
      4 5927
      5 5928
      5 5929
      1 5930
      2 5931
      2 5932
      4 5934
      4 5935
      3 5936
      3 5938
      1 5939
      5 5940
      2 5941
      4 5942
      5 5943
      6 5944
      5 5945
      3 5946
      5 5947
      5 5948
      4 5949
      5 5950
      2 5951
      2 5952
      3 5953
      2 5954
      4 5955
      5 5956
      3 5957
      1 5958
      4 5959
      3 5960
      7 5961
      6 5962
      4 5963
      9 5964
      2 5965
      2 5966
      3 5967
      3 5968
      3 5969
      1 5970
      1 5971
      5 5972
      2 5973
      4 5974
      1 5975
      6 5976
      6 5977
      4 5978
      2 5979
      2 5980
      3 5981
      2 5982
      6 5983
      2 5984
      4 5985
      2 5986
      2 5987
      2 5988
      4 5989
      4 5990
      4 5991
      8 5992
      5 5993
      4 5994
      5 5995
      2 5996
      5 5997
      6 5998
      1 5999
      2 6000
      2 6001
      3 6002
      6 6003
      2 6004
      2 6005
      1 6006
      2 6007
      3 6008
      6 6009
      1 6010
      1 6011
      5 6012
      5 6013
      2 6014
      3 6015
      4 6016
      3 6017
      4 6018
      1 6019
      4 6020
      6 6021
      6 6022
      6 6023
      6 6024
      5 6025
      3 6026
      3 6028
      4 6029
      4 6030
      5 6032
      1 6033
      4 6034
      3 6035
      5 6036
      5 6037
      6 6039
      3 6040
      4 6041
      4 6042
      6 6043
      2 6044
      3 6045
      4 6046
      1 6047
      3 6048
      5 6049
      5 6050
      2 6051
      6 6052
      5 6053
      2 6054
      5 6055
      2 6056
      5 6057
      3 6058
      3 6059
      2 6060
      5 6061
      6 6062
      1 6063
      4 6064
      3 6065
      3 6066
      2 6067
      1 6068
      2 6069
      2 6070
      5 6071
      3 6072
      7 6073
      2 6074
      2 6075
      1 6077
      4 6078
      4 6079
      2 6080
      2 6081
      3 6082
      6 6083
      1 6084
      1 6085
      5 6086
      1 6087
      3 6088
      1 6089
      1 6090
      3 6091
      3 6092
      5 6093
      2 6094
      2 6095
      5 6096
      1 6097
      5 6098
      5 6099
      5 6100
      6 6101
      2 6102
      4 6103
      3 6104
      4 6105
      2 6106
      3 6107
      4 6108
      3 6111
      2 6112
      3 6113
      4 6114
      3 6115
      1 6116
      1 6117
      2 6118
      3 6119
      2 6120
      2 6121
      5 6122
      1 6123
      3 6124
      2 6125
      5 6126
      3 6127
      3 6128
      2 6129
      2 6130
      2 6131
      3 6133
      4 6134
      6 6135
      1 6136
      2 6137
      2 6139
      1 6140
      3 6141
      4 6143
      2 6144
      3 6145
      2 6146
      1 6147
      1 6148
      2 6150
      5 6151
      3 6152
      3 6154
      5 6156
      4 6157
      1 6158
      3 6159
      2 6160
      2 6161
      1 6162
      1 6163
      2 6164
      2 6165
      4 6166
      9 6167
      2 6169
      1 6170
      2 6171
      3 6172
      4 6173
      3 6174
      2 6175
      1 6176
      3 6177
      4 6178
      4 6179
      2 6180
      3 6181
      5 6182
      3 6183
      1 6184
      1 6185
      2 6186
      4 6187
      1 6188
      1 6189
      4 6190
      3 6191
      2 6193
      4 6194
      3 6195
      1 6196
      4 6197
      3 6198
      4 6199
      1 6200
      2 6201
      3 6202
      6 6203
      2 6204
      1 6205
      2 6206
      4 6207
      2 6208
      2 6209
      3 6210
      1 6211
      2 6213
      3 6214
      3 6215
      2 6216
      1 6217
      4 6219
      3 6220
      3 6221
      2 6222
      2 6223
      3 6224
      2 6225
      2 6227
      2 6228
      2 6229
      3 6230
      3 6231
      1 6232
      3 6233
      5 6234
      1 6235
      5 6236
      3 6237
      7 6239
      3 6240
      1 6241
      1 6242
      4 6243
      1 6244
      3 6245
      1 6246
      1 6247
      3 6248
      3 6249
      2 6250
      2 6251
      2 6252
      2 6253
      3 6254
      4 6255
      2 6256
      4 6258
      3 6259
      5 6260
      4 6261
      1 6262
      3 6263
      3 6264
      5 6265
      2 6266
      4 6267
      4 6268
      4 6269
      4 6270
      1 6271
      2 6272
      4 6273
      3 6275
      7 6277
      3 6278
      3 6279
      2 6281
      1 6282
      1 6283
      3 6284
      3 6285
      3 6286
      4 6287
      2 6289
      3 6290
      2 6291
      2 6292
      3 6293
      2 6294
      2 6295
      4 6296
      5 6297
      4 6298
      3 6299
      3 6300
      1 6301
      2 6302
      2 6303
      3 6304
      2 6305
      3 6306
      2 6307
      1 6308
      3 6309
      2 6310
      2 6311
      5 6312
      2 6313
      3 6314
      2 6315
      3 6316
      2 6317
      2 6318
      2 6319
      1 6320
      2 6321
      1 6322
      1 6323
      3 6324
      1 6325
      2 6326
      3 6327
      2 6328
      3 6329
      3 6330
      1 6331
      4 6332
      3 6334
      1 6337
      2 6338
      4 6339
      5 6340
      4 6342
      1 6343
      5 6344
      2 6345
      1 6346
      2 6347
      4 6348
      2 6350
      2 6351
      3 6352
      2 6353
      2 6356
      3 6357
      1 6358
      4 6359
      4 6360
      1 6361
      3 6362
      1 6363
      4 6364
      7 6365
      2 6366
      2 6367
      2 6369
      1 6370
      4 6371
      3 6372
      1 6373
      2 6374
      2 6375
      4 6377
      3 6378
      5 6379
      4 6380
      3 6381
      5 6382
      1 6383
      1 6385
      1 6386
      1 6387
      1 6388
      2 6389
      2 6391
      2 6392
      1 6393
      2 6394
      4 6395
      2 6396
      5 6397
      5 6398
      2 6399
      3 6400
      3 6401
      5 6402
      2 6403
      1 6404
      3 6405
      2 6406
      2 6408
      4 6409
      3 6410
      4 6411
      3 6412
      2 6413
      6 6414
      2 6416
      2 6417
      1 6418
      2 6419
      4 6421
      2 6422
      1 6423
      3 6425
      5 6426
      4 6427
      1 6429
      2 6430
      3 6431
      2 6432
      1 6433
      3 6434
      2 6435
      4 6436
      1 6437
      1 6438
      2 6439
      1 6440
      4 6441
      3 6442
      4 6443
      3 6444
      2 6445
      3 6446
      3 6448
      3 6449
      3 6450
      3 6451
      3 6452
      1 6454
      1 6455
      4 6456
      2 6457
      1 6459
      4 6460
      3 6461
      1 6462
      2 6463
      4 6464
      3 6465
      1 6467
      3 6468
      2 6470
      1 6471
      1 6472
      1 6473
      2 6475
      5 6476
      2 6477
      3 6478
      2 6479
      3 6480
      3 6481
      1 6482
      2 6483
      4 6484
      3 6485
      1 6486
      3 6487
      2 6488
      2 6490
      6 6491
      2 6492
      2 6493
      1 6494
      2 6495
      1 6496
      2 6497
      1 6499
      2 6500
      1 6502
      1 6503
      2 6504
      1 6505
      1 6506
      2 6507
      1 6508
      3 6509
      1 6510
      5 6511
      3 6512
      2 6513
      2 6514
      2 6515
      4 6516
      1 6517
      2 6518
      3 6519
      2 6521
      1 6522
      1 6523
      2 6524
      2 6525
      3 6526
      1 6527
      2 6528
      2 6529
      3 6530
      2 6531
      2 6532
      3 6533
      2 6534
      1 6535
      1 6536
      3 6537
      3 6538
      1 6539
      2 6541
      2 6542
      2 6543
      1 6544
      4 6545
      2 6546
      1 6547
      4 6548
      3 6550
      2 6551
      3 6552
      2 6553
      2 6554
      1 6556
      1 6557
      1 6558
      2 6559
      5 6560
      2 6561
      1 6562
      2 6563
      3 6564
      1 6565
      2 6566
      3 6567
      2 6568
      5 6569
      2 6570
      2 6571
      3 6572
      3 6573
      2 6574
      2 6575
      2 6576
      1 6577
      3 6578
      1 6579
      1 6581
      3 6582
      1 6583
      1 6584
      1 6585
      1 6586
      1 6587
      2 6588
      1 6589
      4 6591
      3 6592
      1 6593
      2 6594
      1 6596
      4 6597
      3 6598
      4 6599
      1 6601
      4 6602
      4 6603
      3 6604
      3 6605
      2 6606
      3 6607
      3 6608
      2 6609
      1 6610
      5 6611
      1 6612
      5 6613
      2 6615
      3 6617
      3 6618
      1 6619
      3 6620
      2 6621
      2 6622
      2 6624
      2 6625
      2 6626
      3 6627
      3 6628
      2 6629
      2 6630
      2 6631
      2 6633
      1 6634
      1 6635
      2 6636
      3 6637
      1 6638
      5 6639
      2 6640
      2 6641
      3 6642
      2 6643
      3 6644
      4 6645
      2 6646
      1 6647
      1 6648
      2 6649
      5 6650
      2 6652
      4 6653
      1 6654
      2 6655
      3 6656
      3 6657
      1 6658
      1 6659
      1 6660
      1 6661
      1 6663
      2 6664
      1 6665
      3 6666
      1 6668
      2 6669
      4 6670
      4 6671
      3 6672
      3 6673
      2 6674
      3 6675
      2 6676
      4 6677
      1 6678
      6 6680
      1 6681
      1 6682
      4 6683
      2 6684
      1 6685
      2 6687
      1 6688
      2 6689
      2 6690
      2 6691
      3 6692
      3 6693
      2 6694
      2 6695
      1 6696
      3 6697
      1 6698
      1 6699
      1 6700
      1 6701
      2 6702
      3 6704
      2 6705
      2 6706
      3 6707
      1 6708
      2 6709
      3 6710
      2 6711
      1 6712
      2 6713
      2 6714
      4 6715
      3 6716
      1 6717
      2 6718
      2 6719
      1 6721
      1 6722
      5 6723
      2 6724
      1 6725
      1 6726
      2 6727
      1 6728
      4 6729
      2 6730
      3 6731
      2 6732
      4 6733
      3 6735
      2 6736
      3 6737
      2 6738
      4 6739
      3 6740
      4 6741
      4 6742
      3 6743
      2 6744
      2 6745
      2 6746
      2 6748
      3 6749
      1 6750
      3 6751
      1 6752
      4 6753
      2 6754
      2 6755
      5 6756
      3 6757
      5 6758
      3 6759
      1 6760
      1 6762
      2 6763
      3 6764
      3 6765
      3 6766
      1 6767
      2 6768
      1 6769
      1 6770
      1 6772
      2 6773
      5 6775
      1 6778
      4 6779
      4 6780
      4 6781
      1 6782
      3 6783
      1 6784
      1 6785
      1 6786
      2 6787
      2 6788
      7 6789
      2 6791
      2 6792
      3 6793
      4 6794
      4 6795
      2 6796
      5 6797
      4 6798
      3 6799
      4 6800
      3 6801
      6 6802
      4 6803
      3 6804
      4 6805
      2 6806
      1 6808
      1 6809
      1 6810
      1 6811
      2 6812
      7 6813
      2 6814
      4 6815
      2 6816
      1 6817
      4 6818
      2 6819
      4 6820
      3 6821
      4 6822
      2 6823
      3 6824
      6 6825
      1 6826
      2 6827
      7 6828
      3 6829
      1 6830
      1 6831
      1 6833
      4 6834
      5 6835
      1 6836
      3 6837
      3 6838
      3 6839
      2 6840
      5 6841
      4 6842
      3 6843
      4 6844
      3 6845
      4 6846
      2 6847
      3 6848
      2 6849
      1 6851
      3 6852
      1 6853
      4 6854
      2 6855
      1 6856
      6 6857
      1 6858
      1 6859
      1 6860
      1 6861
      2 6862
      4 6863
      1 6864
      2 6865
      4 6866
      1 6867
      1 6868
      3 6869
      4 6870
      4 6871
      1 6872
      2 6873
      2 6874
      2 6875
      6 6876
      2 6877
      6 6878
      2 6879
      3 6880
      2 6881
      2 6882
      2 6883
      2 6884
      1 6885
      1 6886
      2 6887
      2 6888
      3 6889
      4 6892
      3 6894
      4 6895
      2 6896
      3 6897
      2 6898
      4 6899
      2 6900
      1 6901
      3 6902
      3 6903
      2 6904
      1 6905
      1 6906
      2 6907
      3 6909
      1 6910
      1 6911
      4 6912
      3 6913
      3 6914
      4 6915
      5 6916
      2 6917
      2 6918
      3 6919
      1 6920
      3 6921
      4 6922
      5 6923
      1 6924
      1 6925
      2 6927
      4 6929
      3 6930
      4 6931
      5 6932
      9 6933
      3 6934
      2 6935
      2 6936
      1 6937
      1 6938
      3 6939
      2 6941
      1 6942
      1 6944
      2 6946
      3 6947
      2 6948
      1 6949
      2 6950
      1 6951
      1 6952
      2 6953
      2 6954
      3 6955
      2 6956
      1 6958
      3 6959
      3 6960
      1 6961
      1 6962
      1 6963
      2 6966
      4 6967
      1 6969
      4 6971
      2 6972
      3 6973
      1 6975
      2 6976
      1 6977
      1 6978
      3 6979
      6 6980
      1 6982
      1 6984
      2 6985
      2 6987
      2 6988
      1 6989
      1 6991
      2 6993
      1 6994
      4 6995
      5 6997
      3 6998
      2 6999
      2 7000
      4 7001
      2 7002
      1 7003
      2 7004
      1 7005
      4 7006
      2 7007
      2 7009
      5 7010
      4 7011
      2 7012
      1 7013
      2 7014
      2 7015
      1 7016
      3 7017
      5 7018
      3 7020
      2 7022
      2 7023
      6 7024
      4 7025
      3 7026
      3 7027
      1 7028
      1 7029
      5 7030
      2 7031
      1 7032
      1 7033
      6 7034
      2 7036
      1 7037
      1 7038
      1 7039
      1 7040
      2 7041
      2 7042
      5 7043
      2 7044
      4 7045
      2 7046
      2 7047
      4 7048
      2 7049
      2 7050
      4 7051
      1 7052
      1 7053
      3 7055
      2 7056
      6 7057
      4 7058
      4 7059
      1 7060
      2 7062
      2 7063
      2 7064
      2 7066
      1 7067
      4 7068
      2 7069
      2 7070
      1 7071
      2 7072
      1 7073
      3 7074
      1 7075
      2 7076
      2 7077
      5 7078
      3 7080
      2 7081
      2 7082
      1 7083
      1 7084
      3 7085
      2 7087
      4 7088
      3 7089
      4 7090
      2 7091
      3 7092
      2 7093
      1 7094
      1 7095
      2 7096
      3 7097
      2 7098
      1 7099
      1 7100
      3 7101
      1 7102
      2 7104
      6 7105
      1 7106
      1 7107
      2 7108
      1 7109
      3 7110
      2 7111
      4 7112
      2 7113
      1 7115
      2 7116
      1 7118
      2 7119
      4 7120
      2 7121
      2 7122
      6 7123
      1 7124
      4 7125
      7 7126
      3 7127
      1 7128
      4 7129
      2 7130
      6 7131
      6 7132
      3 7133
      2 7134
      3 7135
      1 7136
      1 7137
      7 7138
      2 7139
      1 7140
      2 7141
      2 7142
      4 7143
      2 7144
      2 7145
      2 7146
      1 7147
      3 7148
      3 7149
      3 7150
      2 7151
      3 7152
      6 7153
      1 7154
      4 7155
      2 7156
      4 7157
      4 7158
      5 7159
      5 7160
      2 7161
      4 7162
      5 7163
      2 7164
      5 7165
      4 7166
      4 7167
      2 7168
      2 7169
      5 7170
      1 7171
      4 7172
      5 7173
      5 7174
      1 7175
      5 7176
      2 7177
      1 7178
      2 7179
      7 7180
      6 7181
      1 7182
      5 7183
      3 7184
      1 7186
      5 7188
      7 7189
      3 7190
     10 7191
      3 7192
      2 7194
      1 7195
      1 7196
      6 7197
      2 7199
      2 7200
      2 7201
      3 7202
      2 7203
      3 7204
      1 7205
      5 7207
      1 7208
      4 7209
      4 7210
      3 7211
      5 7212
      1 7213
      4 7214
      5 7215
      2 7216
      5 7217
      7 7218
      3 7219
      2 7220
      5 7221
      2 7222
      4 7224
      4 7225
      1 7226
      6 7227
      5 7228
      2 7229
      3 7230
      5 7231
      4 7233
      2 7234
      2 7235
      4 7236
      1 7237
      5 7238
      5 7239
      2 7240
      2 7241
      3 7242
      4 7243
      2 7244
      1 7245
      4 7246
      3 7247
      6 7248
      3 7249
      1 7250
      1 7251
      4 7253
      5 7254
      3 7255
      4 7256
      2 7257
      4 7258
      2 7259
      2 7260
      3 7262
      1 7263
      4 7264
      3 7265
      3 7266
      1 7268
      2 7269
      3 7270
      1 7271
      3 7273
      1 7274
      2 7276
      1 7277
      4 7278
      4 7279
      1 7280
      2 7281
      1 7282
      3 7283
      6 7284
      1 7285
      2 7286
      5 7287
      3 7288
      2 7289
      3 7290
      6 7291
      4 7292
      1 7293
      2 7294
      3 7295
      1 7296
      3 7297
      6 7298
      1 7299
      6 7300
      2 7301
      3 7302
      2 7303
      4 7304
      5 7305
      2 7307
      2 7308
      3 7309
      5 7310
      3 7311
      2 7312
      4 7314
      5 7315
      5 7316
      1 7317
      2 7318
      3 7319
      1 7320
      7 7321
      6 7322
      2 7323
      1 7324
      4 7325
      3 7326
      4 7327
      5 7329
      7 7330
      5 7331
      2 7332
      1 7333
      3 7334
      2 7335
      3 7336
      4 7337
      3 7339
      2 7340
      1 7341
      5 7342
      2 7343
      4 7344
      2 7346
      1 7347
      1 7348
      1 7349
      6 7350
      2 7351
      1 7352
      4 7353
      1 7354
      1 7355
      1 7358
      1 7359
      2 7360
      2 7361
      1 7363
      2 7364
      1 7365
      3 7366
      5 7367
      2 7370
      1 7371
      1 7372
      1 7373
      2 7375
      4 7376
      3 7377
      2 7378
      3 7379
      3 7380
      2 7381
      5 7382
      3 7383
      1 7384
      3 7385
      1 7386
      2 7388
      5 7389
      4 7390
      2 7391
      2 7392
      3 7393
      2 7395
      2 7396
      5 7397
      1 7398
      2 7399
      3 7400
      3 7401
      1 7403
      2 7404
      4 7405
      2 7406
      2 7407
      2 7411
      2 7412
      1 7414
      2 7415
      1 7417
      2 7418
      3 7419
      1 7420
      3 7421
      2 7424
      1 7426
      2 7427
      4 7428
      3 7430
      1 7431
      1 7432
      1 7433
      4 7434
      3 7435
      1 7436
      1 7438
      2 7440
      4 7441
      1 7442
      1 7443
      1 7444
      2 7445
      4 7446
      2 7447
      4 7448
      5 7449
      2 7452
      3 7453
      2 7454
      3 7455
      2 7456
      1 7458
      1 7462
      3 7463
      3 7464
      3 7465
      4 7466
      1 7467
      2 7468
      1 7469
      1 7470
      1 7471
      1 7472
      5 7473
      1 7475
      1 7477
      2 7478
      2 7479
      3 7480
      1 7481
      1 7482
      1 7484
      1 7485
      1 7486
      1 7487
      1 7488
      2 7489
      1 7491
      4 7492
      1 7493
      1 7494
      1 7495
      1 7496
      1 7497
      2 7498
      4 7499
      3 7501
      3 7502
      1 7503
      3 7504
      2 7505
      2 7507
      2 7508
      1 7509
      4 7510
      2 7511
      3 7512
      3 7513
      3 7515
      1 7516
      3 7517
      1 7518
      3 7519
      2 7520
      3 7521
      1 7522
      1 7523
      1 7524
      2 7525
      2 7526
      3 7527
      3 7528
      2 7530
      2 7531
      3 7532
      2 7533
      2 7534
      1 7535
      1 7536
      1 7538
      5 7539
      1 7540
      3 7541
      1 7542
      1 7543
      2 7544
      1 7549
      2 7550
      1 7551
      4 7552
      3 7554
      4 7555
      1 7556
      2 7557
      1 7558
      2 7559
      1 7560
      3 7562
      3 7564
      3 7565
      3 7566
      1 7569
      1 7571
      1 7573
      3 7574
      1 7576
      6 7577
      2 7578
      2 7579
      2 7580
      2 7581
      2 7582
      1 7583
      1 7584
      1 7585
      1 7586
      1 7587
      1 7588
      3 7589
      6 7590
      1 7591
      1 7592
      2 7593
      1 7594
      2 7595
      1 7596
      2 7597
      2 7598
      1 7599
      3 7600
      2 7602
      1 7603
      3 7604
      2 7605
      2 7606
      3 7607
      1 7608
      2 7609
      2 7610
      1 7611
      1 7613
      1 7614
      1 7615
      4 7616
      2 7617
      3 7618
      2 7619
      1 7620
      2 7621
      1 7622
      3 7624
      1 7625
      3 7626
      1 7627
      2 7629
      2 7630
      2 7631
      1 7632
      2 7634
      2 7635
      4 7636
      3 7637
      3 7638
      2 7639
      1 7640
      1 7641
      1 7643
      3 7645
      1 7646
      4 7647
      1 7648
      2 7649
      4 7650
      1 7651
      1 7652
      3 7653
      1 7654
      1 7655
      2 7656
      3 7657
      2 7658
      1 7660
      1 7661
      3 7662
      3 7663
      4 7664
      3 7665
      1 7666
      1 7667
      1 7668
      3 7669
      2 7673
      4 7675
      1 7676
      4 7680
      2 7681
      2 7682
      1 7683
      1 7686
      2 7687
      2 7691
      1 7692
      2 7693
      3 7694
      6 7695
      1 7696
      1 7697
      3 7698
      3 7699
      1 7700
      2 7701
      1 7702
      2 7704
      4 7705
      2 7707
      2 7709
      2 7710
      4 7711
      2 7713
      4 7714
      1 7717
      2 7718
      4 7719
      1 7722
      3 7723
      3 7724
      3 7725
      4 7726
      1 7727
      2 7728
      1 7729
      1 7730
      2 7731
      1 7732
      2 7734
      5 7735
      2 7736
      1 7737
      1 7738
      4 7739
      3 7740
      2 7741
      3 7742
      4 7743
      4 7744
      2 7745
      3 7746
      1 7747
      2 7748
      3 7749
      2 7751
      3 7752
      5 7754
      1 7756
      1 7757
      2 7758
      2 7759
      4 7760
      2 7761
      4 7762
      2 7763
      1 7764
      2 7765
      1 7766
      1 7767
      1 7768
      3 7769
      1 7770
      3 7771
      3 7772
      2 7773
      1 7774
      2 7775
      2 7776
      4 7777
      1 7778
      2 7779
      2 7781
      2 7782
      2 7783
      2 7784
      2 7786
      3 7787
      1 7788
      1 7789
      2 7791
      2 7792
      2 7794
      2 7795
      2 7796
      3 7798
      2 7799
      4 7801
      1 7802
      1 7803
      3 7804
      3 7805
      2 7806
      2 7807
      4 7808
      4 7809
      2 7810
      4 7811
      6 7812
      1 7813
      2 7814
      2 7815
      2 7816
      2 7817
      2 7818
      2 7820
      2 7821
      2 7822
      4 7823
      2 7824
      2 7826
      1 7827
      1 7828
      3 7829
      2 7830
      3 7831
      3 7832
      3 7833
      6 7834
      2 7835
      3 7836
      6 7837
      2 7838
      4 7839
      4 7840
      4 7841
      3 7842
      4 7843
      1 7844
      3 7845
      1 7846
      2 7847
      2 7849
      7 7850
      8 7851
      4 7852
      6 7853
      5 7854
      3 7855
      2 7856
      4 7857
      6 7858
      1 7859
      3 7860
      2 7861
      6 7862
      3 7863
      2 7864
      4 7865
      4 7866
      9 7867
      3 7868
      5 7869
      4 7870
      5 7871
      5 7872
      2 7873
      4 7874
      2 7875
      5 7876
      4 7877
      4 7878
      3 7879
      3 7880
      6 7881
      5 7882
      4 7883
      9 7884
      5 7886
      6 7887
      4 7888
      6 7889
      2 7890
      7 7891
      4 7892
      3 7893
      4 7894
      4 7895
      9 7896
      1 7897
      6 7898
      6 7899
      7 7900
      6 7901
      6 7902
      6 7903
      7 7904
      4 7905
      7 7906
      6 7907
      8 7908
      8 7909
      4 7910
      4 7911
      4 7912
      8 7913
     10 7914
      4 7915
      2 7916
      3 7917
      8 7918
      4 7919
      1 7920
      4 7921
      4 7922
      7 7923
      6 7924
      3 7925
      3 7926
      4 7927
      9 7928
      4 7929
      4 7930
      5 7931
      8 7932
      8 7933
      5 7934
      7 7935
      4 7936
      4 7937
      5 7938
      4 7939
      5 7940
      8 7941
      5 7942
      4 7943
      6 7944
      3 7945
      8 7946
      3 7947
      6 7948
      4 7949
      3 7950
      7 7951
     10 7952
      5 7953
      5 7954
      6 7955
      4 7956
      9 7957
      5 7958
      7 7959
      4 7960
     11 7961
     13 7962
      8 7963
     12 7964
     17 7965
      7 7966
      8 7967
      6 7968
     13 7969
      9 7970
     14 7971
     12 7972
     16 7973
     11 7974
     14 7975
     13 7976
      6 7977
     11 7978
     22 7979
     13 7980
     10 7981
     14 7982
     23 7983
     20 7984
     17 7985
     21 7986
     11 7987
     12 7988
     15 7989
     11 7990
      9 7991
      9 7992
     16 7993
     14 7994
     20 7995
      1 7996
      8 7997
     10 7998
     12 7999
      8 8000
      6 8001
