 179354 0
137566509 1
239241271 2
329874236 3
386011057 4
396809070 5
365593949 6
305889532 7
234762487 8
166705177 9
110333292 10
68561496 11
40347141 12
22678865 13
12340052 14
6616143 15
3589875 16
2034001 17
1244481 18
 831475 19
 611835 20
 480860 21
 395902 22
 337912 23
 292773 24
 253901 25
 224813 26
 202001 27
 181159 28
 165454 29
 151087 30
 139643 31
 128903 32
 119400 33
 110325 34
 103245 35
  96570 36
  90530 37
  84490 38
  79057 39
  75442 40
  71118 41
  66928 42
  63499 43
  59598 44
  56030 45
  52493 46
  49526 47
  47157 48
  44648 49
  41769 50
  40368 51
  38379 52
  36577 53
  34401 54
  32626 55
  31178 56
  29757 57
  28831 58
  27349 59
  26549 60
  26034 61
  25089 62
  24577 63
  24278 64
  23667 65
  23009 66
  21864 67
  21405 68
  21009 69
  20820 70
  20240 71
  19661 72
  19043 73
  18903 74
  18273 75
  18238 76
  17714 77
  16934 78
  16469 79
  16375 80
  16064 81
  15890 82
  15628 83
  15146 84
  14835 85
  14492 86
  14134 87
  13842 88
  13958 89
  13721 90
  13652 91
  12955 92
  12966 93
  12901 94
  12605 95
  12577 96
  12298 97
  11960 98
  11684 99
  11738 100
  11450 101
  11172 102
  10905 103
  10975 104
  10631 105
  10985 106
  10643 107
  10495 108
  10138 109
  10366 110
  10232 111
   9957 112
   9978 113
   9853 114
   9521 115
   9290 116
   9087 117
   9046 118
   8998 119
   8832 120
   8747 121
   8549 122
   8370 123
   8506 124
   8422 125
   8170 126
   8323 127
   8286 128
   7964 129
   7807 130
   7743 131
   7656 132
   7653 133
   7537 134
   7498 135
   7284 136
   7441 137
   7175 138
   7114 139
   7069 140
   7109 141
   6948 142
   6902 143
   6820 144
   6681 145
   6614 146
   6670 147
   6494 148
   6392 149
   6423 150
   6263 151
   6195 152
   6158 153
   6217 154
   6002 155
   5996 156
   5872 157
   5775 158
   5975 159
   5842 160
   5734 161
   5772 162
   5629 163
   5530 164
   5643 165
   5469 166
   5483 167
   5316 168
   5331 169
   5305 170
   5331 171
   5273 172
   5257 173
   5206 174
   5132 175
   5288 176
   5072 177
   4895 178
   4997 179
   5053 180
   4857 181
   4658 182
   4663 183
   4448 184
   4682 185
   4620 186
   4578 187
   4678 188
   4618 189
   4609 190
   4620 191
   4530 192
   4388 193
   4389 194
   4440 195
   4226 196
   4285 197
   4199 198
   4303 199
   4161 200
   4104 201
   4200 202
   4078 203
   4104 204
   4046 205
   3976 206
   4028 207
   4041 208
   3967 209
   4059 210
   3887 211
   3849 212
   3947 213
   3736 214
   3747 215
   3668 216
   3702 217
   3688 218
   3585 219
   3637 220
   3619 221
   3594 222
   3572 223
   3561 224
   3596 225
   3592 226
   3583 227
   3521 228
   3438 229
   3425 230
   3309 231
   3442 232
   3362 233
   3336 234
   3339 235
   3275 236
   3323 237
   3346 238
   3253 239
   3216 240
   3213 241
   3116 242
   3050 243
   3030 244
   3018 245
   3099 246
   3074 247
   2959 248
   3008 249
   2879 250
   2800 251
   2793 252
   2888 253
   2744 254
   2711 255
   2745 256
   2696 257
   2671 258
   2706 259
   2659 260
   2748 261
   2686 262
   2640 263
   2670 264
   2574 265
   2679 266
   2672 267
   2576 268
   2520 269
   2738 270
   2507 271
   2564 272
   2650 273
   2553 274
   2613 275
   2577 276
   2471 277
   2509 278
   2509 279
   2548 280
   2538 281
   2494 282
   2533 283
   2397 284
   2459 285
   2429 286
   2399 287
   2518 288
   2499 289
   2485 290
   2446 291
   2462 292
   2501 293
   2385 294
   2376 295
   2325 296
   2307 297
   2376 298
   2238 299
   2348 300
   2292 301
   2241 302
   2322 303
   2149 304
   2246 305
   2275 306
   2270 307
   2171 308
   2164 309
   2174 310
   2210 311
   2195 312
   2261 313
   2184 314
   2160 315
   2089 316
   2099 317
   2132 318
   2067 319
   2123 320
   1986 321
   2055 322
   2008 323
   1991 324
   1973 325
   1956 326
   1904 327
   1888 328
   1935 329
   1939 330
   1937 331
   1908 332
   1925 333
   1955 334
   2001 335
   1968 336
   1938 337
   1899 338
   1969 339
   1906 340
   1899 341
   1872 342
   1903 343
   1816 344
   1886 345
   1781 346
   1955 347
   1810 348
   1807 349
   1782 350
   1785 351
   1747 352
   1713 353
   1694 354
   1786 355
   1730 356
   1749 357
   1721 358
   1630 359
   1717 360
   1723 361
   1691 362
   1674 363
   1712 364
   1613 365
   1699 366
   1743 367
   1643 368
   1622 369
   1613 370
   1577 371
   1578 372
   1592 373
   1615 374
   1621 375
   1530 376
   1591 377
   1650 378
   1603 379
   1614 380
   1537 381
   1556 382
   1560 383
   1570 384
   1563 385
   1526 386
   1516 387
   1582 388
   1509 389
   1546 390
   1490 391
   1448 392
   1398 393
   1468 394
   1468 395
   1491 396
   1508 397
   1457 398
   1448 399
   1562 400
   1458 401
   1420 402
   1465 403
   1385 404
   1462 405
   1474 406
   1493 407
   1425 408
   1447 409
   1445 410
   1371 411
   1406 412
   1438 413
   1368 414
   1412 415
   1406 416
   1383 417
   1403 418
   1351 419
   1334 420
   1408 421
   1356 422
   1340 423
   1371 424
   1333 425
   1391 426
   1386 427
   1303 428
   1372 429
   1348 430
   1348 431
   1297 432
   1362 433
   1235 434
   1432 435
   1353 436
   1345 437
   1284 438
   1257 439
   1315 440
   1269 441
   1276 442
   1192 443
   1243 444
   1206 445
   1231 446
   1192 447
   1208 448
   1198 449
   1208 450
   1200 451
   1201 452
   1191 453
   1233 454
   1188 455
   1143 456
   1229 457
   1153 458
   1143 459
   1180 460
   1211 461
   1208 462
   1168 463
   1230 464
   1204 465
   1234 466
   1146 467
   1142 468
   1166 469
   1086 470
   1172 471
   1127 472
   1165 473
   1112 474
   1111 475
   1108 476
   1053 477
   1161 478
   1082 479
   1066 480
   1088 481
   1108 482
   1062 483
   1061 484
   1087 485
   1030 486
   1003 487
   1036 488
    965 489
   1035 490
    995 491
    945 492
   1012 493
    971 494
    973 495
   1041 496
   1016 497
    981 498
    982 499
   1016 500
    930 501
    978 502
    968 503
    963 504
    965 505
    993 506
    881 507
    906 508
    935 509
    945 510
    978 511
    936 512
    935 513
    906 514
    939 515
    913 516
    903 517
    947 518
    928 519
    931 520
    916 521
    925 522
    941 523
    901 524
    873 525
    870 526
    848 527
    900 528
    914 529
    905 530
    898 531
    868 532
    880 533
    933 534
    920 535
    890 536
    858 537
    942 538
    836 539
    917 540
    910 541
    877 542
    880 543
    903 544
    860 545
    884 546
    882 547
    910 548
    879 549
    874 550
    805 551
    832 552
    871 553
    847 554
    834 555
    887 556
    891 557
    874 558
    853 559
    822 560
    834 561
    883 562
    790 563
    846 564
    874 565
    787 566
    826 567
    849 568
    772 569
    801 570
    841 571
    785 572
    787 573
    839 574
    799 575
    773 576
    777 577
    776 578
    768 579
    771 580
    768 581
    735 582
    711 583
    745 584
    773 585
    774 586
    786 587
    742 588
    761 589
    722 590
    785 591
    785 592
    803 593
    778 594
    720 595
    770 596
    752 597
    773 598
    714 599
    765 600
    702 601
    651 602
    694 603
    705 604
    752 605
    683 606
    728 607
    717 608
    730 609
    732 610
    702 611
    703 612
    724 613
    660 614
    679 615
    704 616
    662 617
    659 618
    698 619
    683 620
    636 621
    714 622
    656 623
    634 624
    677 625
    618 626
    623 627
    645 628
    672 629
    668 630
    685 631
    644 632
    645 633
    636 634
    646 635
    701 636
    605 637
    652 638
    622 639
    595 640
    602 641
    602 642
    612 643
    557 644
    562 645
    580 646
    560 647
    585 648
    562 649
    586 650
    552 651
    558 652
    561 653
    550 654
    559 655
    557 656
    525 657
    540 658
    569 659
    515 660
    515 661
    521 662
    536 663
    566 664
    510 665
    545 666
    546 667
    554 668
    576 669
    556 670
    519 671
    523 672
    503 673
    553 674
    522 675
    528 676
    501 677
    544 678
    511 679
    494 680
    536 681
    540 682
    506 683
    539 684
    511 685
    516 686
    481 687
    494 688
    504 689
    450 690
    473 691
    491 692
    523 693
    515 694
    514 695
    477 696
    491 697
    460 698
    472 699
    476 700
    480 701
    497 702
    506 703
    533 704
    489 705
    466 706
    459 707
    480 708
    479 709
    471 710
    451 711
    458 712
    474 713
    471 714
    437 715
    451 716
    442 717
    439 718
    465 719
    492 720
    449 721
    475 722
    456 723
    438 724
    433 725
    440 726
    445 727
    433 728
    440 729
    457 730
    421 731
    427 732
    428 733
    427 734
    414 735
    408 736
    434 737
    443 738
    418 739
    454 740
    403 741
    441 742
    380 743
    409 744
    385 745
    395 746
    405 747
    397 748
    413 749
    390 750
    393 751
    405 752
    364 753
    427 754
    377 755
    405 756
    456 757
    404 758
    369 759
    354 760
    353 761
    348 762
    375 763
    377 764
    388 765
    361 766
    359 767
    381 768
    331 769
    347 770
    346 771
    331 772
    317 773
    348 774
    344 775
    325 776
    354 777
    349 778
    327 779
    350 780
    337 781
    311 782
    373 783
    379 784
    354 785
    353 786
    400 787
    380 788
    337 789
    331 790
    349 791
    333 792
    360 793
    343 794
    332 795
    367 796
    316 797
    359 798
    355 799
    358 800
    335 801
    326 802
    329 803
    336 804
    334 805
    308 806
    313 807
    361 808
    348 809
    338 810
    285 811
    357 812
    322 813
    338 814
    308 815
    313 816
    297 817
    341 818
    303 819
    291 820
    304 821
    324 822
    318 823
    327 824
    311 825
    318 826
    300 827
    246 828
    289 829
    316 830
    290 831
    265 832
    260 833
    248 834
    278 835
    272 836
    260 837
    271 838
    308 839
    270 840
    273 841
    287 842
    298 843
    246 844
    262 845
    263 846
    288 847
    280 848
    295 849
    285 850
    265 851
    295 852
    311 853
    275 854
    272 855
    272 856
    281 857
    264 858
    272 859
    275 860
    264 861
    267 862
    277 863
    305 864
    265 865
    281 866
    264 867
    260 868
    252 869
    284 870
    255 871
    256 872
    248 873
    243 874
    249 875
    251 876
    228 877
    234 878
    258 879
    214 880
    257 881
    233 882
    275 883
    226 884
    234 885
    248 886
    233 887
    253 888
    219 889
    213 890
    243 891
    215 892
    220 893
    221 894
    268 895
    227 896
    240 897
    228 898
    195 899
    260 900
    227 901
    213 902
    246 903
    225 904
    263 905
    208 906
    218 907
    251 908
    242 909
    246 910
    218 911
    232 912
    232 913
    239 914
    199 915
    225 916
    247 917
    222 918
    226 919
    239 920
    207 921
    203 922
    237 923
    237 924
    223 925
    215 926
    227 927
    236 928
    199 929
    224 930
    246 931
    216 932
    195 933
    232 934
    204 935
    204 936
    218 937
    222 938
    221 939
    240 940
    200 941
    226 942
    235 943
    214 944
    185 945
    242 946
    243 947
    209 948
    202 949
    213 950
    189 951
    181 952
    207 953
    198 954
    174 955
    190 956
    224 957
    197 958
    190 959
    199 960
    201 961
    175 962
    177 963
    160 964
    195 965
    242 966
    194 967
    202 968
    216 969
    194 970
    203 971
    172 972
    185 973
    188 974
    170 975
    199 976
    195 977
    186 978
    182 979
    224 980
    187 981
    191 982
    169 983
    201 984
    200 985
    190 986
    176 987
    193 988
    188 989
    215 990
    184 991
    186 992
    188 993
    173 994
    174 995
    163 996
    181 997
    173 998
    193 999
    201 1000
    173 1001
    177 1002
    183 1003
    186 1004
    196 1005
    155 1006
    189 1007
    156 1008
    179 1009
    175 1010
    192 1011
    193 1012
    166 1013
    172 1014
    199 1015
    183 1016
    191 1017
    167 1018
    197 1019
    179 1020
    164 1021
    177 1022
    202 1023
    172 1024
    199 1025
    181 1026
    186 1027
    189 1028
    179 1029
    159 1030
    191 1031
    177 1032
    182 1033
    167 1034
    190 1035
    169 1036
    178 1037
    181 1038
    172 1039
    180 1040
    180 1041
    186 1042
    198 1043
    199 1044
    198 1045
    163 1046
    182 1047
    173 1048
    153 1049
    176 1050
    173 1051
    167 1052
    192 1053
    193 1054
    221 1055
    173 1056
    174 1057
    170 1058
    150 1059
    160 1060
    183 1061
    160 1062
    178 1063
    166 1064
    162 1065
    186 1066
    183 1067
    151 1068
    183 1069
    186 1070
    163 1071
    157 1072
    187 1073
    170 1074
    158 1075
    169 1076
    148 1077
    178 1078
    176 1079
    165 1080
    180 1081
    165 1082
    166 1083
    152 1084
    170 1085
    165 1086
    170 1087
    140 1088
    159 1089
    162 1090
    165 1091
    135 1092
    161 1093
    154 1094
    155 1095
    164 1096
    173 1097
    181 1098
    157 1099
    185 1100
    182 1101
    169 1102
    181 1103
    163 1104
    148 1105
    155 1106
    149 1107
    158 1108
    187 1109
    151 1110
    150 1111
    161 1112
    158 1113
    167 1114
    149 1115
    162 1116
    147 1117
    174 1118
    174 1119
    138 1120
    152 1121
    163 1122
    145 1123
    184 1124
    138 1125
    140 1126
    154 1127
    167 1128
    153 1129
    152 1130
    137 1131
    143 1132
    160 1133
    148 1134
    157 1135
    140 1136
    137 1137
    149 1138
    157 1139
    157 1140
    149 1141
    142 1142
    164 1143
    150 1144
    150 1145
    178 1146
    124 1147
    149 1148
    162 1149
    145 1150
    162 1151
    152 1152
    145 1153
    162 1154
    165 1155
    139 1156
    129 1157
    146 1158
    154 1159
    145 1160
    127 1161
    154 1162
    144 1163
    144 1164
    154 1165
    156 1166
    158 1167
    147 1168
    157 1169
    135 1170
    157 1171
    145 1172
    151 1173
    145 1174
    131 1175
    129 1176
    143 1177
    144 1178
    125 1179
    134 1180
    141 1181
    128 1182
    164 1183
    153 1184
    141 1185
    152 1186
    124 1187
    121 1188
    130 1189
    138 1190
    116 1191
    138 1192
    155 1193
    133 1194
    142 1195
    163 1196
    150 1197
    143 1198
    137 1199
    148 1200
    128 1201
    138 1202
    150 1203
    125 1204
    115 1205
    132 1206
    138 1207
    125 1208
    155 1209
    108 1210
    125 1211
    130 1212
    139 1213
    124 1214
    149 1215
    115 1216
    118 1217
    118 1218
    113 1219
    139 1220
    128 1221
    121 1222
    139 1223
    148 1224
    140 1225
    121 1226
    125 1227
    116 1228
    155 1229
    104 1230
    127 1231
    125 1232
    133 1233
    141 1234
    137 1235
    125 1236
    150 1237
    126 1238
    154 1239
    111 1240
    135 1241
    136 1242
    113 1243
    130 1244
    123 1245
    147 1246
    155 1247
    108 1248
    121 1249
    124 1250
    145 1251
    119 1252
    141 1253
    122 1254
    142 1255
    112 1256
    128 1257
    125 1258
    122 1259
    134 1260
    114 1261
    139 1262
    136 1263
    130 1264
    136 1265
    142 1266
    114 1267
    128 1268
    108 1269
    132 1270
    122 1271
    127 1272
    126 1273
    126 1274
    134 1275
    116 1276
    125 1277
    113 1278
    137 1279
    121 1280
    121 1281
    105 1282
    123 1283
    108 1284
    104 1285
    109 1286
    119 1287
    112 1288
    122 1289
    119 1290
    110 1291
    119 1292
    121 1293
    132 1294
    109 1295
    113 1296
    118 1297
    111 1298
    117 1299
     99 1300
    114 1301
    109 1302
    113 1303
    104 1304
    131 1305
    109 1306
    111 1307
    119 1308
    110 1309
    128 1310
    122 1311
    137 1312
    121 1313
    109 1314
    119 1315
    147 1316
    131 1317
    116 1318
    125 1319
    108 1320
    118 1321
    102 1322
    105 1323
    135 1324
    124 1325
    121 1326
    127 1327
    124 1328
    115 1329
    129 1330
    130 1331
    129 1332
    115 1333
    105 1334
    118 1335
    126 1336
    112 1337
    115 1338
    123 1339
    109 1340
    130 1341
    109 1342
    103 1343
    120 1344
    129 1345
    123 1346
    126 1347
    122 1348
    119 1349
    111 1350
    133 1351
    141 1352
    108 1353
    122 1354
    120 1355
    125 1356
    135 1357
    121 1358
    109 1359
    111 1360
    152 1361
    120 1362
    150 1363
    111 1364
    108 1365
    128 1366
    133 1367
    127 1368
    121 1369
    136 1370
    139 1371
    133 1372
    126 1373
    114 1374
    135 1375
    113 1376
    113 1377
    138 1378
    119 1379
     99 1380
    135 1381
     85 1382
    115 1383
    108 1384
    117 1385
    106 1386
    115 1387
    122 1388
    106 1389
    111 1390
     94 1391
    117 1392
    109 1393
    119 1394
    100 1395
    107 1396
    106 1397
    116 1398
     96 1399
    103 1400
    101 1401
    109 1402
     86 1403
    105 1404
    101 1405
    128 1406
    115 1407
     99 1408
     93 1409
    111 1410
    100 1411
    104 1412
    119 1413
    101 1414
    114 1415
    106 1416
     94 1417
    112 1418
    124 1419
    102 1420
    121 1421
    121 1422
    109 1423
    112 1424
    102 1425
    107 1426
    104 1427
    111 1428
    102 1429
    107 1430
    113 1431
    117 1432
    114 1433
    132 1434
    126 1435
    127 1436
    108 1437
    106 1438
     94 1439
    121 1440
    110 1441
    100 1442
    123 1443
    106 1444
    130 1445
    113 1446
    106 1447
    115 1448
     95 1449
    114 1450
    118 1451
    114 1452
    103 1453
    125 1454
    137 1455
    138 1456
    123 1457
    133 1458
    121 1459
    109 1460
     98 1461
    103 1462
    110 1463
    126 1464
    127 1465
    114 1466
     86 1467
    106 1468
    131 1469
    112 1470
    117 1471
    110 1472
    101 1473
    110 1474
    110 1475
     93 1476
    104 1477
     98 1478
    108 1479
    111 1480
    112 1481
    100 1482
    115 1483
     99 1484
    100 1485
    119 1486
    112 1487
    106 1488
     99 1489
     94 1490
    107 1491
    102 1492
    104 1493
    115 1494
    105 1495
    117 1496
     93 1497
    101 1498
     98 1499
    106 1500
     91 1501
    106 1502
     90 1503
    100 1504
    105 1505
     88 1506
     97 1507
     96 1508
    102 1509
    101 1510
    101 1511
    113 1512
    109 1513
     83 1514
    107 1515
    105 1516
     84 1517
    103 1518
    105 1519
     81 1520
    101 1521
    104 1522
     94 1523
    104 1524
     94 1525
     80 1526
     99 1527
     91 1528
     87 1529
     96 1530
     86 1531
    101 1532
    107 1533
    102 1534
     82 1535
    110 1536
     87 1537
     94 1538
    107 1539
     86 1540
     92 1541
     83 1542
     91 1543
    103 1544
     99 1545
     66 1546
     86 1547
    113 1548
     84 1549
    102 1550
    107 1551
     99 1552
     82 1553
    111 1554
     94 1555
     92 1556
    102 1557
    101 1558
     89 1559
     91 1560
     88 1561
     97 1562
     89 1563
     91 1564
     88 1565
    103 1566
    102 1567
     89 1568
     84 1569
     75 1570
    102 1571
     89 1572
    105 1573
     80 1574
     95 1575
     84 1576
     92 1577
     81 1578
     86 1579
    108 1580
     80 1581
     92 1582
     85 1583
     96 1584
     95 1585
     84 1586
     97 1587
     77 1588
     85 1589
     85 1590
     88 1591
     83 1592
     95 1593
     90 1594
    102 1595
     91 1596
     97 1597
     94 1598
     88 1599
     95 1600
     95 1601
     97 1602
     81 1603
     79 1604
     78 1605
     96 1606
     78 1607
    104 1608
     93 1609
     83 1610
    104 1611
     88 1612
     87 1613
     96 1614
    100 1615
    117 1616
     89 1617
     97 1618
     89 1619
     73 1620
     93 1621
     87 1622
     66 1623
     94 1624
     90 1625
     91 1626
    106 1627
     89 1628
     84 1629
     80 1630
     88 1631
    106 1632
     88 1633
     83 1634
     71 1635
    100 1636
     97 1637
     88 1638
     84 1639
     79 1640
     86 1641
     87 1642
     80 1643
     78 1644
     83 1645
     73 1646
     81 1647
     89 1648
     83 1649
     78 1650
     90 1651
     83 1652
     99 1653
     93 1654
     78 1655
     67 1656
     96 1657
     78 1658
     78 1659
     89 1660
     83 1661
     76 1662
     93 1663
     91 1664
     85 1665
     62 1666
     82 1667
     99 1668
     89 1669
     68 1670
     86 1671
     87 1672
     83 1673
     90 1674
     98 1675
    106 1676
     87 1677
     89 1678
     73 1679
     80 1680
     93 1681
    104 1682
    109 1683
     87 1684
     84 1685
     91 1686
     75 1687
     94 1688
     91 1689
     79 1690
     73 1691
     87 1692
     83 1693
     86 1694
     92 1695
    105 1696
     88 1697
     76 1698
     75 1699
     73 1700
     88 1701
     92 1702
     77 1703
     78 1704
     91 1705
     87 1706
     77 1707
     74 1708
     75 1709
     90 1710
    108 1711
     95 1712
     82 1713
     84 1714
     89 1715
     76 1716
     85 1717
     86 1718
     90 1719
     93 1720
    100 1721
     94 1722
     69 1723
     71 1724
     92 1725
     87 1726
     83 1727
    101 1728
     84 1729
     96 1730
     93 1731
     83 1732
     80 1733
     77 1734
     91 1735
     99 1736
     81 1737
     81 1738
     92 1739
     80 1740
     90 1741
     80 1742
     69 1743
     90 1744
     80 1745
     88 1746
     85 1747
     84 1748
     91 1749
     93 1750
     78 1751
     80 1752
     86 1753
     78 1754
     95 1755
     81 1756
     86 1757
     93 1758
     68 1759
     82 1760
     96 1761
     87 1762
     83 1763
     87 1764
    110 1765
     88 1766
     84 1767
     84 1768
     88 1769
     85 1770
     86 1771
     82 1772
     73 1773
     69 1774
     96 1775
     92 1776
     89 1777
     86 1778
     98 1779
     85 1780
     79 1781
     85 1782
     80 1783
     69 1784
     69 1785
     76 1786
     64 1787
     92 1788
     90 1789
    103 1790
     90 1791
     86 1792
     75 1793
     74 1794
     77 1795
     75 1796
     77 1797
     70 1798
     77 1799
     74 1800
     92 1801
     73 1802
     73 1803
     76 1804
     69 1805
     60 1806
     65 1807
     68 1808
     78 1809
     82 1810
     96 1811
     88 1812
     84 1813
     79 1814
     80 1815
     84 1816
     78 1817
     82 1818
     65 1819
     83 1820
     78 1821
    101 1822
    103 1823
     86 1824
     73 1825
     82 1826
     70 1827
     73 1828
     69 1829
     82 1830
     80 1831
     87 1832
     89 1833
     84 1834
     83 1835
     83 1836
     90 1837
     70 1838
     81 1839
     85 1840
     76 1841
     93 1842
     64 1843
     82 1844
     79 1845
     77 1846
     95 1847
     78 1848
     68 1849
     99 1850
     72 1851
     79 1852
     85 1853
     92 1854
     82 1855
     76 1856
     92 1857
     74 1858
     90 1859
     83 1860
     81 1861
     78 1862
     75 1863
     85 1864
     80 1865
     79 1866
     86 1867
     75 1868
     68 1869
     97 1870
     78 1871
     87 1872
     71 1873
     61 1874
     89 1875
     74 1876
     65 1877
     81 1878
     90 1879
     99 1880
     74 1881
     79 1882
     78 1883
     78 1884
     90 1885
     62 1886
     90 1887
     72 1888
     76 1889
     76 1890
     71 1891
     71 1892
     76 1893
     72 1894
     70 1895
     70 1896
     88 1897
     81 1898
     87 1899
     85 1900
     67 1901
     69 1902
     92 1903
     77 1904
     61 1905
     75 1906
     91 1907
     74 1908
     91 1909
     74 1910
     82 1911
     74 1912
     76 1913
     77 1914
     74 1915
     84 1916
     76 1917
     78 1918
     76 1919
     83 1920
     94 1921
     74 1922
     80 1923
     71 1924
     73 1925
     82 1926
     81 1927
     80 1928
     64 1929
     81 1930
     73 1931
     65 1932
     74 1933
     72 1934
     80 1935
     81 1936
     91 1937
     82 1938
     76 1939
     67 1940
     78 1941
     70 1942
     70 1943
     78 1944
     67 1945
     95 1946
     55 1947
     90 1948
     85 1949
     71 1950
     73 1951
     68 1952
     71 1953
     80 1954
     63 1955
     80 1956
     84 1957
     83 1958
     78 1959
     88 1960
     61 1961
     74 1962
     74 1963
     74 1964
     76 1965
     63 1966
     77 1967
     65 1968
     68 1969
     81 1970
     74 1971
     83 1972
     61 1973
     70 1974
     93 1975
     87 1976
     67 1977
     55 1978
     79 1979
     71 1980
     70 1981
     66 1982
     69 1983
     88 1984
     65 1985
     84 1986
     71 1987
     70 1988
     56 1989
     60 1990
     58 1991
     68 1992
     89 1993
     57 1994
     86 1995
     79 1996
     75 1997
     63 1998
     68 1999
     76 2000
     73 2001
     66 2002
     74 2003
     70 2004
     75 2005
     67 2006
     66 2007
     69 2008
     72 2009
     74 2010
     67 2011
     65 2012
     59 2013
     58 2014
     71 2015
     73 2016
     66 2017
     70 2018
     62 2019
     77 2020
     87 2021
     75 2022
     72 2023
     68 2024
     85 2025
     86 2026
     62 2027
     59 2028
     64 2029
     73 2030
     67 2031
     76 2032
     88 2033
     72 2034
     68 2035
     80 2036
     74 2037
     50 2038
     72 2039
     71 2040
     72 2041
     78 2042
     60 2043
     74 2044
     65 2045
     82 2046
     75 2047
     68 2048
     56 2049
     52 2050
     59 2051
     59 2052
     66 2053
     78 2054
     54 2055
     67 2056
     74 2057
     64 2058
     69 2059
     57 2060
     74 2061
     57 2062
     68 2063
     57 2064
     63 2065
     66 2066
     61 2067
     70 2068
     81 2069
     68 2070
     73 2071
     66 2072
     64 2073
     57 2074
     71 2075
     71 2076
     55 2077
     65 2078
     73 2079
     74 2080
     60 2081
     60 2082
     58 2083
     63 2084
     70 2085
     52 2086
     54 2087
     70 2088
     56 2089
     65 2090
     64 2091
     75 2092
     68 2093
     62 2094
     78 2095
     62 2096
     80 2097
     76 2098
     54 2099
     72 2100
     87 2101
     93 2102
     75 2103
     72 2104
     58 2105
     78 2106
     71 2107
     74 2108
     76 2109
     67 2110
     72 2111
     61 2112
     74 2113
     63 2114
     63 2115
     76 2116
     79 2117
     49 2118
     76 2119
     58 2120
     46 2121
     70 2122
     72 2123
     72 2124
     69 2125
     95 2126
     66 2127
     73 2128
     71 2129
     61 2130
     81 2131
     66 2132
     65 2133
     78 2134
     62 2135
     66 2136
     69 2137
     63 2138
     65 2139
     67 2140
     77 2141
     86 2142
     66 2143
     82 2144
     92 2145
     93 2146
     83 2147
     76 2148
     78 2149
     72 2150
     80 2151
     89 2152
     81 2153
     89 2154
     64 2155
     84 2156
     68 2157
     85 2158
     79 2159
     64 2160
     77 2161
     75 2162
     86 2163
     69 2164
     78 2165
     67 2166
     70 2167
     80 2168
     69 2169
     56 2170
     64 2171
     75 2172
     72 2173
     71 2174
     72 2175
     55 2176
     70 2177
     68 2178
     77 2179
     80 2180
     57 2181
     57 2182
     79 2183
     71 2184
     70 2185
     67 2186
     60 2187
     66 2188
     52 2189
     85 2190
     74 2191
     60 2192
     58 2193
     74 2194
     59 2195
     57 2196
     69 2197
     72 2198
     75 2199
     67 2200
     59 2201
     59 2202
     56 2203
     52 2204
     59 2205
     61 2206
     61 2207
     51 2208
     68 2209
     45 2210
     74 2211
     65 2212
     62 2213
     44 2214
     55 2215
     61 2216
     63 2217
     58 2218
     61 2219
     58 2220
     64 2221
     59 2222
     55 2223
     57 2224
     72 2225
     60 2226
     71 2227
     61 2228
     56 2229
     51 2230
     71 2231
     74 2232
     68 2233
     72 2234
     54 2235
     60 2236
     52 2237
     59 2238
     59 2239
     65 2240
     58 2241
     58 2242
     58 2243
     57 2244
     58 2245
     51 2246
     55 2247
     58 2248
     61 2249
     55 2250
     60 2251
     50 2252
     55 2253
     63 2254
     74 2255
     55 2256
     58 2257
     50 2258
     49 2259
     51 2260
     46 2261
     63 2262
     66 2263
     74 2264
     58 2265
     53 2266
     60 2267
     42 2268
     58 2269
     60 2270
     67 2271
     81 2272
     60 2273
     56 2274
     63 2275
     50 2276
     60 2277
     46 2278
     47 2279
     65 2280
     56 2281
     54 2282
     64 2283
     51 2284
     69 2285
     68 2286
     69 2287
     59 2288
     62 2289
     64 2290
     64 2291
     70 2292
     61 2293
     60 2294
     46 2295
     49 2296
     48 2297
     41 2298
     52 2299
     60 2300
     62 2301
     51 2302
     59 2303
     57 2304
     49 2305
     46 2306
     58 2307
     61 2308
     65 2309
     59 2310
     52 2311
     45 2312
     50 2313
     56 2314
     69 2315
     50 2316
     53 2317
     47 2318
     58 2319
     49 2320
     63 2321
     45 2322
     43 2323
     38 2324
     41 2325
     49 2326
     51 2327
     38 2328
     52 2329
     42 2330
     50 2331
     47 2332
     44 2333
     44 2334
     52 2335
     45 2336
     49 2337
     37 2338
     52 2339
     42 2340
     49 2341
     52 2342
     44 2343
     55 2344
     44 2345
     44 2346
     61 2347
     44 2348
     51 2349
     51 2350
     57 2351
     36 2352
     39 2353
     54 2354
     37 2355
     43 2356
     44 2357
     50 2358
     80 2359
     56 2360
     51 2361
     37 2362
     47 2363
     46 2364
     50 2365
     55 2366
     39 2367
     39 2368
     45 2369
     47 2370
     49 2371
     29 2372
     49 2373
     45 2374
     43 2375
     46 2376
     40 2377
     45 2378
     39 2379
     37 2380
     35 2381
     30 2382
     43 2383
     39 2384
     27 2385
     39 2386
     42 2387
     30 2388
     40 2389
     37 2390
     30 2391
     42 2392
     36 2393
     39 2394
     48 2395
     44 2396
     33 2397
     39 2398
     51 2399
     30 2400
     33 2401
     39 2402
     42 2403
     28 2404
     36 2405
     39 2406
     33 2407
     41 2408
     43 2409
     32 2410
     31 2411
     37 2412
     35 2413
     32 2414
     29 2415
     32 2416
     32 2417
     38 2418
     32 2419
     48 2420
     29 2421
     32 2422
     41 2423
     38 2424
     38 2425
     24 2426
     33 2427
     34 2428
     30 2429
     34 2430
     33 2431
     29 2432
     34 2433
     34 2434
     38 2435
     33 2436
     27 2437
     43 2438
     37 2439
     31 2440
     32 2441
     37 2442
     25 2443
     33 2444
     26 2445
     27 2446
     29 2447
     28 2448
     44 2449
     32 2450
     31 2451
     28 2452
     22 2453
     19 2454
     40 2455
     31 2456
     32 2457
     29 2458
     38 2459
     28 2460
     34 2461
     35 2462
     30 2463
     27 2464
     29 2465
     30 2466
     29 2467
     36 2468
     31 2469
     23 2470
     45 2471
     30 2472
     29 2473
     28 2474
     20 2475
     26 2476
     27 2477
     32 2478
     23 2479
     30 2480
     27 2481
     30 2482
     29 2483
     33 2484
     18 2485
     33 2486
     32 2487
     29 2488
     22 2489
     20 2490
     31 2491
     20 2492
     28 2493
     29 2494
     25 2495
     24 2496
     22 2497
     29 2498
     29 2499
     24 2500
     21 2501
     26 2502
     22 2503
     18 2504
     26 2505
     23 2506
     25 2507
     25 2508
     24 2509
     24 2510
     33 2511
     28 2512
     21 2513
     22 2514
     21 2515
     19 2516
     26 2517
     29 2518
     28 2519
     21 2520
     22 2521
     15 2522
     16 2523
     20 2524
     24 2525
     22 2526
     23 2527
     22 2528
     25 2529
     28 2530
     20 2531
     19 2532
     27 2533
     21 2534
     24 2535
     22 2536
     23 2537
     17 2538
     16 2539
     32 2540
     19 2541
     26 2542
     25 2543
     23 2544
     21 2545
     18 2546
     34 2547
     17 2548
     20 2549
     22 2550
     18 2551
     24 2552
     26 2553
     22 2554
     18 2555
     20 2556
     23 2557
     21 2558
     16 2559
     25 2560
     34 2561
     27 2562
     22 2563
     25 2564
     19 2565
     19 2566
     24 2567
     17 2568
     23 2569
     28 2570
     27 2571
     21 2572
     19 2573
     21 2574
     16 2575
     18 2576
     20 2577
     23 2578
     17 2579
     23 2580
     28 2581
     21 2582
     25 2583
     28 2584
     34 2585
     24 2586
     21 2587
     27 2588
     24 2589
     25 2590
     29 2591
     22 2592
     25 2593
     15 2594
     33 2595
     21 2596
     26 2597
     16 2598
     16 2599
     23 2600
     11 2601
     24 2602
     17 2603
     24 2604
     20 2605
     23 2606
     23 2607
     26 2608
     29 2609
     29 2610
     26 2611
     23 2612
     25 2613
     22 2614
     28 2615
     20 2616
     21 2617
     21 2618
     26 2619
     20 2620
     22 2621
     23 2622
     27 2623
     21 2624
     20 2625
     18 2626
     16 2627
     19 2628
     33 2629
     25 2630
     21 2631
     20 2632
     26 2633
     28 2634
     21 2635
     21 2636
     18 2637
     21 2638
     13 2639
     26 2640
     16 2641
     16 2642
     14 2643
     14 2644
     18 2645
     20 2646
     15 2647
     24 2648
     16 2649
     23 2650
     20 2651
     19 2652
     22 2653
     15 2654
     15 2655
     16 2656
     20 2657
     16 2658
     25 2659
     15 2660
     17 2661
     18 2662
     24 2663
     15 2664
     26 2665
     16 2666
     20 2667
     21 2668
     23 2669
     16 2670
     21 2671
     21 2672
     22 2673
     18 2674
     19 2675
     15 2676
     20 2677
     22 2678
     16 2679
     24 2680
     13 2681
     24 2682
     19 2683
     18 2684
     15 2685
     16 2686
     17 2687
     18 2688
     15 2689
     18 2690
     19 2691
     19 2692
     21 2693
     16 2694
     16 2695
     22 2696
     23 2697
     18 2698
     10 2699
     16 2700
     15 2701
     16 2702
     19 2703
     15 2704
     15 2705
     18 2706
     17 2707
     14 2708
     20 2709
     20 2710
     16 2711
     14 2712
     18 2713
     17 2714
     18 2715
     13 2716
     25 2717
     20 2718
     16 2719
      8 2720
     15 2721
     25 2722
     15 2723
     16 2724
     19 2725
     29 2726
     15 2727
     13 2728
     19 2729
     16 2730
     22 2731
     13 2732
     22 2733
     23 2734
     13 2735
     10 2736
     10 2737
     19 2738
     13 2739
     25 2740
     14 2741
     16 2742
     17 2743
     17 2744
     18 2745
     22 2746
     18 2747
     15 2748
     14 2749
     18 2750
     19 2751
     16 2752
     15 2753
     11 2754
     20 2755
     16 2756
     16 2757
     19 2758
     15 2759
     12 2760
     18 2761
     16 2762
     18 2763
     13 2764
     14 2765
     22 2766
      8 2767
     11 2768
     17 2769
     15 2770
     14 2771
     18 2772
     22 2773
     18 2774
     16 2775
     10 2776
     18 2777
     18 2778
     17 2779
     20 2780
     11 2781
     20 2782
     16 2783
     14 2784
     11 2785
     13 2786
     13 2787
     22 2788
     15 2789
     11 2790
     14 2791
     10 2792
     10 2793
     20 2794
     15 2795
     22 2796
     19 2797
     12 2798
     11 2799
     22 2800
     17 2801
     21 2802
     12 2803
     14 2804
     14 2805
      8 2806
     13 2807
      9 2808
     13 2809
     18 2810
     13 2811
     11 2812
     12 2813
     17 2814
     19 2815
     18 2816
     15 2817
     15 2818
      7 2819
     15 2820
     18 2821
     18 2822
     19 2823
     13 2824
     22 2825
     19 2826
     14 2827
     18 2828
     18 2829
     15 2830
     13 2831
     19 2832
     14 2833
     12 2834
     14 2835
     12 2836
     19 2837
     19 2838
     18 2839
     12 2840
     21 2841
     12 2842
     18 2843
     15 2844
      6 2845
     19 2846
     10 2847
     24 2848
     22 2849
     13 2850
     16 2851
     16 2852
     16 2853
     19 2854
     20 2855
     24 2856
     17 2857
     24 2858
     15 2859
     13 2860
     13 2861
      9 2862
     21 2863
     13 2864
     19 2865
     14 2866
     13 2867
     14 2868
     12 2869
     19 2870
     10 2871
      9 2872
     15 2873
      9 2874
     23 2875
     13 2876
     13 2877
     13 2878
     16 2879
     13 2880
     10 2881
     12 2882
     14 2883
     13 2884
     13 2885
     22 2886
     12 2887
     17 2888
     14 2889
     14 2890
     12 2891
     18 2892
     21 2893
     15 2894
     15 2895
     19 2896
     20 2897
     18 2898
     16 2899
     14 2900
     11 2901
     16 2902
     10 2903
     17 2904
      8 2905
     18 2906
     10 2907
     15 2908
     14 2909
     16 2910
     15 2911
     12 2912
     18 2913
     12 2914
     12 2915
     11 2916
     20 2917
     15 2918
     15 2919
     18 2920
     11 2921
     14 2922
      8 2923
     10 2924
     20 2925
     14 2926
     19 2927
     13 2928
     12 2929
     14 2930
     19 2931
     14 2932
     21 2933
     14 2934
     23 2935
     17 2936
     20 2937
      7 2938
     10 2939
     18 2940
     11 2941
     17 2942
     18 2943
     20 2944
     17 2945
     13 2946
     22 2947
     16 2948
     11 2949
     15 2950
     16 2951
     17 2952
     19 2953
     18 2954
     12 2955
     19 2956
     17 2957
     16 2958
     15 2959
     17 2960
     13 2961
     13 2962
     21 2963
     28 2964
     16 2965
     14 2966
     16 2967
      9 2968
     17 2969
     14 2970
     18 2971
     16 2972
     14 2973
     16 2974
     18 2975
     14 2976
     15 2977
     12 2978
     18 2979
     16 2980
     10 2981
     13 2982
     11 2983
      8 2984
     13 2985
     13 2986
     14 2987
     13 2988
     18 2989
     21 2990
     19 2991
     18 2992
     15 2993
     12 2994
     12 2995
     17 2996
     20 2997
     13 2998
     14 2999
     13 3000
     13 3001
     11 3002
      8 3003
     12 3004
     15 3005
     19 3006
      9 3007
     13 3008
     14 3009
     16 3010
     13 3011
     13 3012
     14 3013
     16 3014
     14 3015
     11 3016
     16 3017
     14 3018
      8 3019
     11 3020
     11 3021
     21 3022
      9 3023
     17 3024
     17 3025
      9 3026
     18 3027
      9 3028
      8 3029
      9 3030
     10 3031
     21 3032
     10 3033
     12 3034
     13 3035
     21 3036
     13 3037
     13 3038
     11 3039
     14 3040
     15 3041
     12 3042
     11 3043
     14 3044
     22 3045
      6 3046
     15 3047
     18 3048
      8 3049
      7 3050
     11 3051
     12 3052
      9 3053
     12 3054
     14 3055
      8 3056
      9 3057
     11 3058
     20 3059
     15 3060
     11 3061
     10 3062
     10 3063
     10 3064
     13 3065
     12 3066
      9 3067
      9 3068
     10 3069
     17 3070
     10 3071
     13 3072
     15 3073
     15 3074
     13 3075
      6 3076
     14 3077
      5 3078
     20 3079
     15 3080
     14 3081
     16 3082
     16 3083
     12 3084
     11 3085
     15 3086
      6 3087
      7 3088
     15 3089
     18 3090
     10 3091
     15 3092
     12 3093
     12 3094
     13 3095
     18 3096
     16 3097
      8 3098
     12 3099
      7 3100
     11 3101
     12 3102
      7 3103
      8 3104
     16 3105
      9 3106
     12 3107
     14 3108
     10 3109
      9 3110
     14 3111
     14 3112
     15 3113
      9 3114
     14 3115
      9 3116
      7 3117
     13 3118
      8 3119
     10 3120
      5 3121
     14 3122
     13 3123
     15 3124
      6 3125
     12 3126
     16 3127
     11 3128
     16 3129
      5 3130
     14 3131
      6 3132
     11 3133
      6 3134
     11 3135
     10 3136
     15 3137
     12 3138
     16 3139
     11 3140
     14 3141
      9 3142
      8 3143
     15 3144
      9 3145
      6 3146
     14 3147
      8 3148
      9 3149
     11 3150
     17 3151
     10 3152
      7 3153
     17 3154
      9 3155
     14 3156
     12 3157
     14 3158
     16 3159
      8 3160
     11 3161
      4 3162
      7 3163
     15 3164
     14 3165
      5 3166
     16 3167
     14 3168
     11 3169
     11 3170
     17 3171
     11 3172
     10 3173
     11 3174
     10 3175
     12 3176
      7 3177
     10 3178
      7 3179
     20 3180
     14 3181
      8 3182
     17 3183
     13 3184
      6 3185
      6 3186
      8 3187
     20 3188
     10 3189
     14 3190
     12 3191
      8 3192
     17 3193
     16 3194
      4 3195
     12 3196
      4 3197
      8 3198
      9 3199
     11 3200
     15 3201
     11 3202
     14 3203
     14 3204
      7 3205
     11 3206
     10 3207
     13 3208
     13 3209
     12 3210
     14 3211
      8 3212
     11 3213
     19 3214
     12 3215
     11 3216
     12 3217
      7 3218
     12 3219
     15 3220
      5 3221
     11 3222
     12 3223
     11 3224
      6 3225
      9 3226
     16 3227
      8 3228
     11 3229
     12 3230
     10 3231
     14 3232
     10 3233
     10 3234
     14 3235
      6 3236
     11 3237
      8 3238
     15 3239
     16 3240
     13 3241
      5 3242
     11 3243
     12 3244
      5 3245
     11 3246
     14 3247
      8 3248
      8 3249
     11 3250
      8 3251
     11 3252
     14 3253
     10 3254
     12 3255
     18 3256
      9 3257
      7 3258
     15 3259
      9 3260
      8 3261
      9 3262
     16 3263
      8 3264
      8 3265
     11 3266
      9 3267
     11 3268
     11 3269
     11 3270
      9 3271
     10 3272
      9 3273
     11 3274
     10 3275
     12 3276
     12 3277
     18 3278
     12 3279
     10 3280
      8 3281
      7 3282
     10 3283
      9 3284
     10 3285
     11 3286
     13 3287
     12 3288
      6 3289
     12 3290
     14 3291
     12 3292
     11 3293
      9 3294
     16 3295
     11 3296
      7 3297
      7 3298
     12 3299
     12 3300
      8 3301
      9 3302
      5 3303
     12 3304
      8 3305
      9 3306
     12 3307
      8 3308
     10 3309
     13 3310
      8 3311
      4 3312
     10 3313
      8 3314
     20 3315
     12 3316
     10 3317
     12 3318
      5 3319
      8 3320
     12 3321
     15 3322
     10 3323
     10 3324
     12 3325
     15 3326
      5 3327
     12 3328
      9 3329
      8 3330
     13 3331
     11 3332
     13 3333
     13 3334
     11 3335
      8 3336
     10 3337
     12 3338
      6 3339
      9 3340
      6 3341
     10 3342
      9 3343
     10 3344
      8 3345
     12 3346
     11 3347
     14 3348
     10 3349
     19 3350
      4 3351
     10 3352
     18 3353
      4 3354
      8 3355
      9 3356
     13 3357
      9 3358
      9 3359
      8 3360
      9 3361
      7 3362
      8 3363
     13 3364
      8 3365
     18 3366
     11 3367
     13 3368
      9 3369
     13 3370
     10 3371
      5 3372
      9 3373
     13 3374
     11 3375
      9 3376
      6 3377
     13 3378
     10 3379
     13 3380
     10 3381
     15 3382
     11 3383
      6 3384
      7 3385
     13 3386
      7 3387
      9 3388
     11 3389
     12 3390
      7 3391
     10 3392
     12 3393
     10 3394
     12 3395
     10 3396
     15 3397
     10 3398
      8 3399
     10 3400
      6 3401
      7 3402
     11 3403
      8 3404
      9 3405
     12 3406
     11 3407
      8 3408
     10 3409
      8 3410
     18 3411
     10 3412
      8 3413
      5 3414
     14 3415
      7 3416
     16 3417
      9 3418
     13 3419
     13 3420
     10 3421
      8 3422
     10 3423
      8 3424
     11 3425
     14 3426
     10 3427
      6 3428
      7 3429
     14 3430
     11 3431
     16 3432
     10 3433
      9 3434
      6 3435
     10 3436
      6 3437
     12 3438
      8 3439
      7 3440
      8 3441
     10 3442
     10 3443
      3 3444
     16 3445
     12 3446
      9 3447
     10 3448
     10 3449
     14 3450
     11 3451
     13 3452
      6 3453
     11 3454
     14 3455
      8 3456
      9 3457
      9 3458
     11 3459
     10 3460
      7 3461
      9 3462
     12 3463
      5 3464
      7 3465
     11 3466
      8 3467
      8 3468
      8 3469
      7 3470
     12 3471
      8 3472
      7 3473
     12 3474
      4 3475
     12 3476
     10 3477
      8 3478
      8 3479
      6 3480
      8 3481
      8 3482
     10 3483
     11 3484
      8 3485
      7 3486
     12 3487
     10 3488
     16 3489
     11 3490
      9 3491
     10 3492
     10 3493
      5 3494
      6 3495
     12 3496
      3 3497
     12 3498
     11 3499
      9 3500
     11 3501
      6 3502
     12 3503
      7 3504
     13 3505
      6 3506
      9 3507
     11 3508
      9 3509
     11 3510
     10 3511
     10 3512
     12 3513
     11 3514
     12 3515
     10 3516
      5 3517
     13 3518
      9 3519
     13 3520
     10 3521
     14 3522
      8 3523
     16 3524
      9 3525
      9 3526
      8 3527
      7 3528
      9 3529
     13 3530
     11 3531
      5 3532
     12 3533
      5 3534
     10 3535
      8 3536
      5 3537
     13 3538
      9 3539
     12 3540
     10 3541
     18 3542
     10 3543
     10 3544
     13 3545
     12 3546
     14 3547
     12 3548
      6 3549
      3 3550
     12 3551
     14 3552
     11 3553
      7 3554
      5 3555
      8 3556
     13 3557
     11 3558
      7 3559
      8 3560
      7 3561
     11 3562
      9 3563
      6 3564
      7 3565
      7 3566
     11 3567
      8 3568
     10 3569
      6 3570
     18 3571
     11 3572
     16 3573
     17 3574
      7 3575
     12 3576
      7 3577
      7 3578
     10 3579
      7 3580
     16 3581
      8 3582
     12 3583
     11 3584
     16 3585
     12 3586
     16 3587
      7 3588
     10 3589
     12 3590
     12 3591
      7 3592
      9 3593
      9 3594
     11 3595
     13 3596
     11 3597
     12 3598
     15 3599
     10 3600
     12 3601
     12 3602
     10 3603
     12 3604
      8 3605
     14 3606
      7 3607
      8 3608
     14 3609
      9 3610
     10 3611
      5 3612
      8 3613
      9 3614
      7 3615
     10 3616
      7 3617
      9 3618
      5 3619
      8 3620
     13 3621
      6 3622
      3 3623
      5 3624
     10 3625
     12 3626
      8 3627
      7 3628
     14 3629
     14 3630
     11 3631
     12 3632
      6 3633
      8 3634
      8 3635
      8 3636
      9 3637
      5 3638
      9 3639
      8 3640
      9 3641
     10 3642
      6 3643
     10 3644
     10 3645
      4 3646
      9 3647
     10 3648
     12 3649
      7 3650
      9 3651
      6 3652
     10 3653
     11 3654
     14 3655
      8 3656
     17 3657
      8 3658
      8 3659
      7 3660
      9 3661
     12 3662
      6 3663
     10 3664
     10 3665
     10 3666
     11 3667
     15 3668
     10 3669
     10 3670
      9 3671
      5 3672
      7 3673
     11 3674
      7 3675
     10 3676
      4 3677
      8 3678
     11 3679
     10 3680
     10 3681
      9 3682
     11 3683
      7 3684
      8 3685
      8 3686
     10 3687
     10 3688
     11 3689
      5 3690
      9 3691
      7 3692
      9 3693
     12 3694
     13 3695
      9 3696
      9 3697
     14 3698
     11 3699
      7 3700
      6 3701
      7 3702
      3 3703
      7 3704
      8 3705
     10 3706
      6 3707
     10 3708
     13 3709
      9 3710
      7 3711
      9 3712
     11 3713
     12 3714
      6 3715
      7 3716
     12 3717
      5 3718
      7 3719
     12 3720
      7 3721
      4 3722
      8 3723
      5 3724
      7 3725
      4 3726
      5 3727
      9 3728
      6 3729
      6 3730
     11 3731
      8 3732
      5 3733
      8 3734
      6 3735
      8 3736
     11 3737
      6 3738
      8 3739
     10 3740
     10 3741
      4 3742
      5 3743
      9 3744
      7 3745
     10 3746
      6 3747
      9 3748
      3 3749
     14 3750
      7 3751
      6 3752
      3 3753
      4 3754
      6 3755
      9 3756
      5 3757
      6 3758
      8 3759
      6 3760
      8 3761
      7 3762
      5 3763
      5 3764
      7 3765
     11 3766
     10 3767
     16 3768
      9 3769
      8 3770
      3 3771
      8 3772
      7 3773
      8 3774
      9 3775
     12 3776
      3 3777
      7 3778
      7 3779
      6 3780
      4 3781
      3 3782
      3 3783
      6 3784
      7 3785
      7 3786
      4 3787
      6 3788
      2 3789
      6 3790
      7 3791
      7 3792
      5 3793
      6 3794
      4 3795
      7 3796
      4 3797
      8 3798
      6 3799
     11 3800
     12 3801
      9 3802
      7 3803
      3 3804
      8 3805
      4 3806
      6 3807
      7 3808
      8 3809
      8 3810
      5 3811
      2 3812
      1 3813
      8 3814
      4 3815
      5 3816
     12 3817
      5 3818
      3 3819
     10 3820
      9 3821
     15 3822
     14 3823
      4 3824
      5 3825
      9 3826
      6 3827
      5 3828
      5 3829
      2 3830
      7 3831
      8 3832
      6 3833
      7 3834
      4 3835
      9 3836
      5 3837
      5 3838
      8 3839
      5 3840
      8 3841
      6 3842
      6 3843
      8 3844
      7 3845
     12 3846
      7 3847
      8 3848
     10 3849
      7 3850
      8 3851
      8 3852
      8 3853
      7 3854
      6 3855
     13 3856
      9 3857
      2 3858
     10 3859
      8 3860
      7 3861
      7 3862
     10 3863
     11 3864
      7 3865
     10 3866
      7 3867
     10 3868
      5 3869
      8 3870
      9 3871
      8 3872
      6 3873
     10 3874
      7 3875
      4 3876
      7 3877
      5 3878
      7 3879
      7 3880
      8 3881
      5 3882
      6 3883
      6 3884
      9 3885
      5 3886
      4 3887
      5 3888
      4 3889
      8 3890
      4 3891
     10 3892
      6 3893
      4 3894
      7 3895
      7 3896
      6 3897
      6 3898
      7 3899
     10 3900
      7 3901
     10 3902
      4 3903
      4 3904
      5 3905
      5 3906
      4 3907
     11 3908
      6 3909
      1 3910
      3 3911
      3 3912
      6 3913
      7 3914
      2 3915
      4 3916
      6 3917
      5 3918
     14 3919
      9 3920
      8 3921
      5 3922
      3 3923
      3 3924
      6 3925
      7 3926
      5 3927
     12 3928
      8 3929
      3 3930
      7 3931
      6 3932
      5 3933
      5 3934
      6 3935
      8 3936
      7 3937
      5 3938
      8 3939
      3 3940
      4 3941
      5 3942
      4 3943
     11 3944
      4 3945
      4 3946
      8 3947
      2 3948
      4 3949
      4 3950
      5 3951
      5 3952
     10 3953
      3 3954
      6 3955
      6 3956
     10 3957
      4 3958
      8 3959
      9 3960
      4 3961
      4 3962
      6 3963
      4 3964
      6 3965
      3 3966
      6 3967
      2 3968
      5 3969
      4 3970
      2 3971
      4 3972
      6 3973
      7 3974
      9 3975
      4 3976
      4 3977
      2 3978
      7 3979
      6 3980
      3 3981
      6 3982
      7 3983
      2 3984
      9 3985
      2 3986
      8 3987
      7 3988
      4 3989
      6 3990
      4 3991
      5 3992
     10 3993
      7 3994
      8 3995
      7 3996
      3 3997
      8 3998
      2 3999
      5 4000
      4 4001
      2 4002
      9 4003
      2 4004
     10 4005
      6 4006
      4 4007
      4 4008
      5 4009
      4 4010
      8 4011
      6 4012
      8 4013
      8 4014
      4 4015
     14 4016
      3 4017
      7 4018
      4 4019
      7 4020
      9 4021
     12 4022
      3 4023
      7 4024
      6 4025
      8 4026
      5 4027
      6 4028
      6 4029
      7 4030
      7 4031
      4 4032
      5 4033
      3 4034
      5 4035
      7 4036
      9 4037
      4 4038
      6 4039
      3 4040
      5 4041
      4 4042
      8 4043
      4 4044
      3 4045
      3 4046
      5 4047
      6 4048
      2 4049
      4 4050
      9 4051
      4 4052
      5 4053
     10 4054
      5 4055
      3 4056
      4 4057
      3 4058
      7 4059
      7 4060
     11 4061
     11 4062
      4 4063
      7 4064
      4 4065
      6 4066
      8 4067
      8 4068
      5 4069
      5 4070
      8 4071
      6 4072
      4 4073
      7 4074
     10 4075
      6 4076
      6 4077
      3 4078
      3 4079
      5 4080
     12 4081
      4 4082
      4 4083
      5 4084
      4 4085
      3 4086
      7 4087
      6 4088
      8 4089
     10 4090
      5 4091
      4 4092
      3 4093
      4 4094
      7 4095
      9 4096
      8 4097
      3 4098
      3 4099
      7 4100
      4 4101
      7 4102
      8 4103
      2 4104
      4 4105
      2 4106
      7 4107
      5 4108
     11 4110
      4 4111
      5 4112
      3 4113
      5 4114
      3 4115
      9 4116
      4 4117
      4 4118
      6 4119
      4 4120
      3 4121
      3 4122
      8 4123
      4 4124
      9 4125
      9 4126
      9 4127
      6 4129
      7 4130
      5 4131
      2 4132
      3 4133
      4 4134
      8 4135
     10 4136
     10 4137
      9 4138
      1 4139
      4 4140
      7 4141
      5 4142
      6 4143
     10 4144
      6 4145
      6 4146
      7 4147
      5 4148
      4 4149
      3 4150
      6 4151
      6 4152
      8 4153
      5 4154
      8 4155
      6 4156
      6 4157
      4 4158
      4 4159
      6 4160
      3 4161
      4 4162
      2 4163
     11 4164
      6 4165
      2 4166
      8 4167
     10 4168
      8 4169
      9 4170
      3 4171
      7 4172
      3 4173
      9 4174
      4 4175
     10 4176
      5 4177
      7 4178
     11 4179
      9 4180
      5 4181
      5 4182
      5 4183
      5 4184
      4 4185
      5 4186
      7 4187
      5 4188
      7 4189
      3 4190
      4 4191
      2 4192
      4 4193
      8 4194
      6 4195
      5 4196
      7 4197
      7 4198
      4 4199
      5 4200
      2 4201
      5 4202
      7 4203
      4 4204
      6 4205
      7 4206
      6 4207
      7 4208
      6 4209
      6 4210
      6 4211
      7 4212
      4 4213
      3 4214
      3 4215
      6 4216
      3 4217
      3 4218
      5 4219
      2 4220
      4 4221
      5 4222
      1 4223
      5 4224
      4 4225
      5 4226
      1 4227
      7 4228
      3 4229
      2 4230
      6 4231
      5 4232
      5 4233
      3 4234
      6 4235
      4 4236
      3 4237
      7 4238
      3 4239
      3 4240
      3 4241
      4 4242
      6 4243
      6 4244
      5 4245
      6 4246
      4 4247
      3 4248
      5 4249
      1 4250
      5 4251
      3 4252
      3 4253
      5 4254
      4 4255
      4 4256
      2 4257
      5 4258
      3 4259
      5 4260
      4 4261
      3 4262
      1 4263
      6 4264
      5 4265
      3 4266
      8 4267
      4 4268
      1 4269
      5 4270
     10 4271
      6 4272
      5 4273
      2 4274
      7 4275
      4 4276
      2 4277
      6 4278
      3 4279
      4 4280
      4 4281
      5 4282
      3 4283
      5 4284
      5 4285
     12 4286
      6 4287
      7 4288
      8 4289
      8 4290
      4 4291
      3 4292
      9 4293
      2 4294
      2 4295
      1 4296
      1 4297
      2 4298
      5 4299
      9 4300
      6 4301
      6 4302
      3 4303
      3 4304
      6 4305
      2 4306
      4 4307
      2 4308
      2 4309
      5 4310
      9 4311
      4 4312
      3 4313
      6 4314
      5 4315
      3 4316
      4 4317
      5 4318
      6 4319
      8 4320
      3 4321
      8 4322
      5 4323
      3 4324
      5 4325
      5 4326
      5 4327
      2 4328
      6 4329
      5 4330
      5 4331
      3 4332
      5 4333
      3 4334
      9 4335
      6 4336
      4 4337
      3 4338
      9 4339
      2 4340
      7 4341
      4 4342
      7 4343
      8 4344
      7 4345
      6 4346
      3 4347
      7 4348
      3 4349
      7 4350
      4 4351
      3 4352
      2 4353
      7 4354
      8 4355
      6 4356
      2 4357
      7 4358
      6 4359
      2 4360
      5 4361
      6 4362
      4 4363
     10 4364
      6 4365
      7 4366
      1 4367
      5 4368
      6 4369
      6 4370
      7 4371
      4 4372
      5 4373
      4 4374
      4 4375
      5 4376
      5 4377
      5 4378
     10 4379
      5 4380
      5 4381
      4 4382
      6 4383
      7 4384
      1 4385
      3 4386
      3 4387
     10 4388
      3 4389
      8 4390
      3 4391
      3 4392
      4 4393
      7 4394
      4 4395
      1 4397
      4 4398
      4 4399
      5 4400
      5 4401
      2 4402
      3 4403
      4 4404
      2 4405
      4 4406
      6 4407
      3 4408
      1 4409
      4 4410
      5 4411
      7 4412
      7 4413
      4 4414
      3 4415
      3 4416
      3 4417
      4 4418
      3 4419
      2 4420
      3 4421
      3 4422
      5 4423
      6 4424
      7 4425
      2 4426
      4 4427
      4 4428
      4 4429
      4 4430
      1 4431
      2 4432
      3 4433
      2 4434
      7 4435
      2 4436
      3 4437
      5 4438
      1 4439
      1 4440
      1 4441
      4 4442
      1 4443
      1 4444
      2 4445
      2 4446
      3 4447
      3 4448
      2 4449
      7 4450
      3 4451
      5 4452
      2 4453
     10 4454
      8 4455
      6 4456
      2 4457
      8 4458
      1 4459
      3 4460
      3 4461
      2 4462
      3 4463
      3 4464
      6 4465
      1 4466
      6 4467
      1 4468
      4 4469
      5 4470
      2 4471
      4 4472
      1 4473
      4 4474
      1 4476
      5 4477
      6 4478
      4 4479
      7 4480
      2 4481
      2 4482
      3 4483
      6 4484
      3 4485
      3 4486
      3 4487
      2 4488
      3 4489
      3 4490
      4 4491
      2 4492
      1 4493
      6 4494
      5 4495
      1 4496
      3 4497
      6 4498
      3 4499
      2 4500
      6 4501
      5 4502
      5 4503
      1 4504
      1 4505
      3 4506
      2 4507
      2 4508
      3 4509
      5 4510
      6 4511
      5 4512
      5 4513
      1 4516
      6 4517
      7 4518
      5 4519
      1 4520
      3 4521
      3 4522
      2 4523
      8 4524
      3 4525
      3 4526
      3 4527
      1 4528
      2 4529
      5 4530
      5 4531
      4 4532
      3 4533
      1 4534
      4 4535
      1 4536
      5 4537
      2 4538
      5 4539
      3 4540
      3 4541
      4 4542
      7 4543
      7 4544
      7 4545
      2 4546
      3 4547
      6 4548
      7 4549
      1 4550
      5 4552
      7 4553
      3 4554
     10 4555
      5 4556
      9 4557
      5 4558
      4 4559
      4 4560
      5 4561
      2 4562
      4 4563
      6 4564
      3 4565
      4 4566
      5 4567
      5 4568
      2 4569
      5 4570
      1 4571
      5 4572
      3 4573
      3 4574
      5 4575
      5 4576
      1 4577
      7 4578
      5 4579
      7 4580
      5 4581
      3 4582
      4 4583
      2 4584
      4 4585
      5 4586
      5 4587
      9 4588
      4 4589
      3 4590
      4 4591
      1 4592
      6 4593
      6 4594
      3 4595
      2 4596
      3 4597
      8 4598
      6 4599
      4 4600
      6 4601
      1 4602
      5 4603
      4 4604
      1 4605
      2 4606
      4 4607
      5 4609
      2 4610
      4 4611
      4 4612
      5 4613
      3 4614
      2 4615
      1 4616
      1 4617
      3 4618
      3 4619
      1 4620
      3 4621
      4 4622
      1 4623
      3 4624
      2 4625
      4 4626
      6 4627
      4 4628
      6 4629
      4 4630
      4 4631
      3 4632
      3 4633
      5 4634
      3 4635
      4 4636
      3 4637
      2 4638
      3 4639
      1 4640
      4 4641
      3 4642
      1 4643
      1 4644
      3 4645
      3 4646
      4 4647
      4 4648
      4 4649
      3 4650
      7 4651
      1 4652
      1 4653
      2 4654
      2 4655
      3 4656
      2 4657
      3 4658
      5 4659
      3 4660
      3 4661
      5 4662
      1 4663
      8 4664
      3 4665
      2 4666
      4 4667
      5 4668
      6 4669
      3 4670
      1 4671
      2 4672
      3 4673
      5 4674
      1 4675
      2 4677
      4 4678
      4 4679
      1 4680
      3 4681
      5 4682
      4 4683
      2 4684
      4 4685
      2 4686
      3 4687
      4 4688
      4 4689
      3 4690
      2 4691
      4 4692
      1 4693
      6 4694
      2 4695
      2 4696
      5 4697
      2 4698
      4 4699
      2 4701
      1 4702
      4 4703
      2 4704
      9 4705
      4 4706
      3 4707
      2 4708
      4 4709
      3 4710
      2 4711
      2 4712
      2 4713
      3 4714
      3 4715
      6 4716
      4 4717
      5 4718
      3 4719
      1 4720
      3 4721
      3 4722
      2 4723
      5 4724
      3 4725
      1 4727
      4 4728
      4 4729
      4 4730
      4 4731
      3 4732
      2 4733
      4 4734
      4 4735
      3 4736
      1 4737
      2 4738
      1 4739
      5 4740
      4 4741
      1 4742
      2 4743
      1 4744
      1 4745
      4 4746
      4 4747
      3 4748
      3 4749
      3 4750
      3 4751
      1 4752
      3 4753
      3 4754
      2 4755
      4 4756
      2 4757
      1 4758
      2 4759
      1 4760
      4 4761
      4 4762
      1 4763
      3 4764
      5 4766
      1 4767
      2 4768
      4 4769
      3 4770
      3 4772
      2 4773
      3 4774
      4 4775
      3 4776
      5 4777
      1 4778
      2 4779
      2 4780
      1 4782
      2 4783
      3 4784
      1 4785
      3 4786
      5 4787
      3 4788
      2 4789
      3 4790
      5 4791
      3 4792
      3 4793
      3 4794
      6 4795
      2 4796
      1 4797
      4 4798
      5 4799
      3 4800
      5 4801
      2 4802
      4 4803
      4 4807
      5 4808
      2 4809
      1 4810
      2 4811
      1 4812
      4 4813
      2 4814
      1 4815
      2 4816
      3 4817
      3 4818
      2 4820
      3 4822
      6 4823
      2 4824
      3 4825
      3 4826
      2 4828
      4 4830
      1 4831
      4 4832
      2 4833
      2 4834
      4 4835
      2 4837
      2 4840
      4 4841
      2 4842
      3 4843
      3 4844
      2 4845
      1 4846
      4 4847
      1 4848
      2 4849
      2 4850
      2 4851
      2 4852
      3 4853
      3 4854
      7 4856
      3 4857
      4 4858
      4 4859
      3 4861
      3 4862
      2 4863
      2 4864
      4 4865
      5 4866
      4 4867
      3 4868
      1 4869
      3 4870
      2 4871
      2 4872
      3 4873
      2 4874
      2 4875
      4 4876
      1 4877
      2 4878
      7 4879
      2 4880
      3 4881
      2 4882
      1 4883
      3 4884
      4 4885
      2 4886
      6 4887
      8 4888
      4 4889
      4 4890
      4 4891
      2 4892
      3 4893
      2 4894
      1 4895
      2 4896
      4 4897
      5 4898
      1 4899
      4 4900
      3 4901
      3 4902
      2 4903
      1 4904
      4 4905
      3 4906
      5 4907
      6 4908
      4 4909
      1 4910
      5 4911
      3 4912
      1 4913
      3 4914
      3 4915
      2 4916
      4 4917
      3 4918
      2 4919
      2 4920
      5 4921
      4 4922
      4 4923
      3 4924
      3 4925
      5 4926
      5 4927
      4 4928
      2 4929
      4 4930
      3 4931
      3 4932
      1 4933
      2 4934
      4 4935
      5 4936
      3 4937
      1 4938
      5 4939
      5 4940
      4 4941
      4 4942
      2 4944
      4 4945
      4 4946
      5 4947
      1 4948
      5 4949
      3 4950
      1 4951
      1 4952
      3 4953
      4 4954
      1 4955
      1 4956
      5 4957
      4 4958
      3 4959
      1 4960
      1 4961
      5 4963
      4 4964
      3 4965
      4 4966
      1 4968
      3 4969
      3 4970
      5 4971
      4 4972
      2 4973
      2 4974
      4 4975
      2 4976
      3 4977
      4 4978
      5 4979
      6 4980
      3 4982
      2 4983
      4 4984
      1 4985
      3 4986
      3 4987
      2 4988
      1 4989
      1 4990
      2 4991
      2 4992
      2 4993
      3 4994
      5 4995
      1 4996
      2 4997
      2 4998
      2 4999
      3 5000
      2 5001
      2 5002
      4 5003
      3 5004
      2 5005
      2 5006
      3 5007
      1 5008
      6 5009
      2 5010
      2 5011
      1 5012
      2 5013
      1 5014
      3 5015
      5 5016
      2 5017
      3 5018
      1 5019
      5 5020
      3 5021
      2 5022
      4 5024
      2 5025
      2 5026
      2 5027
      3 5028
      4 5029
      2 5031
      5 5032
      2 5033
      1 5034
      2 5035
      6 5036
      1 5037
      3 5038
      2 5039
      3 5040
      1 5041
      4 5042
      1 5043
      5 5044
      1 5045
      2 5046
      4 5047
      2 5048
      2 5049
      2 5051
      4 5053
      1 5054
      4 5055
      1 5056
      3 5057
      4 5059
      2 5060
      6 5061
      1 5062
      1 5064
      2 5065
      2 5066
      2 5067
      1 5068
      2 5069
      3 5070
      1 5071
      2 5072
      2 5073
      3 5074
      1 5075
      2 5076
      5 5077
      2 5078
      2 5079
      3 5080
      1 5081
      2 5082
      1 5083
      1 5084
      1 5085
      4 5086
      4 5087
      5 5088
      3 5089
      3 5091
      1 5092
      4 5093
      3 5095
      2 5096
      1 5097
      1 5098
      3 5099
      1 5100
      3 5101
      2 5102
      2 5103
      4 5104
      4 5105
      1 5106
      2 5107
      1 5108
      3 5109
      5 5110
      3 5111
      2 5112
      3 5113
      3 5114
      1 5115
      2 5116
      1 5117
      1 5118
      3 5120
      4 5121
      2 5122
      2 5123
      1 5125
      2 5126
      3 5127
      1 5128
      3 5129
      1 5130
      2 5131
      2 5132
      1 5133
      1 5135
      2 5136
      3 5137
      9 5138
      3 5139
      3 5142
      1 5143
      1 5144
      1 5145
      2 5146
      1 5148
      4 5149
      6 5150
      2 5151
      3 5152
      1 5153
      4 5154
      2 5155
      2 5156
      6 5157
      1 5158
      2 5159
      1 5160
      2 5161
      3 5162
      3 5163
      3 5164
      2 5165
      1 5166
      5 5167
      3 5169
      1 5170
      5 5171
      2 5172
      2 5173
      1 5174
      5 5175
      2 5176
      2 5177
      4 5178
      2 5179
      5 5180
      1 5182
      3 5183
      2 5184
      3 5185
      2 5186
      3 5187
      4 5188
      2 5189
      2 5190
      1 5191
      4 5192
      7 5193
      1 5194
      2 5195
      6 5196
      4 5197
      3 5198
      3 5199
      3 5200
      3 5201
      4 5202
      4 5203
      4 5204
      3 5205
      4 5207
      2 5208
      1 5210
      1 5211
      4 5212
      3 5213
      1 5214
      1 5215
      1 5216
      2 5217
      2 5218
      3 5219
      1 5220
      3 5222
      1 5223
      2 5225
      2 5226
      5 5227
      2 5228
      2 5229
      5 5230
      3 5233
      3 5234
      2 5236
      1 5237
      2 5238
      3 5239
      1 5240
      4 5241
      1 5242
      3 5243
      2 5245
      1 5246
      4 5247
      2 5249
      3 5250
      2 5252
      2 5253
      3 5255
      2 5256
      1 5257
      2 5258
      1 5259
      1 5261
      2 5262
      2 5263
      1 5265
      1 5266
      2 5267
      1 5268
      2 5269
      1 5270
      1 5271
      1 5272
      1 5274
      2 5275
      1 5276
      2 5277
      2 5279
      2 5280
      2 5281
      1 5282
      2 5284
      1 5285
      1 5286
      1 5288
      2 5289
      1 5290
      2 5291
      3 5292
      2 5293
      1 5294
      1 5295
      1 5297
      1 5298
      1 5299
      3 5303
      3 5304
      1 5305
      1 5308
      3 5309
      2 5311
      1 5312
      1 5313
      2 5314
      2 5315
      4 5316
      5 5317
      5 5318
      1 5319
      2 5320
      4 5321
      3 5322
      4 5323
      2 5324
      2 5325
      1 5326
      1 5327
      1 5328
      1 5329
      1 5330
      1 5331
      2 5332
      3 5333
      3 5334
      1 5335
      1 5336
      2 5337
      3 5338
      1 5340
      2 5341
      3 5342
      3 5344
      2 5345
      3 5346
      1 5347
      4 5348
      2 5349
      1 5350
      1 5351
      1 5352
      1 5353
      3 5355
      1 5357
      1 5359
      2 5363
      2 5365
      1 5366
      2 5367
      1 5368
      1 5369
      1 5370
      1 5371
      2 5372
      1 5373
      1 5374
      1 5375
      5 5376
      2 5377
      1 5378
      2 5379
      1 5380
      1 5381
      1 5383
      1 5384
      1 5385
      1 5386
      1 5387
      1 5388
      1 5391
      2 5392
      1 5394
      3 5397
      1 5398
      1 5400
      1 5401
      2 5402
      4 5403
      1 5404
      1 5405
      1 5406
      1 5407
      1 5410
      2 5411
      1 5414
      2 5418
      2 5419
      1 5420
      2 5421
      1 5422
      3 5423
      1 5425
      1 5433
      3 5434
      1 5437
      2 5439
      3 5440
      1 5441
      1 5442
      2 5444
      1 5448
      3 5450
      2 5451
      1 5455
      1 5456
      1 5457
      4 5460
      4 5461
      1 5463
      2 5464
      1 5465
      3 5466
      3 5468
      1 5470
      1 5471
      4 5474
      1 5475
      3 5476
      1 5477
      2 5480
      2 5481
      1 5482
      1 5483
      2 5485
      1 5486
      1 5487
      1 5488
      2 5489
      2 5490
      2 5492
      3 5493
      2 5494
      1 5495
      4 5497
      1 5499
      2 5500
      2 5501
      3 5502
      1 5503
      3 5504
      1 5506
      1 5508
      1 5511
      1 5512
      1 5513
      1 5517
      1 5518
      2 5519
      3 5520
      1 5522
      1 5523
      2 5525
      1 5528
      3 5529
      3 5530
      2 5532
      1 5534
      1 5536
      1 5537
      1 5541
      1 5542
      1 5543
      2 5544
      1 5547
      1 5548
      2 5555
      1 5557
      1 5559
      2 5560
      1 5561
      2 5562
      1 5563
      1 5565
      1 5566
      1 5570
      1 5572
      2 5574
      1 5575
      1 5577
      1 5579
      1 5580
      1 5581
      1 5583
      1 5584
      2 5585
      2 5587
      1 5590
      1 5591
      2 5592
      2 5593
      1 5594
      1 5595
      1 5596
      1 5600
      1 5601
      1 5603
      1 5604
      1 5605
      1 5606
      2 5607
      1 5608
      1 5609
      1 5612
      1 5613
      2 5614
      2 5615
      1 5616
      1 5618
      1 5619
      1 5620
      1 5621
      2 5623
      1 5626
      3 5627
      1 5629
      2 5630
      2 5632
      2 5634
      2 5635
      2 5637
      2 5638
      3 5642
      2 5644
      1 5645
      2 5646
      2 5647
      2 5650
      1 5653
      1 5654
      1 5661
      1 5662
      1 5663
      2 5664
      3 5666
      2 5667
      2 5668
      2 5671
      3 5672
      3 5673
      1 5674
      1 5676
      1 5677
      2 5678
      1 5679
      2 5680
      3 5682
      2 5685
      2 5687
      1 5688
      1 5689
      3 5690
      1 5691
      1 5695
      1 5697
      1 5698
      1 5699
      1 5706
      4 5707
      1 5708
      1 5709
      1 5712
      1 5714
      1 5715
      1 5716
      2 5717
      2 5718
      2 5719
      1 5720
      1 5721
      1 5722
      1 5723
      1 5724
      1 5726
      2 5727
      1 5728
      1 5729
      2 5731
      1 5732
      3 5735
      2 5737
      3 5738
      2 5739
      1 5740
      2 5741
      1 5742
      1 5743
      1 5745
      2 5747
      3 5748
      2 5749
      4 5751
      1 5752
      1 5754
      2 5755
      1 5757
      1 5758
      4 5759
      1 5760
      3 5761
      1 5762
      1 5763
      1 5766
      2 5767
      3 5768
      2 5769
      3 5770
      2 5771
      1 5773
      2 5774
      2 5776
      1 5777
      2 5780
      2 5781
      1 5782
      3 5783
      1 5784
      2 5785
      1 5787
      1 5788
      3 5790
      2 5791
      1 5792
      1 5794
      1 5795
      1 5799
      2 5800
      1 5801
      4 5802
      1 5803
      1 5804
      3 5806
      1 5807
      1 5808
      1 5809
      2 5811
      1 5812
      2 5813
      3 5814
      4 5815
      1 5816
      2 5817
      1 5819
      2 5820
      2 5821
      1 5822
      2 5825
      2 5826
      2 5828
      1 5829
      1 5830
      2 5831
      3 5832
      1 5835
      2 5836
      1 5838
      1 5840
      2 5841
      1 5842
      3 5843
      1 5844
      1 5845
      2 5846
      1 5847
      1 5848
      1 5850
      1 5852
      3 5853
      1 5854
      3 5857
      4 5858
      2 5862
      2 5863
      2 5865
      1 5866
      1 5868
      1 5870
      3 5872
      2 5874
      1 5875
      1 5876
      1 5877
      1 5878
      1 5879
      2 5880
      1 5881
      1 5884
      1 5885
      1 5886
      2 5887
      2 5888
      2 5889
      1 5890
      1 5893
      1 5894
      1 5895
      1 5897
      2 5898
      1 5903
      1 5906
      1 5907
      2 5908
      1 5911
      4 5913
      2 5914
      3 5917
      1 5918
      2 5919
      1 5920
      1 5922
      1 5923
      2 5924
      2 5927
      3 5928
      2 5929
      3 5930
      2 5931
      1 5932
      2 5933
      1 5935
      1 5936
      2 5938
      1 5939
      2 5941
      1 5944
      1 5945
      2 5947
      1 5948
      1 5949
      1 5950
      1 5951
      3 5953
      1 5954
      3 5956
      1 5957
      1 5958
      3 5960
      2 5962
      2 5964
      1 5965
      1 5966
      2 5967
      2 5968
      1 5969
      1 5970
      1 5971
      2 5972
      2 5975
      1 5976
      2 5977
      1 5978
      2 5980
      2 5982
      3 5983
      2 5986
      2 5988
      1 5990
      2 5992
      2 5993
      2 5995
      4 5998
      2 5999
      2 6000
      1 6001
      3 6002
      1 6003
      1 6005
      1 6006
      2 6007
      1 6008
      2 6009
      1 6012
      2 6015
      1 6018
      2 6021
      1 6022
      2 6024
      1 6025
      1 6027
      1 6029
      1 6030
      3 6031
      2 6032
      1 6035
      3 6039
      1 6040
      2 6041
      3 6042
      2 6044
      1 6045
      2 6047
      1 6048
      1 6051
      2 6052
      1 6053
      2 6054
      2 6056
      1 6057
      2 6058
      1 6059
      1 6060
      1 6064
      3 6065
      2 6066
      2 6067
      1 6068
      1 6071
      1 6074
      1 6076
      1 6077
      3 6078
      1 6079
      2 6080
      1 6081
      1 6082
      1 6084
      1 6085
      1 6086
      1 6090
      1 6095
      1 6096
      2 6097
      1 6101
      1 6104
      1 6105
      1 6107
      3 6109
      1 6110
      2 6115
      1 6118
      1 6121
      1 6122
      1 6123
      1 6125
      1 6127
      1 6128
      1 6129
      1 6136
      1 6138
      1 6141
      1 6142
      2 6150
      1 6151
      1 6153
      1 6154
      1 6156
      1 6157
      1 6158
      1 6159
      1 6164
      1 6167
      2 6169
      1 6170
      1 6173
      1 6174
      1 6179
      1 6181
      1 6185
      1 6188
      2 6196
      1 6198
      1 6201
      1 6205
      1 6210
      1 6215
      1 6216
      1 6221
      1 6224
      1 6228
      1 6230
      1 6235
      1 6236
      2 6239
      2 6242
      1 6243
      1 6246
      1 6249
      2 6251
      2 6254
      1 6257
      1 6258
      3 6259
      1 6264
      1 6269
      1 6270
      1 6274
      1 6276
      1 6278
      1 6280
      1 6282
      1 6285
      1 6294
      1 6295
      1 6297
      1 6301
      1 6303
      2 6307
      1 6308
      1 6312
      1 6313
      2 6315
      1 6318
      2 6319
      3 6320
      1 6322
      1 6324
      1 6325
      2 6333
      1 6341
      3 6344
      1 6345
      1 6348
      2 6349
      2 6357
      4 6360
      1 6364
      1 6365
      1 6369
      1 6370
      2 6375
      1 6376
      1 6390
      1 6391
      1 6395
      1 6396
      1 6400
      1 6402
      1 6404
      1 6406
      2 6412
      1 6420
      1 6423
      2 6428
      1 6429
      1 6430
      1 6431
      1 6436
      1 6447
      1 6451
      1 6454
      1 6463
      1 6471
      1 6472
      1 6473
      1 6474
      2 6475
      1 6478
      1 6480
      1 6485
      1 6486
      1 6488
      1 6494
      2 6499
      1 6506
      2 6509
      1 6519
      1 6520
      1 6524
      1 6533
      1 6535
      1 6537
      1 6543
      1 6544
      1 6545
      1 6546
      1 6554
      1 6555
      1 6559
      1 6561
      1 6563
      1 6565
      1 6570
      1 6571
      1 6579
      1 6580
      2 6582
      1 6585
      1 6589
      1 6596
      3 6608
      1 6611
      1 6612
      1 6614
      2 6619
      1 6625
      1 6626
      1 6628
      1 6631
      1 6634
      2 6644
      1 6646
      1 6649
      1 6653
      1 6660
      1 6663
      1 6665
      1 6666
      1 6667
      1 6669
      1 6674
      1 6675
      1 6677
      1 6678
      1 6679
      3 6680
      1 6683
      1 6685
      2 6688
      2 6690
      2 6691
      1 6692
      1 6693
      1 6696
      1 6697
      2 6700
      1 6703
      1 6704
      1 6705
      2 6708
      2 6709
      1 6711
      1 6714
      1 6715
      3 6718
      1 6719
      1 6721
      1 6722
      1 6723
      1 6725
      3 6728
      3 6729
      1 6730
      2 6732
      3 6734
      3 6737
      1 6739
      2 6740
      1 6741
      1 6742
      2 6743
      1 6747
      2 6748
      1 6755
      1 6757
      1 6760
      2 6770
      1 6773
      1 6774
      1 6782
      1 6783
      1 6785
      1 6787
      1 6796
      1 6802
      1 6803
      2 6805
      1 6823
      1 6831
      1 6833
      1 6836
      2 6839
      1 6841
      1 6842
      1 6847
      1 6853
      1 6858
      2 6860
      1 6861
      1 6862
      1 6865
      1 6867
      1 6872
      1 6875
      2 6894
      1 6895
      1 6900
      1 6902
      1 6906
      1 6910
      1 6915
      2 6916
      1 6919
      1 6920
      2 6925
      1 6928
      3 6929
      2 6930
      1 6933
      2 6937
      1 6952
      1 6954
      1 6959
      1 6961
      1 6964
      1 6966
      2 6968
      1 6970
      1 6971
      1 6976
      1 6984
      1 6986
      1 6990
      1 6993
      1 7002
      1 7006
      1 7008
      1 7009
      2 7013
      1 7016
      1 7017
      1 7018
      1 7019
      1 7031
      1 7033
      1 7034
      2 7042
      1 7043
      1 7046
      1 7047
      1 7048
      1 7052
      1 7053
      1 7056
      1 7061
      1 7063
      2 7064
      1 7068
      1 7070
      1 7072
      2 7073
      1 7083
      1 7087
      1 7089
      1 7090
      1 7098
      2 7102
      1 7103
      1 7104
      2 7105
      1 7106
      1 7108
      1 7109
      1 7118
      1 7127
      1 7138
      1 7141
      1 7142
      1 7144
      1 7145
      1 7150
      1 7151
      1 7155
      1 7160
      1 7161
      1 7169
      1 7170
      2 7175
      1 7179
      1 7184
      1 7185
      1 7186
      1 7190
      1 7191
      1 7192
      1 7195
      1 7200
      1 7202
      2 7205
      1 7206
      1 7211
      1 7215
      1 7223
      1 7226
      1 7234
      1 7235
      1 7242
      3 7250
      1 7260
      2 7261
      1 7264
      1 7272
      1 7277
      2 7283
      1 7288
      1 7293
      1 7297
      1 7304
      1 7307
      1 7309
      2 7311
      1 7319
      2 7331
      1 7332
      2 7334
      1 7339
      1 7350
      1 7353
      1 7356
      1 7368
      1 7372
      1 7376
      1 7378
      1 7381
      2 7382
      1 7384
      1 7385
      1 7386
      2 7389
      1 7392
      1 7397
      1 7402
      1 7408
      1 7413
      1 7414
      1 7417
      1 7429
      1 7431
      1 7435
      1 7438
      1 7444
      4 7446
      1 7453
      1 7456
      1 7461
      1 7462
      1 7464
      1 7465
      1 7467
      1 7469
      1 7473
      1 7475
      1 7480
      1 7481
      2 7486
      1 7487
      1 7488
      1 7490
      1 7495
      1 7496
      1 7500
      1 7501
      1 7505
      1 7508
      1 7512
      1 7513
      1 7515
      1 7520
      2 7523
      2 7526
      1 7529
      1 7531
      1 7533
      1 7535
      1 7537
      1 7538
      2 7539
      1 7540
      1 7541
      1 7544
      1 7546
      1 7549
      1 7550
      1 7553
      1 7556
      2 7562
      1 7567
      1 7569
      1 7570
      1 7572
      2 7575
      1 7579
      2 7581
      1 7582
      1 7583
      1 7584
      2 7586
      1 7587
      1 7591
      1 7593
      1 7594
      2 7595
      1 7597
      1 7599
      2 7600
      2 7601
      1 7602
      1 7603
      1 7605
      1 7607
      1 7609
      1 7610
      1 7611
      1 7612
      2 7619
      1 7620
      2 7621
      1 7624
      2 7630
      1 7632
      1 7633
      1 7634
      1 7635
      1 7637
      1 7638
      1 7639
      1 7642
      1 7650
      1 7653
      2 7658
      1 7659
      1 7660
      1 7661
      1 7662
      1 7664
      2 7665
      1 7667
      1 7668
      1 7672
      1 7673
      1 7677
      1 7679
      1 7683
      1 7688
      1 7690
      2 7692
      1 7693
      1 7695
      2 7696
      1 7700
      1 7701
      1 7703
      1 7709
      1 7713
      1 7714
      2 7716
      1 7719
      2 7720
      2 7722
      1 7728
      2 7729
      2 7732
      1 7733
      1 7734
      1 7736
      1 7738
      1 7739
      1 7740
      1 7742
      1 7748
      2 7754
      1 7755
      1 7758
      1 7759
      2 7765
      1 7767
      1 7770
      1 7771
      1 7775
      1 7777
      2 7781
      1 7783
      1 7787
      1 7788
      1 7792
      1 7794
      1 7796
      1 7797
      2 7799
      1 7803
      1 7804
      1 7805
      3 7806
      3 7808
      1 7816
      2 7818
      1 7823
      1 7824
      1 7826
      1 7829
      2 7830
      1 7832
      1 7833
      1 7835
      1 7836
      1 7837
      1 7840
      2 7841
      1 7842
      1 7844
      2 7845
      1 7846
      2 7847
      1 7848
      1 7849
      2 7850
      2 7851
      1 7852
      1 7853
      3 7854
      1 7855
      1 7856
      1 7857
      2 7858
      1 7859
      1 7860
      2 7861
      1 7862
      1 7863
      1 7864
      2 7865
      3 7866
      3 7867
      3 7868
      4 7869
      2 7870
      5 7871
      4 7872
      4 7873
      1 7874
      8 7875
      1 7877
      5 7879
      1 7880
      4 7881
      8 7882
      4 7883
      2 7884
      6 7885
      8 7886
      3 7887
      7 7888
      9 7889
      6 7890
      9 7891
     10 7892
      8 7893
      5 7894
     10 7895
      3 7896
      2 7897
      4 7898
      6 7899
      3 7900
      4 7901
      4 7902
      6 7903
      9 7904
      1 7905
      2 7906
      2 7907
      4 7908
      4 7909
      4 7910
      5 7911
      3 7912
      5 7913
      5 7914
      9 7915
      5 7916
      8 7917
      7 7918
      1 7919
      6 7920
      5 7921
      5 7922
      2 7924
      7 7925
      1 7926
      2 7927
      4 7928
      2 7929
      2 7930
      1 7932
      3 7933
      1 7934
      1 7936
      1 7937
      2 7938
      1 7939
      3 7940
      3 7941
      1 7945
      1 7948
      2 7949
      3 7952
      2 7953
      2 7954
      2 7955
      1 7957
      2 7959
      1 7961
      3 7962
      1 7963
      3 7965
      2 7968
      1 7969
      1 7971
      2 7974
      2 7976
      2 7977
      1 7978
      1 7980
      1 7984
      1 7990
      1 7991
      1 7996
      2 7997
      5 7998
