 213276 0
192929765 1
302526075 2
385176238 3
419072071 4
400298362 5
341672446 6
264059988 7
186865515 8
122453982 9
74940780 10
43308219 11
23914992 12
12807500 13
6801301 14
3688620 15
2112081 16
1319501 17
 905200 18
 674486 19
 534631 20
 442287 21
 374609 22
 322631 23
 284413 24
 252054 25
 222012 26
 198278 27
 178433 28
 162687 29
 146925 30
 133799 31
 124272 32
 115012 33
 106675 34
  97100 35
  89821 36
  84430 37
  78417 38
  73391 39
  68257 40
  64639 41
  60916 42
  57731 43
  54061 44
  51219 45
  49594 46
  47016 47
  45368 48
  43450 49
  41235 50
  39484 51
  37916 52
  36484 53
  35342 54
  34620 55
  33845 56
  32592 57
  31450 58
  30908 59
  30230 60
  28890 61
  28128 62
  27264 63
  26408 64
  25753 65
  25055 66
  24573 67
  24308 68
  23332 69
  22538 70
  22171 71
  21917 72
  21312 73
  20370 74
  20101 75
  19727 76
  19496 77
  19056 78
  18641 79
  17804 80
  17300 81
  17291 82
  16448 83
  16172 84
  16014 85
  15296 86
  14961 87
  14452 88
  14195 89
  14118 90
  13586 91
  13436 92
  13194 93
  12985 94
  12738 95
  12558 96
  12546 97
  12246 98
  12134 99
  11916 100
  11346 101
  11552 102
  10894 103
  10863 104
  10375 105
  10396 106
   9945 107
   9955 108
   9904 109
   9852 110
   9417 111
   9311 112
   8916 113
   8952 114
   8813 115
   8441 116
   8458 117
   8532 118
   8071 119
   8016 120
   7861 121
   7675 122
   7568 123
   7342 124
   7460 125
   7446 126
   7210 127
   6985 128
   7026 129
   6755 130
   6688 131
   6624 132
   6586 133
   6497 134
   6499 135
   6343 136
   6246 137
   6244 138
   6303 139
   6306 140
   6012 141
   6048 142
   5885 143
   5840 144
   5627 145
   5636 146
   5578 147
   5379 148
   5264 149
   5283 150
   5170 151
   5077 152
   5012 153
   4930 154
   4803 155
   4723 156
   4770 157
   4674 158
   4625 159
   4446 160
   4559 161
   4441 162
   4524 163
   4408 164
   4391 165
   4224 166
   4312 167
   4197 168
   4171 169
   4147 170
   4077 171
   3996 172
   4063 173
   3969 174
   3788 175
   3875 176
   3777 177
   3635 178
   3635 179
   3664 180
   3529 181
   3416 182
   3388 183
   3451 184
   3532 185
   3454 186
   3296 187
   3400 188
   3305 189
   3244 190
   3194 191
   3162 192
   3064 193
   3151 194
   3083 195
   3136 196
   3038 197
   3106 198
   2973 199
   2969 200
   2910 201
   2864 202
   2828 203
   2935 204
   2871 205
   2775 206
   2789 207
   2733 208
   2710 209
   2637 210
   2618 211
   2640 212
   2661 213
   2564 214
   2627 215
   2610 216
   2571 217
   2555 218
   2529 219
   2446 220
   2568 221
   2434 222
   2440 223
   2397 224
   2349 225
   2354 226
   2381 227
   2395 228
   2380 229
   2315 230
   2341 231
   2219 232
   2252 233
   2248 234
   2251 235
   2164 236
   2130 237
   2127 238
   2122 239
   2072 240
   2257 241
   2155 242
   2036 243
   2071 244
   2056 245
   2125 246
   1928 247
   2001 248
   2005 249
   1966 250
   2014 251
   1899 252
   1889 253
   1922 254
   1916 255
   1931 256
   1887 257
   1801 258
   1831 259
   1978 260
   1773 261
   1860 262
   1849 263
   1800 264
   1819 265
   1825 266
   1770 267
   1621 268
   1671 269
   1644 270
   1675 271
   1678 272
   1569 273
   1614 274
   1624 275
   1602 276
   1584 277
   1534 278
   1537 279
   1602 280
   1541 281
   1656 282
   1465 283
   1533 284
   1632 285
   1478 286
   1609 287
   1510 288
   1480 289
   1518 290
   1547 291
   1582 292
   1516 293
   1480 294
   1474 295
   1412 296
   1409 297
   1432 298
   1425 299
   1426 300
   1404 301
   1245 302
   1398 303
   1326 304
   1410 305
   1305 306
   1308 307
   1331 308
   1365 309
   1330 310
   1322 311
   1381 312
   1302 313
   1330 314
   1313 315
   1237 316
   1319 317
   1232 318
   1247 319
   1262 320
   1311 321
   1277 322
   1247 323
   1216 324
   1156 325
   1222 326
   1168 327
   1183 328
   1207 329
   1189 330
   1115 331
   1173 332
   1131 333
   1203 334
   1219 335
   1178 336
   1263 337
   1138 338
   1064 339
   1138 340
   1140 341
   1154 342
   1151 343
   1180 344
   1141 345
   1166 346
   1147 347
   1065 348
   1138 349
   1069 350
   1156 351
   1026 352
   1060 353
   1018 354
   1042 355
   1118 356
   1093 357
   1017 358
   1045 359
   1128 360
   1049 361
   1054 362
   1053 363
    992 364
   1023 365
   1012 366
   1049 367
   1016 368
   1003 369
   1039 370
   1021 371
    994 372
   1069 373
    994 374
    925 375
    988 376
    984 377
    924 378
    934 379
   1006 380
    954 381
    936 382
    988 383
    944 384
    967 385
    930 386
    965 387
    933 388
    990 389
    982 390
    948 391
    916 392
    896 393
    900 394
    874 395
    919 396
    876 397
    899 398
    896 399
    876 400
    872 401
    930 402
    836 403
    875 404
    888 405
    882 406
    856 407
    843 408
    858 409
    896 410
    849 411
    885 412
    823 413
    866 414
    841 415
    836 416
    862 417
    853 418
    814 419
    835 420
    873 421
    874 422
    827 423
    877 424
    848 425
    817 426
    791 427
    806 428
    786 429
    822 430
    839 431
    765 432
    762 433
    772 434
    731 435
    767 436
    781 437
    770 438
    788 439
    742 440
    750 441
    766 442
    728 443
    733 444
    766 445
    780 446
    806 447
    775 448
    715 449
    685 450
    755 451
    705 452
    720 453
    734 454
    729 455
    703 456
    710 457
    727 458
    695 459
    696 460
    665 461
    658 462
    691 463
    692 464
    666 465
    642 466
    704 467
    664 468
    666 469
    665 470
    704 471
    612 472
    696 473
    662 474
    639 475
    664 476
    675 477
    633 478
    631 479
    643 480
    637 481
    668 482
    607 483
    668 484
    650 485
    661 486
    638 487
    681 488
    624 489
    635 490
    614 491
    608 492
    624 493
    574 494
    668 495
    640 496
    575 497
    605 498
    570 499
    625 500
    626 501
    631 502
    557 503
    584 504
    592 505
    573 506
    539 507
    586 508
    605 509
    549 510
    574 511
    551 512
    592 513
    563 514
    550 515
    522 516
    625 517
    566 518
    615 519
    541 520
    607 521
    581 522
    552 523
    578 524
    570 525
    531 526
    563 527
    551 528
    536 529
    535 530
    552 531
    535 532
    567 533
    545 534
    564 535
    539 536
    519 537
    542 538
    494 539
    526 540
    550 541
    530 542
    537 543
    534 544
    493 545
    504 546
    528 547
    525 548
    509 549
    476 550
    488 551
    492 552
    476 553
    510 554
    521 555
    477 556
    514 557
    498 558
    485 559
    469 560
    434 561
    495 562
    495 563
    491 564
    482 565
    468 566
    470 567
    502 568
    510 569
    522 570
    496 571
    448 572
    461 573
    460 574
    471 575
    474 576
    471 577
    465 578
    478 579
    453 580
    501 581
    425 582
    503 583
    489 584
    469 585
    472 586
    456 587
    405 588
    477 589
    442 590
    461 591
    438 592
    417 593
    408 594
    420 595
    412 596
    421 597
    419 598
    403 599
    422 600
    409 601
    462 602
    450 603
    406 604
    441 605
    410 606
    420 607
    436 608
    434 609
    354 610
    379 611
    415 612
    376 613
    398 614
    399 615
    374 616
    439 617
    411 618
    408 619
    421 620
    396 621
    438 622
    471 623
    413 624
    395 625
    378 626
    431 627
    428 628
    428 629
    396 630
    424 631
    425 632
    419 633
    405 634
    392 635
    370 636
    381 637
    366 638
    396 639
    427 640
    363 641
    415 642
    402 643
    377 644
    373 645
    411 646
    401 647
    397 648
    390 649
    384 650
    380 651
    352 652
    368 653
    362 654
    366 655
    355 656
    342 657
    347 658
    348 659
    381 660
    351 661
    365 662
    391 663
    399 664
    342 665
    358 666
    390 667
    385 668
    362 669
    339 670
    365 671
    390 672
    373 673
    372 674
    390 675
    356 676
    359 677
    365 678
    361 679
    357 680
    381 681
    353 682
    380 683
    395 684
    383 685
    381 686
    347 687
    415 688
    403 689
    396 690
    390 691
    386 692
    348 693
    357 694
    356 695
    388 696
    386 697
    362 698
    378 699
    392 700
    345 701
    378 702
    378 703
    377 704
    354 705
    335 706
    372 707
    370 708
    435 709
    359 710
    377 711
    355 712
    345 713
    352 714
    333 715
    342 716
    349 717
    355 718
    338 719
    348 720
    336 721
    350 722
    336 723
    335 724
    328 725
    359 726
    327 727
    342 728
    340 729
    328 730
    359 731
    332 732
    329 733
    351 734
    349 735
    371 736
    334 737
    372 738
    299 739
    307 740
    368 741
    308 742
    311 743
    367 744
    377 745
    351 746
    332 747
    353 748
    369 749
    314 750
    339 751
    307 752
    364 753
    320 754
    335 755
    344 756
    375 757
    325 758
    322 759
    330 760
    300 761
    353 762
    325 763
    313 764
    307 765
    304 766
    303 767
    326 768
    323 769
    337 770
    300 771
    328 772
    322 773
    301 774
    333 775
    264 776
    300 777
    314 778
    287 779
    313 780
    316 781
    326 782
    325 783
    336 784
    309 785
    348 786
    314 787
    329 788
    348 789
    328 790
    326 791
    319 792
    324 793
    269 794
    320 795
    299 796
    325 797
    321 798
    325 799
    278 800
    318 801
    277 802
    300 803
    301 804
    319 805
    310 806
    291 807
    318 808
    296 809
    280 810
    297 811
    243 812
    293 813
    294 814
    264 815
    286 816
    280 817
    287 818
    263 819
    289 820
    283 821
    300 822
    281 823
    265 824
    284 825
    265 826
    266 827
    278 828
    304 829
    245 830
    284 831
    303 832
    274 833
    260 834
    300 835
    263 836
    267 837
    283 838
    304 839
    253 840
    296 841
    273 842
    272 843
    262 844
    255 845
    288 846
    269 847
    287 848
    270 849
    268 850
    266 851
    255 852
    283 853
    304 854
    276 855
    256 856
    324 857
    279 858
    302 859
    291 860
    285 861
    277 862
    262 863
    260 864
    245 865
    276 866
    293 867
    269 868
    292 869
    268 870
    277 871
    267 872
    286 873
    273 874
    250 875
    277 876
    270 877
    245 878
    273 879
    280 880
    255 881
    283 882
    270 883
    290 884
    284 885
    257 886
    271 887
    277 888
    269 889
    276 890
    264 891
    255 892
    255 893
    233 894
    258 895
    248 896
    261 897
    254 898
    240 899
    264 900
    242 901
    247 902
    257 903
    264 904
    216 905
    304 906
    289 907
    272 908
    257 909
    241 910
    231 911
    260 912
    283 913
    217 914
    273 915
    250 916
    270 917
    249 918
    227 919
    291 920
    256 921
    243 922
    226 923
    243 924
    259 925
    281 926
    261 927
    271 928
    215 929
    237 930
    253 931
    210 932
    247 933
    239 934
    225 935
    231 936
    243 937
    233 938
    232 939
    226 940
    250 941
    223 942
    238 943
    221 944
    236 945
    245 946
    239 947
    228 948
    254 949
    238 950
    242 951
    219 952
    227 953
    212 954
    208 955
    228 956
    230 957
    237 958
    232 959
    253 960
    227 961
    227 962
    233 963
    229 964
    219 965
    214 966
    215 967
    233 968
    214 969
    190 970
    218 971
    246 972
    222 973
    211 974
    238 975
    235 976
    230 977
    244 978
    268 979
    215 980
    224 981
    196 982
    226 983
    205 984
    227 985
    223 986
    229 987
    212 988
    215 989
    212 990
    204 991
    210 992
    218 993
    218 994
    208 995
    214 996
    177 997
    230 998
    205 999
    200 1000
    202 1001
    206 1002
    212 1003
    226 1004
    205 1005
    202 1006
    182 1007
    212 1008
    211 1009
    211 1010
    195 1011
    223 1012
    219 1013
    208 1014
    225 1015
    228 1016
    215 1017
    222 1018
    215 1019
    204 1020
    221 1021
    216 1022
    204 1023
    233 1024
    192 1025
    215 1026
    232 1027
    201 1028
    202 1029
    188 1030
    218 1031
    210 1032
    217 1033
    206 1034
    216 1035
    198 1036
    217 1037
    206 1038
    177 1039
    202 1040
    186 1041
    197 1042
    218 1043
    185 1044
    220 1045
    202 1046
    215 1047
    189 1048
    182 1049
    165 1050
    196 1051
    198 1052
    221 1053
    207 1054
    233 1055
    197 1056
    196 1057
    183 1058
    209 1059
    189 1060
    180 1061
    180 1062
    198 1063
    191 1064
    191 1065
    207 1066
    209 1067
    215 1068
    211 1069
    197 1070
    221 1071
    173 1072
    207 1073
    189 1074
    215 1075
    177 1076
    215 1077
    208 1078
    216 1079
    189 1080
    186 1081
    193 1082
    229 1083
    203 1084
    201 1085
    214 1086
    210 1087
    197 1088
    169 1089
    196 1090
    183 1091
    180 1092
    197 1093
    204 1094
    186 1095
    210 1096
    214 1097
    225 1098
    181 1099
    222 1100
    204 1101
    193 1102
    206 1103
    198 1104
    201 1105
    201 1106
    176 1107
    203 1108
    202 1109
    219 1110
    195 1111
    168 1112
    183 1113
    195 1114
    207 1115
    195 1116
    173 1117
    188 1118
    208 1119
    175 1120
    176 1121
    196 1122
    200 1123
    202 1124
    184 1125
    191 1126
    195 1127
    199 1128
    190 1129
    203 1130
    183 1131
    166 1132
    219 1133
    187 1134
    195 1135
    165 1136
    171 1137
    189 1138
    193 1139
    189 1140
    215 1141
    154 1142
    176 1143
    188 1144
    187 1145
    200 1146
    179 1147
    189 1148
    164 1149
    193 1150
    160 1151
    176 1152
    189 1153
    162 1154
    183 1155
    177 1156
    162 1157
    187 1158
    181 1159
    173 1160
    166 1161
    181 1162
    188 1163
    171 1164
    153 1165
    181 1166
    183 1167
    152 1168
    174 1169
    176 1170
    163 1171
    139 1172
    162 1173
    154 1174
    164 1175
    156 1176
    156 1177
    147 1178
    175 1179
    163 1180
    171 1181
    170 1182
    176 1183
    175 1184
    169 1185
    173 1186
    189 1187
    152 1188
    146 1189
    171 1190
    179 1191
    168 1192
    173 1193
    163 1194
    179 1195
    177 1196
    156 1197
    169 1198
    170 1199
    171 1200
    174 1201
    170 1202
    146 1203
    167 1204
    156 1205
    175 1206
    172 1207
    142 1208
    168 1209
    165 1210
    144 1211
    145 1212
    173 1213
    168 1214
    128 1215
    151 1216
    152 1217
    136 1218
    152 1219
    157 1220
    154 1221
    157 1222
    149 1223
    155 1224
    145 1225
    142 1226
    142 1227
    143 1228
    170 1229
    157 1230
    150 1231
    126 1232
    138 1233
    149 1234
    148 1235
    133 1236
    134 1237
    145 1238
    142 1239
    143 1240
    160 1241
    127 1242
    157 1243
    132 1244
    170 1245
    155 1246
    153 1247
    162 1248
    130 1249
    133 1250
    137 1251
    157 1252
    120 1253
    128 1254
    140 1255
    119 1256
    141 1257
    119 1258
    136 1259
    130 1260
    148 1261
    134 1262
    139 1263
    123 1264
    158 1265
    131 1266
    142 1267
    131 1268
    116 1269
    133 1270
    130 1271
    157 1272
    150 1273
    140 1274
    113 1275
    132 1276
    143 1277
    115 1278
    147 1279
    143 1280
    132 1281
    116 1282
    130 1283
    142 1284
    137 1285
    162 1286
    137 1287
    125 1288
    135 1289
    144 1290
    131 1291
    117 1292
    132 1293
    127 1294
    136 1295
    134 1296
    128 1297
    144 1298
    138 1299
    130 1300
    121 1301
    125 1302
    119 1303
    145 1304
    138 1305
    119 1306
    120 1307
    119 1308
    138 1309
    110 1310
     99 1311
    127 1312
    132 1313
    113 1314
    108 1315
    125 1316
    124 1317
    111 1318
    125 1319
    128 1320
    146 1321
    118 1322
    126 1323
    124 1324
    119 1325
    114 1326
    116 1327
    142 1328
    136 1329
    126 1330
    141 1331
    136 1332
    120 1333
    129 1334
    110 1335
    118 1336
    124 1337
    124 1338
    122 1339
    135 1340
    102 1341
    118 1342
     99 1343
    139 1344
    130 1345
    115 1346
    102 1347
    130 1348
    119 1349
    121 1350
    134 1351
    121 1352
     97 1353
    113 1354
    107 1355
    121 1356
    112 1357
     91 1358
    120 1359
     98 1360
    104 1361
    112 1362
    117 1363
    113 1364
    134 1365
    135 1366
    123 1367
     96 1368
    119 1369
    120 1370
    112 1371
    108 1372
    114 1373
    115 1374
    115 1375
    112 1376
     98 1377
     99 1378
    131 1379
    109 1380
    104 1381
    100 1382
    123 1383
    121 1384
    113 1385
    108 1386
    104 1387
    111 1388
    103 1389
    107 1390
    109 1391
    110 1392
    107 1393
    107 1394
    109 1395
     94 1396
    110 1397
    111 1398
    110 1399
    104 1400
     98 1401
    115 1402
     88 1403
    105 1404
    129 1405
     93 1406
    109 1407
    101 1408
    112 1409
     97 1410
    114 1411
    114 1412
    105 1413
    100 1414
     85 1415
     85 1416
    113 1417
    117 1418
    113 1419
     99 1420
    104 1421
    106 1422
    103 1423
    106 1424
     93 1425
    128 1426
    111 1427
    108 1428
    126 1429
    103 1430
     85 1431
     87 1432
    113 1433
     92 1434
    100 1435
    109 1436
    111 1437
    100 1438
    110 1439
    107 1440
     97 1441
     87 1442
    104 1443
    107 1444
     95 1445
    104 1446
     87 1447
     94 1448
    122 1449
     93 1450
    107 1451
     86 1452
     74 1453
    105 1454
    102 1455
    113 1456
     83 1457
     90 1458
    101 1459
    108 1460
     99 1461
     83 1462
    128 1463
     87 1464
     90 1465
    103 1466
     90 1467
    108 1468
    100 1469
     87 1470
     80 1471
    104 1472
     98 1473
     92 1474
     88 1475
     82 1476
     91 1477
     95 1478
     83 1479
     73 1480
     89 1481
     84 1482
     94 1483
     84 1484
     94 1485
     70 1486
     86 1487
     90 1488
     76 1489
     86 1490
     84 1491
    103 1492
    116 1493
    102 1494
     96 1495
     89 1496
     89 1497
     96 1498
     84 1499
     76 1500
    107 1501
     92 1502
     95 1503
     94 1504
     72 1505
     91 1506
     75 1507
     87 1508
     94 1509
     74 1510
    100 1511
     98 1512
     95 1513
     86 1514
     96 1515
     86 1516
     80 1517
     77 1518
     78 1519
     96 1520
     68 1521
     80 1522
     79 1523
     98 1524
    102 1525
     85 1526
     77 1527
     87 1528
     95 1529
     81 1530
     65 1531
     89 1532
     97 1533
     83 1534
    103 1535
     86 1536
     79 1537
     99 1538
     89 1539
     73 1540
     77 1541
     76 1542
     88 1543
     84 1544
     71 1545
     84 1546
     95 1547
     73 1548
     68 1549
     72 1550
     76 1551
     82 1552
     60 1553
     70 1554
     68 1555
     89 1556
     85 1557
     90 1558
     76 1559
     77 1560
     67 1561
     83 1562
     78 1563
     83 1564
     82 1565
     76 1566
     69 1567
     72 1568
     67 1569
     63 1570
     73 1571
     61 1572
     56 1573
     89 1574
     83 1575
     78 1576
     75 1577
     76 1578
     74 1579
     99 1580
     81 1581
     79 1582
     84 1583
     80 1584
     75 1585
     83 1586
     77 1587
     73 1588
     80 1589
     90 1590
     58 1591
     72 1592
     79 1593
     72 1594
     62 1595
     76 1596
     77 1597
     90 1598
     81 1599
     75 1600
     92 1601
     85 1602
     89 1603
     96 1604
     65 1605
     79 1606
     76 1607
    100 1608
     73 1609
     78 1610
     73 1611
     99 1612
     80 1613
     73 1614
     80 1615
     75 1616
     82 1617
     67 1618
     65 1619
     75 1620
     69 1621
     71 1622
     69 1623
     88 1624
     61 1625
     85 1626
     62 1627
     65 1628
     63 1629
     58 1630
     63 1631
     70 1632
     72 1633
     66 1634
     52 1635
     78 1636
     68 1637
     49 1638
     80 1639
     64 1640
     63 1641
     72 1642
     66 1643
     62 1644
     70 1645
     55 1646
     67 1647
     72 1648
     70 1649
     66 1650
     61 1651
     59 1652
     61 1653
     65 1654
     65 1655
     85 1656
     62 1657
     66 1658
     65 1659
     60 1660
     69 1661
     76 1662
     71 1663
     70 1664
     81 1665
     59 1666
     66 1667
     67 1668
     58 1669
     67 1670
     57 1671
     75 1672
     60 1673
     47 1674
     66 1675
     49 1676
     63 1677
     63 1678
     63 1679
     60 1680
     77 1681
     44 1682
     63 1683
     60 1684
     71 1685
     64 1686
     63 1687
     62 1688
     60 1689
     78 1690
     72 1691
     61 1692
     64 1693
     71 1694
     53 1695
     72 1696
     57 1697
     69 1698
     51 1699
     58 1700
     51 1701
     57 1702
     53 1703
     57 1704
     65 1705
     58 1706
     60 1707
     64 1708
     70 1709
     63 1710
     54 1711
     58 1712
     51 1713
     76 1714
     55 1715
     61 1716
     49 1717
     48 1718
     61 1719
     46 1720
     59 1721
     56 1722
     42 1723
     66 1724
     60 1725
     63 1726
     56 1727
     69 1728
     50 1729
     65 1730
     61 1731
     66 1732
     57 1733
     66 1734
     54 1735
     45 1736
     38 1737
     66 1738
     62 1739
     51 1740
     59 1741
     59 1742
     57 1743
     51 1744
     43 1745
     51 1746
     51 1747
     65 1748
     49 1749
     63 1750
     50 1751
     59 1752
     55 1753
     55 1754
     52 1755
     55 1756
     54 1757
     46 1758
     51 1759
     57 1760
     56 1761
     55 1762
     46 1763
     61 1764
     49 1765
     42 1766
     60 1767
     48 1768
     43 1769
     41 1770
     46 1771
     47 1772
     56 1773
     67 1774
     47 1775
     47 1776
     42 1777
     42 1778
     52 1779
     56 1780
     59 1781
     49 1782
     54 1783
     59 1784
     35 1785
     48 1786
     62 1787
     59 1788
     63 1789
     45 1790
     48 1791
     56 1792
     52 1793
     59 1794
     40 1795
     53 1796
     50 1797
     56 1798
     46 1799
     52 1800
     49 1801
     52 1802
     41 1803
     48 1804
     50 1805
     51 1806
     53 1807
     33 1808
     47 1809
     51 1810
     53 1811
     73 1812
     49 1813
     46 1814
     49 1815
     42 1816
     43 1817
     35 1818
     48 1819
     43 1820
     51 1821
     41 1822
     58 1823
     51 1824
     33 1825
     38 1826
     39 1827
     41 1828
     47 1829
     43 1830
     56 1831
     40 1832
     45 1833
     45 1834
     45 1835
     41 1836
     51 1837
     46 1838
     46 1839
     39 1840
     30 1841
     46 1842
     49 1843
     44 1844
     49 1845
     40 1846
     43 1847
     50 1848
     34 1849
     40 1850
     41 1851
     44 1852
     47 1853
     50 1854
     45 1855
     51 1856
     41 1857
     43 1858
     40 1859
     43 1860
     48 1861
     42 1862
     43 1863
     35 1864
     48 1865
     46 1866
     58 1867
     37 1868
     39 1869
     45 1870
     42 1871
     44 1872
     26 1873
     40 1874
     52 1875
     64 1876
     39 1877
     38 1878
     55 1879
     41 1880
     48 1881
     35 1882
     42 1883
     55 1884
     33 1885
     33 1886
     45 1887
     41 1888
     45 1889
     44 1890
     35 1891
     40 1892
     39 1893
     45 1894
     43 1895
     45 1896
     38 1897
     38 1898
     36 1899
     37 1900
     41 1901
     30 1902
     33 1903
     31 1904
     37 1905
     37 1906
     23 1907
     42 1908
     31 1909
     23 1910
     28 1911
     42 1912
     45 1913
     37 1914
     32 1915
     33 1916
     30 1917
     36 1918
     39 1919
     41 1920
     42 1921
     47 1922
     53 1923
     35 1924
     45 1925
     43 1926
     49 1927
     38 1928
     37 1929
     52 1930
     30 1931
     27 1932
     41 1933
     41 1934
     41 1935
     41 1936
     30 1937
     31 1938
     40 1939
     28 1940
     34 1941
     30 1942
     36 1943
     39 1944
     44 1945
     31 1946
     30 1947
     32 1948
     25 1949
     30 1950
     41 1951
     42 1952
     29 1953
     32 1954
     42 1955
     34 1956
     42 1957
     44 1958
     40 1959
     37 1960
     31 1961
     32 1962
     32 1963
     38 1964
     33 1965
     33 1966
     42 1967
     36 1968
     42 1969
     39 1970
     27 1971
     33 1972
     31 1973
     34 1974
     33 1975
     35 1976
     37 1977
     27 1978
     29 1979
     34 1980
     40 1981
     47 1982
     35 1983
     32 1984
     35 1985
     27 1986
     38 1987
     34 1988
     38 1989
     31 1990
     35 1991
     36 1992
     36 1993
     15 1994
     42 1995
     33 1996
     30 1997
     30 1998
     38 1999
     31 2000
     32 2001
     27 2002
     40 2003
     46 2004
     30 2005
     29 2006
     32 2007
     40 2008
     25 2009
     33 2010
     36 2011
     28 2012
     24 2013
     27 2014
     33 2015
     31 2016
     25 2017
     34 2018
     40 2019
     24 2020
     30 2021
     26 2022
     31 2023
     29 2024
     35 2025
     37 2026
     34 2027
     32 2028
     31 2029
     40 2030
     30 2031
     21 2032
     31 2033
     35 2034
     29 2035
     32 2036
     37 2037
     38 2038
     32 2039
     28 2040
     37 2041
     43 2042
     36 2043
     31 2044
     31 2045
     34 2046
     24 2047
     33 2048
     16 2049
     31 2050
     33 2051
     34 2052
     38 2053
     32 2054
     33 2055
     27 2056
     39 2057
     30 2058
     33 2059
     31 2060
     27 2061
     35 2062
     34 2063
     30 2064
     32 2065
     29 2066
     25 2067
     34 2068
     32 2069
     29 2070
     36 2071
     29 2072
     19 2073
     26 2074
     29 2075
     36 2076
     26 2077
     28 2078
     33 2079
     33 2080
     27 2081
     27 2082
     19 2083
     22 2084
     35 2085
     18 2086
     48 2087
     41 2088
     26 2089
     31 2090
     26 2091
     20 2092
     37 2093
     30 2094
     34 2095
     33 2096
     25 2097
     34 2098
     24 2099
     29 2100
     35 2101
     27 2102
     36 2103
     27 2104
     33 2105
     38 2106
     33 2107
     41 2108
     26 2109
     34 2110
     25 2111
     36 2112
     27 2113
     40 2114
     21 2115
     33 2116
     30 2117
     30 2118
     32 2119
     33 2120
     35 2121
     35 2122
     29 2123
     35 2124
     40 2125
     28 2126
     22 2127
     28 2128
     34 2129
     41 2130
     32 2131
     32 2132
     20 2133
     30 2134
     24 2135
     22 2136
     39 2137
     32 2138
     29 2139
     30 2140
     35 2141
     28 2142
     25 2143
     16 2144
     25 2145
     30 2146
     26 2147
     33 2148
     24 2149
     28 2150
     19 2151
     20 2152
     23 2153
     23 2154
     28 2155
     25 2156
     31 2157
     26 2158
     31 2159
     26 2160
     25 2161
     23 2162
     23 2163
     26 2164
     32 2165
     26 2166
     23 2167
     25 2168
     23 2169
     22 2170
     21 2171
     14 2172
     25 2173
     22 2174
     20 2175
     17 2176
     15 2177
     22 2178
     21 2179
     21 2180
     19 2181
     27 2182
     16 2183
     17 2184
     16 2185
     23 2186
     25 2187
     19 2188
     21 2189
     26 2190
     24 2191
     19 2192
     13 2193
     22 2194
     29 2195
     26 2196
     25 2197
     28 2198
     33 2199
     16 2200
     13 2201
     20 2202
     22 2203
     21 2204
     21 2205
     18 2206
     24 2207
     13 2208
     19 2209
     21 2210
     17 2211
     16 2212
     13 2213
     27 2214
     22 2215
     20 2216
     20 2217
     27 2218
     17 2219
     21 2220
     16 2221
     24 2222
     18 2223
     27 2224
     22 2225
     25 2226
     22 2227
     21 2228
     17 2229
     29 2230
     23 2231
     20 2232
      9 2233
     19 2234
     22 2235
     22 2236
     19 2237
     14 2238
     21 2239
     16 2240
     23 2241
     12 2242
     23 2243
     24 2244
     15 2245
     22 2246
     11 2247
     25 2248
     17 2249
     22 2250
     21 2251
     19 2252
     18 2253
     14 2254
     22 2255
      9 2256
     14 2257
     16 2258
     30 2259
     23 2260
     15 2261
     24 2262
     19 2263
     16 2264
     14 2265
     22 2266
     21 2267
     22 2268
     27 2269
     24 2270
     14 2271
     12 2272
     16 2273
     19 2274
     15 2275
     15 2276
     21 2277
     21 2278
     22 2279
     21 2280
     20 2281
     24 2282
     24 2283
     20 2284
     16 2285
     19 2286
     16 2287
     12 2288
     19 2289
     22 2290
     10 2291
     20 2292
     20 2293
     23 2294
     20 2295
     16 2296
     28 2297
     21 2298
     23 2299
     22 2300
     24 2301
     26 2302
     22 2303
     19 2304
     20 2305
     29 2306
     20 2307
     23 2308
     14 2309
     27 2310
     13 2311
     13 2312
     22 2313
     20 2314
     28 2315
     25 2316
     19 2317
     13 2318
     15 2319
     19 2320
     15 2321
     20 2322
     22 2323
     21 2324
     15 2325
     14 2326
     18 2327
     24 2328
     22 2329
     13 2330
     22 2331
     13 2332
     24 2333
     16 2334
      8 2335
     13 2336
     22 2337
     11 2338
     24 2339
     19 2340
     15 2341
     22 2342
     23 2343
     23 2344
     22 2345
     21 2346
     18 2347
     12 2348
     22 2349
     11 2350
     19 2351
     12 2352
     19 2353
     15 2354
     17 2355
     21 2356
     23 2357
     14 2358
     19 2359
     16 2360
     30 2361
     12 2362
     18 2363
     14 2364
     21 2365
     18 2366
     20 2367
     12 2368
     15 2369
     23 2370
     20 2371
     14 2372
     10 2373
     15 2374
     16 2375
     22 2376
     15 2377
     14 2378
     19 2379
     15 2380
     17 2381
     26 2382
     17 2383
     13 2384
     12 2385
     12 2386
     23 2387
     17 2388
     17 2389
     15 2390
     19 2391
     16 2392
     19 2393
     28 2394
     16 2395
     19 2396
     17 2397
     17 2398
     27 2399
     14 2400
     20 2401
     17 2402
     23 2403
     12 2404
     15 2405
     15 2406
     14 2407
     15 2408
     19 2409
     13 2410
     16 2411
     15 2412
     12 2413
     14 2414
     19 2415
     24 2416
     23 2417
     16 2418
     25 2419
     12 2420
     23 2421
     18 2422
     20 2423
     15 2424
     21 2425
     14 2426
     31 2427
      8 2428
     17 2429
     13 2430
     20 2431
     22 2432
     12 2433
     22 2434
     19 2435
     12 2436
     17 2437
     12 2438
     18 2439
     15 2440
     18 2441
     15 2442
     15 2443
     15 2444
     12 2445
     22 2446
     23 2447
     18 2448
     15 2449
     12 2450
     19 2451
      8 2452
     26 2453
      8 2454
     20 2455
     16 2456
     14 2457
     15 2458
     15 2459
     17 2460
     29 2461
     25 2462
     19 2463
     14 2464
     23 2465
     20 2466
     15 2467
     21 2468
     17 2469
     23 2470
     18 2471
     11 2472
     18 2473
     15 2474
     22 2475
     11 2476
     20 2477
     17 2478
     22 2479
     17 2480
     18 2481
     25 2482
     16 2483
     18 2484
     26 2485
     15 2486
     14 2487
     12 2488
     26 2489
     21 2490
      9 2491
     21 2492
     24 2493
     17 2494
     19 2495
     23 2496
     30 2497
     19 2498
      8 2499
     17 2500
     17 2501
     28 2502
     15 2503
     23 2504
     17 2505
     12 2506
     14 2507
     16 2508
     20 2509
     17 2510
     21 2511
     17 2512
     12 2513
     14 2514
     14 2515
     15 2516
     10 2517
     21 2518
     19 2519
     13 2520
     13 2521
      9 2522
     25 2523
     11 2524
     23 2525
     22 2526
     11 2527
     23 2528
     19 2529
     17 2530
     20 2531
     10 2532
     16 2533
     19 2534
     16 2535
     14 2536
     19 2537
     15 2538
     14 2539
     15 2540
      6 2541
     17 2542
     16 2543
     15 2544
     14 2545
     16 2546
     15 2547
     16 2548
     17 2549
     15 2550
     13 2551
      5 2552
     10 2553
     16 2554
     18 2555
     18 2556
     13 2557
     13 2558
     11 2559
     15 2560
     12 2561
     18 2562
     10 2563
     11 2564
     16 2565
     15 2566
     10 2567
     17 2568
     11 2569
     13 2570
     22 2571
     20 2572
     21 2573
     15 2574
     19 2575
     12 2576
     20 2577
     11 2578
     11 2579
     18 2580
     18 2581
     10 2582
     14 2583
     16 2584
     10 2585
      6 2586
     23 2587
     21 2588
      7 2589
     13 2590
     21 2591
     18 2592
     14 2593
     17 2594
     13 2595
     19 2596
     14 2597
     18 2598
     12 2599
     15 2600
     19 2601
     18 2602
     15 2603
     16 2604
     13 2605
     16 2606
     13 2607
     18 2608
     14 2609
      6 2610
     18 2611
     14 2612
     12 2613
     18 2614
     12 2615
     15 2616
      8 2617
     12 2618
      9 2619
     19 2620
     13 2621
     17 2622
     12 2623
     22 2624
     15 2625
     18 2626
     14 2627
     11 2628
     11 2629
     11 2630
     16 2631
     15 2632
     10 2633
     11 2634
     11 2635
     14 2636
     18 2637
     16 2638
     15 2639
      9 2640
     20 2641
     16 2642
      9 2643
      9 2644
     24 2645
     19 2646
     13 2647
     20 2648
     11 2649
     22 2650
     17 2651
     15 2652
     13 2653
     13 2654
     14 2655
     18 2656
     15 2657
     16 2658
     12 2659
     14 2660
     10 2661
     13 2662
     10 2663
     15 2664
     15 2665
     13 2666
     16 2667
     23 2668
     12 2669
      6 2670
      9 2671
     16 2672
     11 2673
      8 2674
     13 2675
     18 2676
     14 2677
     14 2678
     11 2679
     12 2680
     12 2681
     11 2682
      9 2683
     14 2684
     15 2685
     15 2686
      5 2687
     15 2688
     10 2689
     10 2690
     15 2691
     16 2692
     20 2693
     11 2694
     10 2695
     10 2696
      8 2697
     14 2698
     14 2699
     13 2700
     15 2701
     10 2702
     16 2703
     12 2704
      8 2705
     18 2706
     12 2707
     17 2708
     12 2709
     15 2710
     15 2711
     14 2712
     11 2713
     10 2714
     17 2715
     17 2716
     12 2717
     13 2718
     16 2719
     11 2720
     15 2721
     13 2722
     13 2723
      9 2724
      8 2725
     18 2726
      8 2727
     12 2728
     13 2729
     13 2730
      9 2731
     11 2732
     19 2733
     14 2734
      8 2735
     10 2736
      9 2737
     10 2738
     15 2739
     13 2740
     16 2741
      5 2742
     10 2743
     13 2744
     11 2745
      8 2746
     10 2747
      8 2748
     12 2749
     11 2750
      8 2751
     17 2752
      8 2753
      8 2754
     13 2755
     12 2756
      8 2757
     15 2758
     10 2759
     14 2760
     13 2761
     14 2762
      4 2763
      9 2764
      8 2765
      5 2766
     12 2767
     13 2768
     10 2769
     14 2770
      9 2771
      7 2772
      6 2773
     14 2774
      7 2775
      6 2776
     12 2777
      8 2778
     12 2779
      4 2780
     11 2781
      4 2782
      6 2783
     12 2784
     16 2785
     17 2786
     12 2787
      9 2788
      7 2789
      4 2790
     12 2791
      9 2792
      9 2793
     11 2794
      9 2795
      9 2796
     12 2797
     12 2798
     10 2799
     10 2800
      9 2801
     12 2802
      7 2803
      4 2804
      9 2805
     18 2806
      2 2807
     12 2808
      7 2809
      7 2810
      6 2811
      3 2812
      9 2813
      8 2814
      6 2815
     13 2816
      9 2817
      5 2818
      4 2819
     11 2820
     14 2821
     10 2822
      7 2823
      5 2824
      8 2825
      5 2826
      9 2827
      9 2828
      9 2829
      9 2830
      8 2831
      9 2832
     10 2833
      6 2834
     10 2835
     10 2836
     12 2837
      9 2838
     13 2839
      9 2840
     14 2841
     12 2842
      8 2843
     10 2844
     10 2845
     13 2846
      9 2847
     11 2848
     10 2849
      9 2850
     15 2851
     10 2852
     13 2853
      8 2854
      9 2855
     13 2856
     12 2857
     12 2858
     11 2859
      6 2860
     12 2861
     16 2862
     12 2863
     11 2864
     11 2865
     14 2866
     12 2867
     15 2868
      6 2869
     13 2870
     13 2871
     19 2872
      9 2873
     13 2874
     12 2875
     13 2876
      9 2877
      7 2878
     16 2879
      9 2880
     13 2881
     13 2882
      9 2883
     10 2884
     13 2885
      9 2886
     11 2887
      9 2888
      5 2889
     13 2890
      5 2891
     13 2892
     10 2893
      7 2894
      2 2895
     11 2896
      7 2897
      8 2898
     12 2899
     17 2900
      8 2901
      8 2902
     12 2903
     13 2904
      9 2905
      8 2906
     12 2907
     14 2908
      2 2909
     12 2910
     13 2911
     14 2912
     10 2913
     14 2914
      3 2915
      9 2916
     13 2917
      8 2918
     10 2919
     10 2920
     10 2921
      7 2922
      8 2923
     10 2924
     11 2925
      6 2926
     13 2927
     11 2928
      7 2929
      5 2930
      4 2931
     14 2932
     13 2933
      9 2934
      9 2935
      4 2936
     18 2937
      8 2938
      3 2939
     12 2940
     12 2941
     12 2942
     14 2943
     10 2944
      9 2945
     11 2946
      9 2947
      8 2948
     15 2949
     17 2950
      8 2951
     11 2952
      9 2953
     11 2954
     14 2955
     10 2956
      7 2957
      8 2958
      8 2959
      7 2960
      9 2961
     11 2962
      8 2963
     12 2964
     13 2965
      7 2966
      6 2967
      9 2968
     13 2969
      3 2970
     10 2971
      6 2972
      8 2973
     13 2974
      5 2975
      2 2976
      8 2977
     11 2978
     12 2979
      7 2980
      7 2981
     10 2982
     12 2983
      4 2984
      8 2985
      5 2986
     17 2987
      7 2988
      5 2989
      9 2990
      9 2991
      7 2992
     11 2993
     11 2994
      8 2995
     14 2996
     10 2997
     12 2998
     15 2999
      6 3000
      7 3001
      5 3002
      7 3003
      6 3004
      8 3005
     11 3006
     11 3007
     10 3008
     10 3009
      7 3010
     12 3011
      5 3012
      4 3013
     11 3014
      8 3015
      8 3016
     13 3017
      9 3018
      5 3019
     12 3020
      6 3021
     13 3022
      9 3023
      9 3024
     10 3025
     13 3026
      6 3027
     15 3028
     12 3029
      8 3030
     16 3031
      5 3032
     12 3033
      7 3034
      9 3035
     13 3036
      9 3037
      7 3038
     14 3039
      9 3040
     12 3041
      4 3042
      6 3043
      4 3044
     12 3045
     13 3046
      5 3047
     11 3048
     11 3049
     14 3050
      6 3051
      7 3052
     10 3053
      7 3054
     12 3055
      8 3056
      5 3057
      8 3058
      4 3059
     14 3060
     10 3061
      3 3062
     21 3063
      9 3064
     15 3065
      8 3066
      7 3067
      8 3068
      7 3069
     13 3070
      9 3071
     10 3072
     12 3073
      7 3074
     11 3075
      8 3076
      9 3077
      7 3078
      6 3079
      6 3080
      2 3081
      8 3082
      6 3083
      9 3084
      7 3085
     12 3086
      6 3087
      9 3088
      6 3089
      7 3090
     12 3091
      4 3092
     14 3093
      8 3094
     11 3095
      6 3096
      7 3097
     11 3098
     10 3099
      6 3100
     10 3101
      9 3102
     13 3103
      7 3104
      8 3105
      8 3106
      4 3107
      7 3108
      9 3109
      8 3110
     11 3111
      1 3112
     10 3113
     10 3114
      5 3115
     12 3116
      7 3117
      9 3118
      6 3119
      8 3120
     11 3121
      7 3122
     11 3123
     10 3124
     10 3125
     14 3126
      4 3127
      6 3128
      6 3129
      8 3130
     11 3131
      8 3132
      6 3133
      7 3134
      6 3135
     12 3136
      5 3137
     10 3138
      5 3139
      6 3140
      5 3141
     11 3142
      6 3143
     11 3144
     11 3145
      9 3146
      7 3147
     12 3148
      8 3149
      7 3150
      5 3151
      5 3152
      8 3153
      8 3154
     10 3155
     10 3156
      6 3157
      7 3158
      1 3159
      9 3160
      7 3161
      8 3162
     14 3163
     16 3164
      2 3165
      5 3166
     13 3167
      9 3168
      5 3169
      8 3170
      2 3171
      4 3172
      6 3173
      7 3174
     12 3175
      4 3176
     14 3177
      6 3178
      8 3179
      4 3180
      7 3181
      7 3182
      5 3183
      9 3184
      7 3185
      8 3186
      7 3187
      7 3188
      4 3189
      6 3190
      7 3191
      5 3192
     11 3193
      9 3194
     10 3195
      4 3196
     10 3197
      5 3198
      2 3199
      7 3200
      5 3201
      4 3202
      8 3203
      5 3204
      2 3205
      9 3206
     11 3207
      8 3208
      6 3209
      4 3210
      5 3211
     11 3212
     12 3213
      7 3214
      4 3215
     11 3216
     11 3217
      8 3218
      4 3219
      6 3220
      7 3221
      6 3222
      4 3223
      4 3224
      5 3225
      9 3226
      4 3227
      8 3228
      9 3229
      7 3230
      7 3231
      6 3232
      5 3233
     10 3234
      6 3235
      9 3236
      7 3237
      4 3238
      1 3239
      2 3240
     10 3241
      9 3242
      4 3243
      5 3244
     10 3245
      6 3246
      3 3247
     11 3248
      7 3249
      7 3250
      7 3251
      7 3252
      9 3253
      4 3254
      3 3255
      2 3256
      5 3257
      6 3258
      9 3259
      7 3260
      8 3261
      5 3262
      4 3263
      3 3264
      4 3265
     10 3266
      7 3267
      7 3268
      9 3269
      6 3270
      6 3271
      5 3272
      3 3273
      5 3274
     10 3275
      5 3276
      9 3277
     17 3278
      4 3279
      9 3280
      7 3281
     11 3282
      4 3283
      7 3284
      8 3285
     10 3286
      4 3287
      4 3288
      5 3289
      6 3290
      5 3291
      9 3292
      3 3293
      8 3294
      5 3295
      5 3296
      7 3297
      5 3298
      3 3299
      8 3300
      6 3301
      5 3302
      3 3303
      4 3304
     11 3305
      5 3306
      8 3307
      9 3308
      2 3309
     11 3310
      6 3311
      5 3312
      6 3313
      8 3314
      3 3315
      5 3316
      4 3317
      4 3318
      5 3319
      4 3320
      2 3321
      9 3322
     11 3323
     12 3324
      3 3325
      8 3326
      8 3327
      7 3328
      4 3329
      7 3330
      4 3331
      5 3332
      6 3333
      4 3334
      4 3335
      6 3336
      6 3337
      3 3338
      2 3339
      4 3340
      6 3341
      7 3342
      4 3343
      2 3344
      4 3345
      4 3346
     10 3347
      8 3348
      5 3349
      4 3350
      5 3351
      6 3352
      8 3353
      5 3354
     10 3355
      8 3356
      9 3357
      8 3358
      7 3359
      5 3360
      5 3361
      8 3362
      6 3363
      6 3364
      8 3365
      7 3366
      6 3367
      9 3368
      3 3369
      2 3370
      4 3371
      4 3372
      7 3373
      4 3374
      4 3375
      4 3376
      5 3377
      6 3378
      5 3379
      3 3380
      6 3381
      6 3382
      9 3383
      7 3384
      5 3385
      4 3386
      4 3387
      6 3388
      9 3389
      6 3390
      8 3391
      8 3392
     10 3393
      5 3394
      9 3395
      4 3396
      6 3397
      9 3398
      4 3399
     12 3400
      6 3401
      3 3402
      6 3403
      7 3404
      8 3405
      7 3406
      7 3407
      7 3408
     10 3409
      6 3410
      7 3411
      4 3412
      2 3413
     10 3414
     14 3415
      7 3416
      3 3417
      7 3418
      4 3419
      7 3420
      6 3421
      9 3422
      3 3423
      6 3424
      7 3425
      6 3426
      7 3427
     10 3428
      6 3429
      9 3430
      8 3431
     12 3432
      3 3433
      6 3434
      3 3435
      7 3436
      6 3437
      6 3438
      7 3439
      4 3440
      3 3441
      4 3442
      5 3443
      3 3444
      7 3445
      5 3446
      4 3447
      8 3448
      5 3449
      9 3450
      6 3451
      6 3452
      6 3453
      5 3454
      4 3455
      8 3456
      5 3457
      6 3458
      4 3459
      8 3460
      6 3462
     10 3463
      3 3464
      4 3465
      5 3466
      7 3467
      7 3468
      6 3469
      8 3470
      4 3471
      5 3472
      5 3473
      9 3474
     10 3475
      5 3476
      3 3477
      4 3478
      5 3479
      9 3480
     11 3481
      5 3482
     10 3483
      8 3484
      7 3485
      8 3486
      5 3487
      9 3488
      5 3489
      3 3490
      5 3491
      4 3492
      4 3493
      8 3494
      6 3495
      8 3496
      4 3497
      4 3498
      4 3499
      6 3500
      5 3501
      8 3502
      4 3503
      5 3504
      8 3505
      5 3506
      7 3507
      5 3508
      6 3509
      5 3510
     11 3511
      3 3512
     10 3513
      5 3514
      9 3515
      4 3516
      3 3517
      6 3518
      6 3519
      6 3520
     10 3521
      7 3522
      6 3523
      5 3524
      7 3525
      4 3526
      7 3527
      2 3528
      8 3529
      8 3530
      4 3531
      4 3532
      7 3533
      8 3534
      4 3535
     10 3536
      8 3537
      3 3538
      3 3539
      7 3540
      3 3541
      7 3542
      7 3543
      2 3544
      8 3545
      6 3546
      5 3547
      7 3548
      4 3549
      9 3550
      6 3551
      4 3552
     10 3553
      6 3554
      2 3555
      8 3556
      7 3557
      6 3558
      6 3559
      4 3560
      3 3561
      2 3562
      7 3563
     10 3564
      8 3565
      4 3566
      6 3567
      5 3568
      5 3569
      4 3570
      4 3571
      5 3572
      4 3573
      5 3574
      4 3575
      6 3576
      6 3577
      5 3578
      8 3579
      8 3580
      1 3581
      5 3582
      8 3583
      4 3584
      8 3585
      4 3586
      3 3587
      4 3588
      6 3589
      6 3590
      3 3591
      6 3592
      8 3593
      2 3594
      4 3595
     13 3597
      7 3598
      5 3599
      7 3600
      9 3601
      8 3602
      9 3603
      7 3604
      3 3605
      8 3606
      5 3607
      4 3608
      7 3609
      6 3610
      3 3611
      3 3612
      4 3613
      4 3614
      5 3615
      5 3616
      5 3617
      4 3618
      4 3619
      6 3620
      7 3621
      5 3622
      5 3623
      4 3624
      3 3625
      6 3626
      2 3627
      6 3628
      3 3629
      4 3630
      7 3631
      6 3632
      5 3633
      3 3634
      5 3635
      6 3636
      3 3637
     10 3638
      6 3639
      6 3640
      3 3641
      1 3642
      3 3643
      6 3644
      1 3645
      4 3646
      7 3647
      5 3648
      2 3649
      2 3650
      4 3651
      6 3652
      3 3653
      9 3654
      4 3655
      3 3656
      9 3657
      4 3658
      5 3659
      3 3660
      4 3661
      4 3662
      4 3663
      6 3664
      9 3665
      6 3666
      7 3667
      3 3668
      5 3669
      3 3670
      3 3671
      3 3672
      4 3673
      5 3674
      8 3675
      5 3676
      4 3677
      2 3678
      1 3679
      2 3680
     12 3681
      4 3682
      1 3683
      3 3684
      3 3685
      3 3686
      3 3687
      6 3688
      9 3689
      5 3690
      1 3692
      4 3693
      1 3694
      2 3695
      5 3696
      1 3697
      3 3698
      1 3699
      3 3700
      1 3701
      5 3702
      8 3703
      6 3704
      6 3705
      4 3706
      3 3707
      1 3708
      7 3709
      3 3710
      2 3711
      5 3712
      5 3713
      7 3714
      4 3715
      3 3716
      5 3717
      2 3718
      9 3719
      6 3720
      3 3721
      4 3722
      4 3723
      3 3724
      6 3725
      4 3726
      5 3727
      4 3728
      1 3729
      7 3730
      9 3731
      6 3732
      4 3733
      4 3734
      4 3735
      3 3736
      6 3737
      4 3738
      3 3739
      4 3740
      4 3741
      3 3742
      2 3743
      4 3744
      1 3745
      4 3747
      1 3748
      5 3749
      5 3750
      8 3751
      3 3752
      4 3753
      2 3754
      5 3755
      2 3756
      3 3757
      4 3758
      4 3759
      5 3760
      6 3761
      2 3762
      4 3763
      7 3764
      3 3765
      5 3766
      5 3767
      1 3768
      4 3769
      4 3771
      2 3772
      7 3773
      5 3774
      6 3775
      3 3776
      4 3777
      4 3778
      4 3779
      3 3780
      2 3781
      2 3782
      3 3783
      3 3784
      5 3785
      3 3786
      1 3787
      3 3788
      3 3789
      3 3790
      1 3791
      2 3792
      4 3793
      3 3794
      4 3795
      5 3796
      2 3797
      5 3798
      4 3799
      3 3800
      6 3801
      2 3802
      1 3803
      4 3804
      8 3805
      6 3806
      2 3807
      4 3808
      3 3809
      3 3810
      4 3811
      3 3812
      6 3813
      3 3814
      1 3815
      3 3816
      7 3817
      3 3818
      3 3819
      4 3820
      1 3821
      3 3822
      1 3823
      1 3824
      3 3825
      2 3826
      3 3827
      1 3828
      7 3829
      4 3830
      2 3831
      6 3832
      3 3833
      7 3834
      2 3835
      5 3836
      3 3837
      2 3839
      1 3840
      1 3841
      2 3842
      2 3843
      9 3844
      2 3845
     10 3846
      2 3847
      4 3848
      1 3849
      1 3850
      5 3851
      8 3852
      5 3853
      4 3854
      4 3855
      4 3857
      6 3858
      3 3859
      4 3860
      2 3861
      5 3862
      3 3863
      5 3864
      4 3865
      2 3866
      4 3867
      6 3868
      3 3869
      7 3870
      6 3871
      4 3872
      4 3873
      5 3874
     10 3875
      5 3876
      1 3877
      8 3878
      4 3879
      5 3880
      6 3881
      1 3882
      6 3883
      4 3884
      4 3885
      3 3886
      2 3887
      3 3888
      5 3889
      6 3890
      8 3891
      6 3892
      2 3893
      3 3894
      9 3895
      1 3896
      6 3897
      3 3898
      7 3899
      4 3900
      5 3901
      1 3902
      4 3903
      6 3904
      3 3905
      3 3906
      4 3907
      9 3908
      6 3909
      3 3910
      2 3911
      6 3912
      2 3913
      4 3914
      2 3915
      3 3916
      3 3917
      2 3918
      4 3919
      2 3920
      3 3921
      7 3922
      4 3923
      2 3924
      4 3925
      3 3926
      3 3927
      5 3928
      3 3929
      2 3930
      5 3931
      3 3932
      3 3933
      3 3934
      4 3935
      6 3936
      2 3937
      6 3938
      5 3939
      3 3940
      3 3941
      5 3942
      5 3943
      5 3944
      7 3945
      4 3946
      5 3947
      4 3948
      2 3949
      2 3950
      5 3951
      6 3952
      1 3953
      3 3954
      2 3955
      1 3956
      1 3957
      6 3958
      6 3959
      4 3960
      3 3961
      4 3962
      3 3963
      4 3964
      4 3965
      4 3966
      1 3967
      5 3968
      3 3969
      5 3970
      1 3971
      1 3972
      5 3973
      5 3974
      4 3975
      6 3976
      3 3977
      1 3978
      2 3979
      1 3980
      5 3981
      1 3982
      6 3983
      1 3984
      5 3985
      2 3986
      4 3987
      2 3988
      4 3989
      6 3990
      4 3991
      2 3992
      2 3993
      7 3994
      1 3995
      6 3996
      6 3997
      2 3998
      8 3999
      2 4000
      5 4001
      3 4002
      1 4003
      6 4004
      3 4005
      1 4006
      2 4007
      3 4008
      2 4009
      2 4010
      3 4011
      2 4012
      4 4013
      2 4014
      5 4015
      2 4016
      6 4017
      3 4018
      5 4019
      5 4020
      1 4021
      3 4022
      4 4023
      3 4024
      4 4025
      5 4026
      5 4027
      4 4028
      2 4029
      3 4030
      3 4031
      5 4032
      5 4033
      8 4034
      4 4035
      2 4036
      5 4037
      2 4038
      4 4039
      3 4040
      5 4041
      1 4042
      5 4043
      1 4044
      3 4045
      2 4046
      6 4047
      3 4048
      1 4049
      3 4050
      6 4051
      4 4052
      5 4053
      6 4054
      3 4055
      4 4056
      3 4057
      2 4058
      2 4059
      3 4060
      4 4061
      4 4062
      3 4063
      4 4064
      4 4065
      1 4066
      3 4067
      1 4068
      2 4069
      6 4070
      6 4071
      1 4072
      3 4073
      4 4074
      2 4075
      3 4076
      3 4077
      6 4078
      6 4079
      3 4080
      4 4081
      4 4082
      4 4083
      2 4084
      3 4085
      2 4086
      7 4087
      2 4088
      2 4089
      4 4090
      5 4091
      3 4092
      3 4093
      5 4094
      5 4095
      2 4096
      2 4097
      4 4098
      6 4099
      5 4100
      2 4101
      2 4103
      4 4104
      1 4105
      1 4106
      2 4107
      3 4108
      2 4109
      2 4110
      7 4111
      3 4112
      3 4113
      2 4114
      4 4116
      3 4117
      3 4118
      4 4119
      2 4122
      4 4123
      3 4124
      3 4125
      2 4126
      4 4127
      3 4128
      2 4129
      2 4130
      5 4131
      2 4132
      1 4133
      3 4134
      1 4135
      3 4136
      2 4137
      3 4138
      3 4139
      1 4140
      3 4141
      3 4142
      4 4144
      2 4146
      2 4147
      1 4149
      4 4150
      3 4151
      5 4152
      3 4153
      4 4154
      1 4155
      2 4156
      1 4157
      4 4158
      1 4159
      1 4160
      2 4161
      3 4162
      4 4163
      2 4164
      3 4165
      4 4166
      4 4167
      1 4168
      2 4169
      4 4170
      5 4171
      5 4172
      3 4173
      3 4174
      3 4176
      5 4177
      5 4178
      1 4179
      4 4180
      1 4181
      2 4182
      4 4184
      3 4185
      3 4186
      2 4187
      2 4188
      3 4189
      4 4190
      4 4191
      3 4192
      4 4194
      2 4198
      4 4199
      2 4200
      3 4201
      1 4202
      5 4203
      1 4204
      4 4205
      2 4207
      4 4208
      3 4209
      5 4210
      1 4211
      3 4212
      7 4213
      3 4214
      2 4215
      2 4216
      4 4217
      3 4218
      1 4219
      1 4220
      1 4221
      2 4222
      1 4223
      1 4224
      5 4225
      2 4226
      3 4227
      2 4229
      5 4230
      2 4231
      3 4232
      8 4233
      3 4234
      3 4235
      2 4236
      2 4238
      1 4239
      1 4240
      3 4241
      3 4242
      1 4243
      4 4244
      2 4245
      2 4246
      2 4247
      5 4248
      3 4249
      4 4251
      2 4253
      4 4254
      2 4255
      1 4256
      2 4257
      2 4258
      1 4259
      2 4260
      1 4261
      2 4262
      3 4263
      3 4264
      2 4265
      2 4266
      1 4267
      2 4268
      1 4270
      2 4271
      3 4272
      2 4273
      2 4274
      4 4275
      2 4276
      3 4277
      1 4278
      1 4279
      1 4280
      1 4281
      3 4282
      4 4283
      1 4284
      3 4285
      2 4286
      4 4287
      1 4288
      4 4289
      2 4290
      2 4291
      3 4292
      4 4293
      6 4294
      2 4295
      4 4296
      1 4297
      1 4298
      1 4299
      2 4300
      4 4301
      7 4302
      3 4303
      1 4304
      4 4305
      1 4306
      1 4307
      2 4308
      1 4309
      2 4310
      1 4312
      2 4313
      1 4315
      2 4316
      1 4317
      1 4318
      2 4319
      1 4321
      2 4323
      2 4324
      2 4325
      3 4326
      4 4327
      1 4328
      2 4329
      4 4330
      6 4331
      1 4332
      3 4334
      3 4335
      1 4336
      1 4337
      3 4338
      1 4339
      3 4342
      4 4343
      2 4344
      4 4345
      2 4346
      2 4347
      1 4348
      2 4349
      2 4351
      1 4352
      2 4353
      1 4354
      3 4355
      1 4356
      6 4357
      1 4358
      1 4359
      5 4360
      5 4361
      1 4362
      1 4363
      1 4364
      2 4365
      4 4366
      1 4367
      4 4368
      2 4369
      6 4370
      1 4371
      2 4372
      2 4373
      1 4374
      4 4375
      2 4376
      2 4377
      2 4378
      2 4379
      2 4380
      1 4381
      2 4382
      2 4383
      1 4384
      1 4385
      2 4387
      2 4388
      5 4389
      3 4390
      3 4392
      2 4393
      1 4395
      2 4396
      3 4397
      5 4398
      1 4399
      1 4400
      1 4402
      3 4403
      2 4405
      2 4406
      1 4407
      4 4408
      1 4409
      4 4410
      1 4411
      1 4412
      2 4413
      1 4414
      6 4415
      1 4416
      4 4417
      1 4418
      1 4419
      3 4420
      4 4421
      3 4422
      1 4423
      1 4426
      3 4427
      2 4429
      3 4430
      1 4431
      1 4432
      3 4433
      1 4434
      4 4435
      1 4436
      3 4437
      1 4438
      4 4439
      1 4440
      4 4441
      2 4442
      2 4444
      3 4445
      2 4446
      1 4447
      1 4448
      1 4450
      3 4451
      3 4452
      3 4453
      1 4454
      2 4455
      1 4456
      1 4457
      1 4458
      1 4459
      5 4462
      2 4463
      4 4464
      4 4465
      1 4466
      1 4467
      1 4469
      2 4471
      2 4472
      3 4473
      1 4475
      3 4476
      1 4479
      1 4480
      1 4482
      1 4483
      3 4484
      2 4485
      4 4486
      3 4487
      2 4488
      1 4489
      1 4490
      1 4491
      1 4492
      1 4493
      3 4494
      4 4495
      2 4496
      3 4498
      1 4499
      3 4500
      1 4501
      2 4502
      3 4503
      3 4504
      1 4505
      4 4506
      1 4507
      3 4508
      1 4509
      3 4510
      3 4511
      3 4512
      1 4513
      3 4515
      1 4516
      1 4517
      4 4518
      2 4519
      6 4521
      1 4522
      2 4524
      1 4525
      2 4526
      2 4527
      1 4528
      4 4529
      5 4530
      1 4531
      1 4532
      1 4533
      3 4534
      1 4535
      3 4536
      4 4537
      1 4539
      2 4540
      1 4541
      2 4542
      2 4544
      1 4546
      3 4547
      2 4548
      1 4550
      1 4553
      3 4554
      2 4555
      1 4556
      1 4557
      4 4558
      1 4559
      1 4560
      1 4561
      2 4562
      4 4563
      2 4564
      2 4565
      3 4566
      2 4569
      2 4570
      3 4571
      2 4572
      2 4574
      3 4576
      1 4578
      2 4579
      3 4580
      3 4582
      5 4584
      2 4585
      1 4586
      1 4590
      1 4591
      2 4592
      2 4595
      2 4596
      1 4597
      2 4598
      2 4599
      4 4600
      1 4601
      1 4602
      1 4603
      4 4604
      1 4605
      4 4606
      3 4607
      1 4609
      3 4610
      2 4611
      1 4612
      3 4613
      2 4614
      1 4615
      1 4617
      2 4618
      1 4619
      1 4620
      2 4621
      1 4622
      2 4623
      2 4624
      3 4625
      1 4626
      2 4627
      1 4628
      1 4629
      2 4630
      1 4631
      1 4632
      2 4633
      1 4634
      2 4635
      3 4636
      2 4637
      1 4638
      1 4639
      3 4640
      1 4641
      1 4643
      2 4644
      3 4645
      1 4646
      1 4648
      2 4649
      4 4652
      1 4653
      2 4654
      4 4655
      1 4657
      1 4659
      1 4660
      3 4663
      1 4664
      1 4665
      1 4666
      1 4667
      2 4668
      1 4669
      3 4670
      1 4671
      1 4673
      3 4674
      1 4676
      1 4677
      1 4678
      2 4679
      1 4680
      2 4681
      3 4682
      2 4687
      1 4689
      2 4690
      2 4691
      1 4692
      3 4693
      1 4695
      1 4698
      2 4699
      2 4700
      2 4701
      1 4702
      2 4703
      1 4704
      1 4705
      1 4706
      3 4707
      2 4708
      1 4709
      1 4710
      1 4711
      1 4712
      1 4713
      1 4714
      3 4715
      1 4716
      2 4717
      1 4720
      2 4721
      1 4722
      1 4723
      3 4724
      1 4726
      1 4727
      1 4728
      3 4730
      3 4735
      2 4736
      4 4737
      3 4738
      1 4739
      1 4740
      1 4742
      2 4744
      1 4746
      1 4747
      3 4748
      2 4749
      2 4750
      1 4751
      1 4752
      1 4753
      1 4755
      1 4756
      1 4757
      1 4759
      1 4760
      2 4761
      2 4762
      2 4764
      2 4765
      1 4770
      2 4771
      1 4772
      3 4774
      1 4778
      1 4779
      2 4780
      1 4782
      1 4784
      2 4787
      3 4788
      1 4790
      1 4791
      1 4793
      1 4795
      3 4796
      2 4798
      1 4799
      1 4800
      2 4801
      2 4802
      1 4804
      3 4805
      1 4806
      2 4807
      2 4808
      1 4809
      1 4812
      1 4813
      1 4814
      1 4817
      2 4818
      2 4819
      1 4820
      1 4821
      1 4823
      1 4824
      2 4825
      1 4827
      2 4828
      5 4829
      3 4830
      1 4832
      1 4833
      3 4834
      1 4835
      1 4836
      1 4837
      2 4839
      3 4841
      2 4843
      3 4845
      2 4846
      2 4849
      1 4850
      2 4851
      1 4852
      1 4853
      2 4854
      1 4855
      1 4856
      1 4857
      3 4858
      1 4859
      2 4860
      1 4861
      1 4863
      2 4864
      3 4866
      1 4867
      2 4869
      3 4871
      1 4872
      2 4873
      3 4874
      2 4875
      1 4877
      1 4878
      1 4881
      1 4882
      1 4883
      2 4884
      3 4885
      1 4887
      1 4888
      1 4889
      4 4891
      1 4892
      2 4893
      2 4894
      2 4895
      2 4896
      1 4897
      4 4898
      1 4901
      1 4903
      2 4904
      2 4906
      1 4907
      1 4908
      2 4909
      2 4910
      2 4911
      1 4912
      1 4913
      2 4914
      1 4915
      4 4916
      2 4917
      1 4919
      1 4921
      2 4923
      3 4927
      2 4928
      2 4929
      1 4930
      1 4931
      2 4932
      3 4933
      1 4934
      1 4935
      1 4936
      2 4937
      3 4940
      1 4941
      3 4942
      1 4943
      2 4944
      1 4945
      2 4946
      3 4947
      1 4948
      1 4949
      2 4950
      3 4952
      1 4954
      1 4956
      3 4961
      1 4962
      2 4964
      1 4965
      2 4967
      1 4968
      2 4970
      5 4971
      2 4973
      1 4974
      1 4975
      1 4976
      2 4979
      1 4980
      1 4982
      1 4983
      1 4985
      1 4987
      2 4988
      2 4989
      1 4990
      1 4991
      2 4993
      3 4994
      2 4996
      1 4997
      1 4999
      1 5000
      1 5001
      2 5002
      1 5004
      1 5006
      2 5008
      1 5009
      2 5010
      2 5011
      1 5012
      1 5014
      2 5015
      2 5016
      3 5020
      1 5021
      2 5022
      1 5025
      2 5026
      1 5029
      1 5031
      1 5032
      2 5033
      2 5036
      1 5038
      1 5039
      2 5041
      1 5042
      1 5043
      2 5044
      1 5045
      1 5046
      3 5048
      1 5049
      1 5050
      1 5051
      2 5053
      1 5054
      1 5056
      1 5057
      2 5058
      1 5059
      2 5063
      2 5064
      2 5065
      1 5067
      1 5069
      1 5071
      1 5072
      1 5073
      3 5077
      1 5078
      1 5082
      2 5084
      2 5085
      3 5086
      1 5088
      2 5090
      2 5092
      2 5093
      1 5094
      1 5097
      1 5098
      1 5099
      1 5100
      1 5102
      2 5105
      1 5107
      1 5108
      1 5109
      1 5113
      2 5115
      1 5116
      1 5117
      2 5120
      1 5121
      2 5122
      1 5123
      1 5125
      1 5128
      1 5131
      3 5132
      1 5134
      1 5135
      1 5137
      1 5139
      2 5140
      1 5141
      2 5142
      2 5143
      1 5146
      1 5147
      1 5148
      1 5150
      1 5151
      1 5152
      1 5153
      3 5154
      1 5160
      1 5163
      1 5164
      1 5165
      1 5166
      3 5168
      1 5170
      1 5172
      1 5174
      1 5179
      1 5180
      2 5182
      1 5183
      4 5184
      1 5188
      2 5189
      1 5190
      1 5191
      1 5192
      3 5194
      2 5195
      2 5196
      1 5197
      2 5198
      3 5199
      1 5203
      1 5205
      5 5206
      1 5208
      1 5211
      1 5212
      2 5213
      1 5214
      1 5217
      2 5218
      1 5220
      2 5222
      3 5224
      1 5225
      1 5226
      1 5231
      1 5232
      2 5233
      3 5237
      2 5240
      3 5241
      1 5242
      1 5244
      3 5246
      1 5248
      1 5249
      1 5250
      3 5252
      1 5253
      3 5255
      1 5256
      1 5259
      1 5261
      2 5265
      1 5267
      1 5270
      1 5274
      2 5275
      1 5277
      1 5278
      1 5284
      1 5285
      1 5286
      1 5287
      1 5290
      1 5291
      1 5293
      1 5294
      2 5296
      1 5297
      2 5298
      1 5300
      1 5301
      2 5303
      1 5304
      1 5308
      1 5310
      4 5311
      1 5313
      1 5316
      1 5319
      2 5323
      1 5324
      1 5325
      2 5329
      1 5330
      1 5333
      1 5334
      1 5336
      1 5339
      1 5340
      1 5343
      1 5344
      1 5345
      1 5347
      1 5349
      2 5350
      1 5352
      1 5353
      1 5355
      1 5356
      1 5357
      1 5358
      1 5362
      1 5364
      1 5365
      2 5366
      2 5369
      1 5370
      1 5373
      2 5375
      3 5377
      2 5379
      1 5384
      1 5385
      2 5386
      1 5388
      2 5392
      2 5395
      1 5397
      2 5400
      2 5401
      2 5402
      1 5404
      2 5407
      2 5412
      2 5414
      1 5416
      1 5419
      1 5420
      1 5421
      3 5422
      1 5423
      1 5424
      1 5425
      1 5426
      1 5427
      1 5428
      1 5429
      1 5434
      2 5438
      1 5440
      1 5441
      1 5445
      1 5449
      2 5452
      2 5453
      1 5458
      1 5459
      2 5466
      1 5467
      1 5468
      1 5470
      1 5471
      1 5477
      1 5478
      1 5480
      2 5484
      1 5488
      2 5491
      2 5494
      1 5498
      1 5499
      1 5502
      1 5506
      1 5507
      2 5508
      1 5509
      1 5510
      1 5514
      1 5520
      1 5524
      1 5525
      1 5526
      2 5527
      2 5530
      1 5531
      1 5534
      1 5536
      1 5537
      3 5540
      1 5546
      1 5548
      1 5549
      1 5550
      1 5553
      1 5558
      1 5564
      1 5566
      1 5567
      1 5568
      2 5572
      1 5573
      2 5574
      1 5579
      2 5581
      1 5583
      1 5585
      2 5587
      2 5588
      1 5589
      1 5590
      1 5591
      1 5592
      2 5596
      1 5602
      2 5603
      2 5604
      2 5607
      1 5608
      1 5609
      1 5613
      1 5614
      1 5619
      1 5620
      2 5621
      1 5622
      3 5624
      1 5625
      2 5631
      1 5635
      1 5638
      1 5641
      1 5642
      2 5647
      1 5650
      1 5651
      1 5657
      1 5659
      1 5660
      1 5662
      1 5664
      1 5666
      2 5671
      1 5672
      1 5673
      1 5674
      1 5675
      1 5676
      1 5679
      1 5683
      2 5687
      2 5688
      1 5695
      1 5698
      1 5700
      2 5703
      1 5704
      2 5711
      1 5712
      1 5714
      2 5715
      1 5719
      1 5720
      2 5721
      1 5722
      1 5724
      1 5725
      1 5726
      1 5727
      1 5728
      1 5729
      2 5731
      1 5735
      1 5738
      1 5739
      1 5741
      1 5744
      1 5746
      1 5747
      1 5748
      1 5749
      1 5750
      1 5753
      3 5755
      1 5757
      1 5761
      1 5763
      2 5765
      1 5767
      1 5768
      1 5770
      1 5771
      2 5772
      1 5773
      1 5775
      2 5777
      1 5783
      2 5787
      1 5789
      1 5793
      2 5794
      1 5796
      2 5800
      1 5801
      2 5802
      2 5805
      1 5808
      1 5810
      1 5812
      1 5815
      1 5816
      3 5819
      1 5824
      1 5826
      1 5828
      2 5832
      2 5834
      1 5835
      1 5836
      1 5838
      1 5844
      1 5846
      1 5847
      1 5849
      1 5854
      1 5859
      1 5860
      1 5861
      1 5862
      2 5863
      1 5864
      1 5868
      1 5873
      1 5876
      1 5877
      1 5878
      1 5880
      1 5881
      1 5882
      1 5887
      1 5890
      1 5892
      1 5894
      1 5900
      1 5902
      1 5904
      1 5907
      1 5911
      1 5914
      1 5917
      1 5918
      1 5919
      1 5920
      1 5926
      1 5927
      1 5928
      2 5931
      1 5933
      1 5934
      1 5937
      1 5941
      1 5942
      1 5945
      1 5946
      1 5947
      3 5951
      1 5954
      1 5956
      1 5958
      1 5959
      2 5962
      1 5963
      1 5964
      3 5965
      3 5968
      1 5969
      2 5972
      1 5974
      1 5977
      1 5979
      1 5980
      1 5981
      1 5982
      1 5984
      2 5986
      1 5989
      2 5990
      1 5994
      1 5995
      1 5997
      2 5999
      2 6001
      2 6004
      2 6005
      1 6007
      1 6008
      2 6010
      1 6012
      1 6018
      1 6021
      1 6024
      1 6025
      2 6033
      2 6034
      1 6036
      1 6037
      2 6042
      1 6043
      1 6044
      1 6046
      1 6047
      1 6049
      1 6051
      1 6052
      1 6058
      1 6060
      1 6064
      1 6066
      1 6070
      2 6072
      1 6077
      1 6082
      1 6083
      1 6084
      1 6087
      1 6088
      2 6091
      2 6092
      1 6095
      1 6097
      4 6098
      1 6099
      2 6102
      3 6103
      1 6111
      1 6113
      1 6115
      1 6117
      1 6119
      2 6123
      1 6126
      1 6130
      1 6131
      1 6133
      1 6136
      2 6140
      2 6144
      1 6147
      1 6151
      1 6156
      1 6157
      1 6165
      1 6166
      1 6167
      1 6177
      1 6182
      3 6183
      1 6184
      1 6187
      1 6188
      3 6189
      1 6190
      1 6192
      1 6197
      1 6199
      2 6202
      1 6203
      1 6205
      1 6207
      1 6214
      1 6217
      1 6218
      1 6220
      1 6221
      1 6222
      2 6223
      1 6227
      1 6228
      1 6231
      2 6232
      1 6233
      1 6235
      1 6237
      1 6241
      2 6247
      1 6248
      1 6249
      1 6252
      1 6253
      1 6254
      1 6255
      1 6256
      1 6258
      1 6260
      1 6264
      1 6265
      1 6266
      1 6268
      1 6272
      2 6273
      1 6274
      2 6277
      1 6281
      1 6282
      1 6284
      1 6288
      1 6294
      1 6301
      1 6306
      1 6307
      1 6309
      2 6310
      3 6311
      1 6313
      1 6317
      1 6318
      1 6323
      2 6324
      1 6325
      2 6330
      1 6335
      2 6336
      1 6338
      1 6339
      1 6341
      1 6342
      3 6343
      1 6345
      2 6350
      2 6352
      1 6356
      1 6357
      1 6358
      2 6359
      1 6367
      2 6370
      2 6372
      1 6373
      2 6378
      1 6380
      1 6385
      1 6386
      2 6387
      1 6391
      1 6394
      1 6397
      2 6398
      1 6400
      1 6401
      1 6402
      1 6406
      1 6408
      1 6409
      3 6410
      2 6413
      1 6414
      1 6415
      1 6418
      1 6419
      1 6420
      1 6421
      2 6422
      2 6426
      1 6427
      2 6429
      1 6430
      1 6433
      1 6436
      1 6437
      1 6438
      2 6439
      1 6440
      1 6441
      1 6442
      2 6443
      2 6445
      1 6446
      2 6447
      1 6448
      1 6451
      1 6452
      1 6453
      2 6454
      1 6457
      1 6458
      1 6460
      2 6462
      1 6463
      2 6465
      1 6466
      1 6469
      1 6470
      1 6472
      2 6474
      1 6477
      1 6490
      2 6492
      1 6495
      2 6496
      1 6500
      1 6501
      1 6502
      1 6504
      1 6506
      2 6508
      3 6509
      1 6514
      2 6516
      1 6517
      1 6518
      2 6521
      1 6524
      1 6526
      1 6530
      2 6532
      2 6533
      1 6536
      2 6537
      1 6538
      1 6539
      2 6541
      1 6544
      1 6547
      1 6549
      2 6550
      1 6551
      1 6553
      2 6555
      1 6559
      1 6568
      2 6572
      1 6576
      1 6577
      3 6578
      2 6581
      1 6582
      1 6590
      1 6591
      1 6592
      1 6595
      1 6597
      1 6603
      1 6606
      1 6610
      1 6611
      1 6615
      1 6617
      1 6620
      1 6626
      1 6630
      1 6633
      1 6634
      1 6635
      3 6636
      1 6639
      1 6646
      1 6647
      1 6652
      1 6653
      2 6656
      1 6657
      1 6659
      1 6660
      1 6661
      3 6662
      1 6663
      2 6664
      1 6666
      1 6671
      2 6678
      2 6680
      2 6684
      1 6685
      1 6689
      1 6690
      1 6691
      1 6692
      1 6695
      1 6698
      1 6699
      1 6700
      1 6703
      1 6705
      1 6707
      1 6710
      1 6714
      1 6717
      2 6718
      1 6719
      1 6720
      1 6722
      2 6723
      2 6725
      1 6726
      1 6731
      1 6734
      2 6736
      1 6741
      1 6742
      1 6743
      1 6745
      1 6746
      1 6747
      2 6750
      1 6754
      1 6755
      1 6759
      1 6764
      1 6768
      1 6770
      1 6773
      1 6777
      1 6783
      2 6785
      2 6786
      1 6788
      1 6790
      1 6793
      1 6798
      1 6802
      1 6804
      1 6805
      1 6807
      1 6808
      1 6813
      2 6815
      1 6817
      2 6818
      1 6819
      1 6822
      1 6828
      1 6832
      1 6833
      1 6835
      1 6836
      2 6837
      1 6839
      1 6844
      1 6847
      3 6848
      2 6849
      1 6851
      1 6852
      1 6857
      2 6860
      1 6861
      2 6866
      2 6873
      1 6874
      1 6880
      1 6881
      1 6884
      1 6885
      1 6888
      1 6891
      1 6892
      1 6893
      1 6896
      2 6897
      1 6899
      1 6901
      1 6902
      1 6905
      1 6906
      2 6908
      2 6916
      1 6918
      2 6920
      1 6927
      1 6933
      1 6935
      2 6938
      1 6940
      1 6949
      1 6954
      3 6957
      1 6958
      1 6959
      2 6961
      1 6963
      2 6964
      2 6966
      2 6967
      1 6968
      1 6970
      3 6973
      1 6974
      1 6977
      1 6978
      1 6985
      1 6986
      2 6987
      1 7002
      1 7005
      1 7006
      1 7017
      2 7019
      1 7022
      1 7024
      2 7026
      1 7027
      1 7031
      1 7033
      1 7041
      1 7046
      1 7048
      1 7053
      1 7055
      1 7060
      2 7061
      1 7064
      1 7065
      1 7070
      1 7073
      2 7074
      1 7076
      1 7083
      1 7085
      2 7087
      2 7089
      1 7097
      1 7099
      1 7103
      1 7104
      1 7107
      1 7110
      1 7112
      1 7114
      1 7118
      2 7119
      1 7122
      1 7123
      1 7127
      1 7134
      2 7135
      2 7136
      4 7137
      1 7138
      1 7142
      1 7146
      1 7147
      1 7150
      1 7154
      2 7155
      1 7159
      3 7161
      2 7162
      1 7163
      1 7166
      3 7171
      1 7173
      1 7176
      1 7177
      1 7181
      1 7183
      2 7186
      1 7188
      3 7190
      2 7191
      1 7196
      1 7198
      2 7199
      1 7202
      1 7211
      1 7213
      1 7216
      1 7220
      1 7223
      1 7224
      1 7225
      1 7226
      1 7227
      1 7229
      2 7234
      1 7238
      1 7241
      1 7243
      1 7249
      1 7250
      1 7256
      2 7258
      3 7260
      1 7262
      1 7285
      1 7294
      1 7298
      1 7299
      1 7303
      1 7309
      1 7319
      1 7323
      1 7340
      1 7342
      1 7343
      1 7348
      1 7353
      1 7356
      1 7358
      1 7364
      1 7367
      1 7375
      1 7383
      1 7384
      1 7385
      1 7392
      1 7395
      1 7399
      2 7401
      2 7407
      1 7410
      1 7413
      1 7414
      1 7418
      1 7423
      1 7425
      1 7428
      1 7430
      2 7431
      1 7434
      2 7437
      1 7440
      1 7442
      3 7447
      1 7449
      1 7455
      1 7457
      1 7459
      1 7461
      2 7464
      1 7467
      1 7469
      2 7471
      1 7472
      1 7473
      1 7478
      1 7486
      1 7489
      1 7491
      1 7497
      1 7499
      1 7500
      1 7508
      1 7524
      1 7526
      2 7528
      2 7529
      1 7532
      1 7535
      1 7537
      2 7539
      1 7542
      1 7549
      1 7551
      1 7553
      1 7560
      1 7561
      1 7562
      1 7564
      1 7571
      1 7573
      1 7575
      1 7581
      1 7584
      1 7585
      1 7586
      1 7588
      1 7592
      2 7593
      1 7599
      1 7604
      1 7605
      2 7606
      2 7609
      1 7619
      1 7623
      1 7626
      1 7630
      1 7638
      1 7641
      1 7643
      1 7645
      2 7658
      2 7665
      1 7667
      1 7669
      1 7672
      1 7673
      1 7674
      1 7683
      1 7690
      1 7691
      1 7696
      1 7698
      1 7702
      1 7705
      1 7721
      1 7725
      3 7727
      1 7728
      1 7730
      1 7733
      1 7739
      1 7743
      1 7745
      1 7748
      1 7752
      1 7756
      1 7766
      1 7775
      1 7778
      1 7782
      1 7783
      2 7787
      2 7791
      2 7794
      1 7808
      1 7810
      1 7815
      1 7820
      1 7824
      1 7830
      1 7833
      1 7843
      2 7844
      1 7845
      1 7847
      1 7849
      1 7852
      2 7854
      1 7856
      1 7865
      1 7869
      1 7870
      1 7873
      1 7874
      1 7881
      2 7883
      2 7884
      2 7885
      1 7886
      2 7888
      4 7892
      1 7893
      1 7894
      1 7895
      2 7896
      1 7897
      1 7899
      3 7900
      2 7902
      2 7904
      2 7905
      2 7909
      1 7910
      2 7911
      2 7912
      2 7913
      1 7914
      1 7915
      1 7916
      1 7918
      2 7921
      1 7922
      1 7924
      1 7925
      2 7928
      4 7929
      1 7930
      1 7931
      1 7932
      1 7933
      2 7935
      1 7936
      2 7937
      3 7940
      1 7942
      1 7943
      1 7944
      1 7947
      1 7948
      1 7950
      4 7951
      1 7953
      1 7959
      1 7963
      2 7965
      2 7966
      2 7971
      1 7972
      1 7975
      1 7978
      1 7979
      1 7980
      1 7985
