 213030 0
52190836 1
133381130 2
249013983 3
362308167 4
431605778 5
436030716 6
382972351 7
298039290 8
208880276 9
133427475 10
78613034 11
43192536 12
22484749 13
11322236 14
5674822 15
2936828 16
1649736 17
1038558 18
 734441 19
 563533 20
 455185 21
 387388 22
 331018 23
 289605 24
 254703 25
 226944 26
 203461 27
 184763 28
 167127 29
 154354 30
 140950 31
 128024 32
 117777 33
 105905 34
  98109 35
  89638 36
  81577 37
  74713 38
  68091 39
  61499 40
  55981 41
  51576 42
  47482 43
  43784 44
  41033 45
  38075 46
  35956 47
  33876 48
  32324 49
  30730 50
  29472 51
  28685 52
  27594 53
  26299 54
  25390 55
  24808 56
  23503 57
  22743 58
  21501 59
  21027 60
  19902 61
  19244 62
  18886 63
  18230 64
  17579 65
  17180 66
  16580 67
  16033 68
  15541 69
  15120 70
  15022 71
  14725 72
  14381 73
  14066 74
  14094 75
  13099 76
  13126 77
  12837 78
  12467 79
  12458 80
  12174 81
  11775 82
  11561 83
  11688 84
  11409 85
  11218 86
  10928 87
  11026 88
  10701 89
  10448 90
  10128 91
  10053 92
  10119 93
   9854 94
   9562 95
   9411 96
   9215 97
   9078 98
   9082 99
   8760 100
   8564 101
   8420 102
   8263 103
   8226 104
   7996 105
   7964 106
   7889 107
   7629 108
   7424 109
   7324 110
   7240 111
   7306 112
   7085 113
   7144 114
   7022 115
   6945 116
   6856 117
   6929 118
   6728 119
   6432 120
   6463 121
   6375 122
   5989 123
   6013 124
   6039 125
   5834 126
   5733 127
   5654 128
   5632 129
   5454 130
   5433 131
   5529 132
   5485 133
   5458 134
   5329 135
   5358 136
   5291 137
   5230 138
   5175 139
   5089 140
   5033 141
   5018 142
   4926 143
   4939 144
   4717 145
   4531 146
   4722 147
   4411 148
   4459 149
   4461 150
   4281 151
   4424 152
   4289 153
   4394 154
   4331 155
   4182 156
   4187 157
   4100 158
   3918 159
   3971 160
   3957 161
   3881 162
   3934 163
   3933 164
   3811 165
   3802 166
   3875 167
   3787 168
   3789 169
   3757 170
   3617 171
   3620 172
   3673 173
   3624 174
   3494 175
   3464 176
   3396 177
   3462 178
   3331 179
   3356 180
   3295 181
   3231 182
   3124 183
   3176 184
   3054 185
   3078 186
   3033 187
   3126 188
   3107 189
   3065 190
   3019 191
   2925 192
   2941 193
   2965 194
   2928 195
   2825 196
   2807 197
   2695 198
   2768 199
   2616 200
   2619 201
   2646 202
   2686 203
   2665 204
   2460 205
   2642 206
   2590 207
   2522 208
   2474 209
   2483 210
   2512 211
   2392 212
   2429 213
   2419 214
   2447 215
   2403 216
   2363 217
   2330 218
   2342 219
   2241 220
   2118 221
   2207 222
   2149 223
   2172 224
   2133 225
   2147 226
   2159 227
   2045 228
   2106 229
   2081 230
   1931 231
   1941 232
   1977 233
   1941 234
   1995 235
   1990 236
   1906 237
   1946 238
   2002 239
   1933 240
   1917 241
   1900 242
   1845 243
   1863 244
   1791 245
   1824 246
   1848 247
   1805 248
   1811 249
   1903 250
   1878 251
   1841 252
   1792 253
   1719 254
   1803 255
   1812 256
   1792 257
   1844 258
   1785 259
   1799 260
   1730 261
   1737 262
   1777 263
   1791 264
   1613 265
   1671 266
   1668 267
   1661 268
   1621 269
   1635 270
   1627 271
   1634 272
   1642 273
   1652 274
   1580 275
   1576 276
   1551 277
   1617 278
   1652 279
   1558 280
   1514 281
   1583 282
   1479 283
   1506 284
   1466 285
   1496 286
   1451 287
   1447 288
   1423 289
   1426 290
   1441 291
   1357 292
   1342 293
   1335 294
   1360 295
   1277 296
   1340 297
   1366 298
   1350 299
   1324 300
   1313 301
   1267 302
   1308 303
   1300 304
   1313 305
   1303 306
   1244 307
   1286 308
   1196 309
   1173 310
   1187 311
   1173 312
   1158 313
   1128 314
   1186 315
   1111 316
   1155 317
   1193 318
   1180 319
   1189 320
   1156 321
   1174 322
   1172 323
   1203 324
   1177 325
   1136 326
   1146 327
   1057 328
   1212 329
   1140 330
   1181 331
   1195 332
   1124 333
   1197 334
   1142 335
   1143 336
   1156 337
   1125 338
   1060 339
   1161 340
   1127 341
   1132 342
   1074 343
   1078 344
   1037 345
   1138 346
   1058 347
   1153 348
   1125 349
   1079 350
   1127 351
   1100 352
   1078 353
   1042 354
   1101 355
   1048 356
   1098 357
   1103 358
   1103 359
   1096 360
   1070 361
   1081 362
   1068 363
   1102 364
   1017 365
   1078 366
   1061 367
   1018 368
   1147 369
   1052 370
   1116 371
   1093 372
   1128 373
   1081 374
    997 375
   1031 376
   1061 377
    993 378
   1005 379
   1091 380
   1107 381
   1107 382
    967 383
   1047 384
   1066 385
   1031 386
   1067 387
   1059 388
   1052 389
   1083 390
   1081 391
   1095 392
   1058 393
   1072 394
   1045 395
   1111 396
   1102 397
   1131 398
   1113 399
   1096 400
   1129 401
   1169 402
   1163 403
   1144 404
   1130 405
   1185 406
   1136 407
   1143 408
   1178 409
   1243 410
   1160 411
   1168 412
   1214 413
   1204 414
   1185 415
   1270 416
   1208 417
   1212 418
   1089 419
   1254 420
   1282 421
   1280 422
   1203 423
   1200 424
   1266 425
   1286 426
   1313 427
   1272 428
   1324 429
   1345 430
   1337 431
   1304 432
   1361 433
   1383 434
   1391 435
   1312 436
   1320 437
   1316 438
   1354 439
   1361 440
   1373 441
   1290 442
   1428 443
   1411 444
   1493 445
   1480 446
   1437 447
   1421 448
   1448 449
   1468 450
   1476 451
   1440 452
   1490 453
   1439 454
   1476 455
   1494 456
   1442 457
   1410 458
   1473 459
   1462 460
   1483 461
   1486 462
   1510 463
   1555 464
   1541 465
   1506 466
   1533 467
   1551 468
   1546 469
   1487 470
   1567 471
   1510 472
   1566 473
   1588 474
   1480 475
   1515 476
   1559 477
   1526 478
   1452 479
   1504 480
   1443 481
   1465 482
   1442 483
   1429 484
   1590 485
   1542 486
   1555 487
   1443 488
   1502 489
   1509 490
   1436 491
   1537 492
   1419 493
   1404 494
   1454 495
   1457 496
   1450 497
   1406 498
   1442 499
   1364 500
   1386 501
   1385 502
   1322 503
   1354 504
   1351 505
   1383 506
   1307 507
   1345 508
   1211 509
   1184 510
   1191 511
   1140 512
   1205 513
   1183 514
   1205 515
   1255 516
   1251 517
   1181 518
   1213 519
   1226 520
   1230 521
   1176 522
   1221 523
   1177 524
   1122 525
   1147 526
   1120 527
   1115 528
   1069 529
   1058 530
   1031 531
   1056 532
   1024 533
   1036 534
   1101 535
   1032 536
   1066 537
   1030 538
   1027 539
   1006 540
   1054 541
   1039 542
   1008 543
    979 544
    950 545
    968 546
    983 547
    933 548
    956 549
   1004 550
    940 551
    968 552
    961 553
    982 554
    950 555
    965 556
    955 557
    951 558
    933 559
    958 560
    979 561
    985 562
    917 563
    987 564
    932 565
    937 566
    912 567
    929 568
    923 569
    946 570
    961 571
    930 572
    979 573
    981 574
    923 575
    925 576
    902 577
    904 578
    845 579
    923 580
    825 581
    888 582
    823 583
    830 584
    801 585
    760 586
    799 587
    784 588
    761 589
    765 590
    801 591
    779 592
    781 593
    798 594
    778 595
    829 596
    838 597
    833 598
    844 599
    849 600
    756 601
    780 602
    780 603
    809 604
    740 605
    737 606
    736 607
    755 608
    791 609
    803 610
    755 611
    725 612
    767 613
    744 614
    750 615
    746 616
    745 617
    744 618
    753 619
    760 620
    739 621
    700 622
    747 623
    680 624
    682 625
    674 626
    668 627
    705 628
    653 629
    678 630
    677 631
    636 632
    640 633
    625 634
    609 635
    588 636
    603 637
    611 638
    645 639
    626 640
    591 641
    579 642
    624 643
    567 644
    593 645
    604 646
    567 647
    548 648
    595 649
    613 650
    536 651
    595 652
    545 653
    609 654
    542 655
    579 656
    563 657
    594 658
    540 659
    497 660
    563 661
    508 662
    594 663
    534 664
    568 665
    543 666
    559 667
    533 668
    541 669
    487 670
    527 671
    500 672
    496 673
    493 674
    490 675
    479 676
    477 677
    504 678
    454 679
    464 680
    458 681
    435 682
    437 683
    414 684
    441 685
    409 686
    434 687
    422 688
    433 689
    439 690
    412 691
    379 692
    396 693
    381 694
    384 695
    385 696
    394 697
    403 698
    397 699
    380 700
    419 701
    390 702
    371 703
    365 704
    391 705
    383 706
    380 707
    397 708
    395 709
    360 710
    380 711
    404 712
    415 713
    379 714
    396 715
    409 716
    342 717
    385 718
    391 719
    369 720
    350 721
    355 722
    368 723
    335 724
    339 725
    316 726
    339 727
    332 728
    338 729
    341 730
    376 731
    303 732
    289 733
    321 734
    327 735
    342 736
    299 737
    310 738
    331 739
    333 740
    325 741
    293 742
    314 743
    323 744
    281 745
    289 746
    263 747
    306 748
    297 749
    307 750
    294 751
    284 752
    314 753
    326 754
    315 755
    286 756
    271 757
    269 758
    270 759
    276 760
    281 761
    309 762
    276 763
    299 764
    296 765
    291 766
    286 767
    282 768
    324 769
    274 770
    264 771
    277 772
    282 773
    268 774
    256 775
    310 776
    315 777
    304 778
    267 779
    278 780
    297 781
    275 782
    307 783
    298 784
    323 785
    311 786
    277 787
    258 788
    289 789
    263 790
    292 791
    257 792
    263 793
    311 794
    254 795
    248 796
    265 797
    265 798
    220 799
    263 800
    266 801
    260 802
    258 803
    250 804
    262 805
    247 806
    239 807
    237 808
    255 809
    272 810
    276 811
    265 812
    238 813
    244 814
    252 815
    265 816
    251 817
    234 818
    250 819
    237 820
    256 821
    233 822
    234 823
    264 824
    262 825
    252 826
    211 827
    252 828
    236 829
    270 830
    220 831
    219 832
    234 833
    214 834
    265 835
    222 836
    251 837
    234 838
    247 839
    223 840
    230 841
    207 842
    223 843
    218 844
    244 845
    230 846
    238 847
    228 848
    252 849
    233 850
    218 851
    233 852
    244 853
    241 854
    218 855
    245 856
    218 857
    217 858
    215 859
    200 860
    239 861
    240 862
    208 863
    216 864
    212 865
    212 866
    220 867
    214 868
    204 869
    236 870
    216 871
    202 872
    224 873
    214 874
    189 875
    246 876
    212 877
    194 878
    210 879
    178 880
    192 881
    195 882
    183 883
    202 884
    203 885
    178 886
    182 887
    195 888
    208 889
    185 890
    168 891
    211 892
    166 893
    210 894
    205 895
    217 896
    205 897
    190 898
    192 899
    202 900
    183 901
    205 902
    183 903
    212 904
    197 905
    216 906
    207 907
    195 908
    199 909
    205 910
    206 911
    181 912
    219 913
    210 914
    184 915
    185 916
    201 917
    226 918
    171 919
    184 920
    197 921
    193 922
    206 923
    185 924
    204 925
    217 926
    176 927
    187 928
    214 929
    232 930
    218 931
    182 932
    198 933
    190 934
    182 935
    168 936
    210 937
    192 938
    190 939
    206 940
    235 941
    199 942
    172 943
    192 944
    200 945
    179 946
    203 947
    199 948
    185 949
    201 950
    191 951
    190 952
    192 953
    196 954
    210 955
    191 956
    214 957
    196 958
    207 959
    206 960
    186 961
    201 962
    153 963
    172 964
    195 965
    172 966
    175 967
    167 968
    172 969
    180 970
    198 971
    195 972
    176 973
    193 974
    168 975
    162 976
    209 977
    199 978
    171 979
    179 980
    169 981
    189 982
    182 983
    198 984
    216 985
    190 986
    149 987
    176 988
    178 989
    181 990
    204 991
    157 992
    211 993
    189 994
    203 995
    188 996
    191 997
    176 998
    178 999
    191 1000
    201 1001
    182 1002
    189 1003
    175 1004
    217 1005
    157 1006
    165 1007
    194 1008
    234 1009
    184 1010
    195 1011
    224 1012
    185 1013
    174 1014
    194 1015
    200 1016
    205 1017
    206 1018
    191 1019
    212 1020
    178 1021
    213 1022
    181 1023
    192 1024
    190 1025
    236 1026
    190 1027
    219 1028
    205 1029
    178 1030
    198 1031
    179 1032
    207 1033
    193 1034
    216 1035
    226 1036
    222 1037
    208 1038
    200 1039
    241 1040
    216 1041
    204 1042
    215 1043
    203 1044
    212 1045
    216 1046
    219 1047
    208 1048
    219 1049
    215 1050
    203 1051
    214 1052
    202 1053
    192 1054
    205 1055
    200 1056
    213 1057
    212 1058
    196 1059
    190 1060
    212 1061
    213 1062
    206 1063
    222 1064
    208 1065
    221 1066
    188 1067
    173 1068
    212 1069
    192 1070
    185 1071
    211 1072
    190 1073
    182 1074
    189 1075
    192 1076
    192 1077
    205 1078
    207 1079
    168 1080
    203 1081
    222 1082
    197 1083
    209 1084
    188 1085
    176 1086
    200 1087
    181 1088
    184 1089
    189 1090
    190 1091
    185 1092
    199 1093
    171 1094
    183 1095
    162 1096
    180 1097
    169 1098
    167 1099
    179 1100
    158 1101
    182 1102
    171 1103
    176 1104
    170 1105
    177 1106
    186 1107
    186 1108
    161 1109
    164 1110
    197 1111
    206 1112
    181 1113
    177 1114
    198 1115
    191 1116
    209 1117
    178 1118
    199 1119
    172 1120
    178 1121
    173 1122
    166 1123
    184 1124
    184 1125
    178 1126
    183 1127
    197 1128
    192 1129
    190 1130
    171 1131
    185 1132
    190 1133
    181 1134
    177 1135
    183 1136
    171 1137
    199 1138
    168 1139
    174 1140
    180 1141
    178 1142
    176 1143
    177 1144
    161 1145
    195 1146
    154 1147
    182 1148
    160 1149
    177 1150
    157 1151
    177 1152
    203 1153
    182 1154
    183 1155
    152 1156
    169 1157
    175 1158
    160 1159
    172 1160
    184 1161
    167 1162
    203 1163
    192 1164
    173 1165
    172 1166
    162 1167
    147 1168
    181 1169
    173 1170
    179 1171
    151 1172
    188 1173
    183 1174
    168 1175
    178 1176
    168 1177
    168 1178
    166 1179
    180 1180
    162 1181
    186 1182
    193 1183
    156 1184
    188 1185
    169 1186
    181 1187
    198 1188
    178 1189
    168 1190
    173 1191
    159 1192
    172 1193
    151 1194
    168 1195
    167 1196
    196 1197
    140 1198
    170 1199
    160 1200
    180 1201
    178 1202
    163 1203
    166 1204
    185 1205
    159 1206
    150 1207
    156 1208
    165 1209
    165 1210
    137 1211
    166 1212
    178 1213
    154 1214
    162 1215
    159 1216
    155 1217
    180 1218
    167 1219
    173 1220
    158 1221
    152 1222
    144 1223
    155 1224
    156 1225
    159 1226
    179 1227
    178 1228
    177 1229
    170 1230
    174 1231
    180 1232
    167 1233
    144 1234
    162 1235
    157 1236
    166 1237
    173 1238
    160 1239
    152 1240
    178 1241
    152 1242
    147 1243
    163 1244
    174 1245
    175 1246
    161 1247
    147 1248
    145 1249
    169 1250
    168 1251
    161 1252
    146 1253
    142 1254
    149 1255
    156 1256
    164 1257
    169 1258
    198 1259
    185 1260
    151 1261
    173 1262
    157 1263
    191 1264
    175 1265
    178 1266
    154 1267
    176 1268
    174 1269
    190 1270
    158 1271
    161 1272
    142 1273
    152 1274
    172 1275
    169 1276
    178 1277
    191 1278
    162 1279
    173 1280
    173 1281
    145 1282
    170 1283
    152 1284
    136 1285
    141 1286
    160 1287
    161 1288
    145 1289
    167 1290
    155 1291
    160 1292
    159 1293
    169 1294
    138 1295
    153 1296
    167 1297
    144 1298
    165 1299
    158 1300
    151 1301
    155 1302
    152 1303
    149 1304
    136 1305
    148 1306
    174 1307
    161 1308
    141 1309
    146 1310
    138 1311
    161 1312
    167 1313
    157 1314
    143 1315
    142 1316
    136 1317
    158 1318
    168 1319
    143 1320
    144 1321
    147 1322
    128 1323
    148 1324
    171 1325
    158 1326
    140 1327
    145 1328
    153 1329
    143 1330
    164 1331
    157 1332
    152 1333
    159 1334
    140 1335
    147 1336
    152 1337
    150 1338
    148 1339
    151 1340
    132 1341
    162 1342
    140 1343
    168 1344
    150 1345
    148 1346
    163 1347
    167 1348
    163 1349
    149 1350
    153 1351
    124 1352
    141 1353
    160 1354
    124 1355
    163 1356
    174 1357
    150 1358
    154 1359
    147 1360
    156 1361
    161 1362
    159 1363
    167 1364
    124 1365
    142 1366
    146 1367
    162 1368
    152 1369
    144 1370
    161 1371
    132 1372
    136 1373
    150 1374
    132 1375
    154 1376
    133 1377
    146 1378
    135 1379
    140 1380
    149 1381
    152 1382
    142 1383
    175 1384
    130 1385
    143 1386
    157 1387
    137 1388
    144 1389
    129 1390
    131 1391
    152 1392
    155 1393
    149 1394
    149 1395
    160 1396
    137 1397
    168 1398
    134 1399
    147 1400
    126 1401
    146 1402
    137 1403
    139 1404
    153 1405
    146 1406
    130 1407
    151 1408
    132 1409
    130 1410
    149 1411
    137 1412
    143 1413
    149 1414
    167 1415
    112 1416
    127 1417
    141 1418
    132 1419
    135 1420
    128 1421
    137 1422
    130 1423
    123 1424
    144 1425
    138 1426
    132 1427
    133 1428
    131 1429
    146 1430
    131 1431
    130 1432
    146 1433
    150 1434
    135 1435
    151 1436
    148 1437
    140 1438
    132 1439
    133 1440
    127 1441
    128 1442
    116 1443
    112 1444
    129 1445
    128 1446
    106 1447
    132 1448
    115 1449
    139 1450
    115 1451
    120 1452
    109 1453
    130 1454
    130 1455
    102 1456
    112 1457
    117 1458
     95 1459
    131 1460
    137 1461
    115 1462
    116 1463
    133 1464
    118 1465
    111 1466
    129 1467
    133 1468
    117 1469
    125 1470
    122 1471
    131 1472
    123 1473
    108 1474
    132 1475
    144 1476
    111 1477
    135 1478
    122 1479
    117 1480
    139 1481
    129 1482
    138 1483
    121 1484
    105 1485
    131 1486
    114 1487
    113 1488
    143 1489
    109 1490
    128 1491
    126 1492
    119 1493
    102 1494
    130 1495
    115 1496
    124 1497
     99 1498
    107 1499
     99 1500
    124 1501
    105 1502
    117 1503
    127 1504
    118 1505
    136 1506
    141 1507
    124 1508
    131 1509
    143 1510
    135 1511
    107 1512
    132 1513
    133 1514
    148 1515
    134 1516
    136 1517
    138 1518
    125 1519
    134 1520
    148 1521
    115 1522
    118 1523
    119 1524
    114 1525
    122 1526
    109 1527
    146 1528
    115 1529
    129 1530
    127 1531
    126 1532
    108 1533
    133 1534
    122 1535
    112 1536
    101 1537
    109 1538
    134 1539
    136 1540
    130 1541
    120 1542
    111 1543
    137 1544
    120 1545
    127 1546
    141 1547
    128 1548
    125 1549
    119 1550
    114 1551
    130 1552
    110 1553
    123 1554
    123 1555
    107 1556
    132 1557
    128 1558
    131 1559
    125 1560
    117 1561
    121 1562
    128 1563
    141 1564
    121 1565
    127 1566
    145 1567
    136 1568
    113 1569
    134 1570
    123 1571
    133 1572
    129 1573
    128 1574
    138 1575
    121 1576
    119 1577
    107 1578
    123 1579
    119 1580
    116 1581
    118 1582
    106 1583
    106 1584
    117 1585
    111 1586
     97 1587
    113 1588
    108 1589
    105 1590
     94 1591
    113 1592
    123 1593
    108 1594
    104 1595
     83 1596
     96 1597
    102 1598
    116 1599
     94 1600
     96 1601
     92 1602
    114 1603
     91 1604
    101 1605
     89 1606
     97 1607
     89 1608
    103 1609
    102 1610
     94 1611
    101 1612
    120 1613
    108 1614
     94 1615
    103 1616
    116 1617
    100 1618
    105 1619
     95 1620
     98 1621
     88 1622
     83 1623
    116 1624
    102 1625
    103 1626
     92 1627
     99 1628
     96 1629
    107 1630
     99 1631
     91 1632
    102 1633
     84 1634
    108 1635
     80 1636
     91 1637
     87 1638
    116 1639
     91 1640
    108 1641
    109 1642
    102 1643
     91 1644
     92 1645
     87 1646
     78 1647
     84 1648
     81 1649
    100 1650
     82 1651
     88 1652
    104 1653
     95 1654
     89 1655
     93 1656
     94 1657
     95 1658
     92 1659
     76 1660
    109 1661
     79 1662
    101 1663
     99 1664
     80 1665
     84 1666
     94 1667
     90 1668
     97 1669
    113 1670
     77 1671
     85 1672
     88 1673
     80 1674
    104 1675
     79 1676
     89 1677
     91 1678
     86 1679
     80 1680
    100 1681
     81 1682
     85 1683
     96 1684
    107 1685
     70 1686
     87 1687
     93 1688
    110 1689
     81 1690
     91 1691
     93 1692
     99 1693
     69 1694
    100 1695
     79 1696
     86 1697
     65 1698
     87 1699
     82 1700
     78 1701
     90 1702
     80 1703
     84 1704
     94 1705
     72 1706
     89 1707
     90 1708
     86 1709
     70 1710
     92 1711
     86 1712
     82 1713
     76 1714
     85 1715
     86 1716
     76 1717
     85 1718
     90 1719
     75 1720
     80 1721
     66 1722
     69 1723
     87 1724
     55 1725
     84 1726
     87 1727
    114 1728
     75 1729
     86 1730
     75 1731
     74 1732
     66 1733
     92 1734
     79 1735
     63 1736
     79 1737
     74 1738
     79 1739
     86 1740
     77 1741
     80 1742
     78 1743
     73 1744
     60 1745
     79 1746
     79 1747
     69 1748
     64 1749
     56 1750
     86 1751
     70 1752
     92 1753
     75 1754
     74 1755
     82 1756
     90 1757
     80 1758
     72 1759
     93 1760
     83 1761
     86 1762
     88 1763
     96 1764
     74 1765
     80 1766
     86 1767
     73 1768
     91 1769
     63 1770
     88 1771
     74 1772
     87 1773
     61 1774
     83 1775
     72 1776
     91 1777
     75 1778
     73 1779
     92 1780
     89 1781
     74 1782
     84 1783
     82 1784
     87 1785
     93 1786
     96 1787
     76 1788
     93 1789
     81 1790
     89 1791
     77 1792
     77 1793
     78 1794
     83 1795
     85 1796
     69 1797
     80 1798
     68 1799
     68 1800
     67 1801
     81 1802
     84 1803
     76 1804
     63 1805
    108 1806
     85 1807
     77 1808
     65 1809
     92 1810
     82 1811
     72 1812
     78 1813
     80 1814
     92 1815
     67 1816
     69 1817
     71 1818
     71 1819
     85 1820
     86 1821
     73 1822
     79 1823
     76 1824
     69 1825
     73 1826
     80 1827
     73 1828
     81 1829
     74 1830
     59 1831
     72 1832
     62 1833
     69 1834
     71 1835
     59 1836
     63 1837
     66 1838
     59 1839
     66 1840
     83 1841
     77 1842
     58 1843
     57 1844
     78 1845
     59 1846
     60 1847
     78 1848
     74 1849
     72 1850
     75 1851
     69 1852
     65 1853
     75 1854
     78 1855
     65 1856
     69 1857
     65 1858
     77 1859
     52 1860
     80 1861
     67 1862
     71 1863
     74 1864
     66 1865
     59 1866
     55 1867
     66 1868
     85 1869
     72 1870
     72 1871
     56 1872
     60 1873
     58 1874
     60 1875
     58 1876
     68 1877
     58 1878
     55 1879
     53 1880
     65 1881
     78 1882
     69 1883
     56 1884
     59 1885
     62 1886
     67 1887
     53 1888
     63 1889
     63 1890
     71 1891
     60 1892
     70 1893
     81 1894
     66 1895
     62 1896
     62 1897
     79 1898
     71 1899
     63 1900
     48 1901
     66 1902
     68 1903
     57 1904
     60 1905
     69 1906
     64 1907
     71 1908
     57 1909
     73 1910
     89 1911
     81 1912
     73 1913
     64 1914
     65 1915
     83 1916
     64 1917
     63 1918
     65 1919
     56 1920
     68 1921
     68 1922
     64 1923
     48 1924
     62 1925
     66 1926
     69 1927
     53 1928
     42 1929
     65 1930
     52 1931
     54 1932
     71 1933
     78 1934
     51 1935
     60 1936
     78 1937
     50 1938
     74 1939
     60 1940
     56 1941
     52 1942
     91 1943
     62 1944
     72 1945
     74 1946
     56 1947
     60 1948
     69 1949
     48 1950
     73 1951
     50 1952
     60 1953
     59 1954
     58 1955
     56 1956
     64 1957
     50 1958
     51 1959
     70 1960
     56 1961
     53 1962
     57 1963
     45 1964
     51 1965
     68 1966
     60 1967
     75 1968
     55 1969
     49 1970
     57 1971
     49 1972
     68 1973
     54 1974
     56 1975
     75 1976
     43 1977
     64 1978
     52 1979
     64 1980
     67 1981
     58 1982
     62 1983
     52 1984
     45 1985
     59 1986
     55 1987
     62 1988
     61 1989
     57 1990
     72 1991
     73 1992
     56 1993
     48 1994
     54 1995
     60 1996
     59 1997
     40 1998
     49 1999
     60 2000
     53 2001
     54 2002
     53 2003
     57 2004
     63 2005
     64 2006
     47 2007
     38 2008
     44 2009
     58 2010
     52 2011
     57 2012
     53 2013
     64 2014
     67 2015
     57 2016
     54 2017
     48 2018
     51 2019
     48 2020
     60 2021
     54 2022
     51 2023
     68 2024
     47 2025
     62 2026
     53 2027
     63 2028
     47 2029
     64 2030
     57 2031
     61 2032
     56 2033
     68 2034
     61 2035
     54 2036
     58 2037
     49 2038
     52 2039
     48 2040
     54 2041
     57 2042
     52 2043
     64 2044
     58 2045
     57 2046
     64 2047
     57 2048
     53 2049
     62 2050
     70 2051
     55 2052
     51 2053
     62 2054
     38 2055
     68 2056
     60 2057
     62 2058
     61 2059
     53 2060
     54 2061
     57 2062
     54 2063
     59 2064
     60 2065
     55 2066
     73 2067
     50 2068
     56 2069
     42 2070
     51 2071
     54 2072
     53 2073
     52 2074
     50 2075
     56 2076
     65 2077
     48 2078
     66 2079
     43 2080
     59 2081
     56 2082
     59 2083
     52 2084
     54 2085
     61 2086
     52 2087
     55 2088
     44 2089
     52 2090
     70 2091
     58 2092
     44 2093
     56 2094
     62 2095
     53 2096
     44 2097
     48 2098
     45 2099
     50 2100
     66 2101
     53 2102
     56 2103
     60 2104
     40 2105
     56 2106
     53 2107
     57 2108
     64 2109
     40 2110
     68 2111
     47 2112
     54 2113
     62 2114
     52 2115
     42 2116
     54 2117
     50 2118
     51 2119
     49 2120
     51 2121
     62 2122
     56 2123
     43 2124
     44 2125
     48 2126
     56 2127
     54 2128
     44 2129
     59 2130
     60 2131
     46 2132
     51 2133
     59 2134
     52 2135
     55 2136
     63 2137
     62 2138
     52 2139
     52 2140
     46 2141
     57 2142
     49 2143
     52 2144
     51 2145
     42 2146
     46 2147
     51 2148
     54 2149
     54 2150
     50 2151
     62 2152
     53 2153
     49 2154
     43 2155
     56 2156
     50 2157
     58 2158
     47 2159
     40 2160
     54 2161
     46 2162
     65 2163
     54 2164
     49 2165
     59 2166
     51 2167
     59 2168
     56 2169
     49 2170
     55 2171
     67 2172
     46 2173
     43 2174
     48 2175
     48 2176
     59 2177
     53 2178
     46 2179
     58 2180
     46 2181
     62 2182
     45 2183
     63 2184
     47 2185
     58 2186
     55 2187
     54 2188
     51 2189
     63 2190
     49 2191
     73 2192
     64 2193
     58 2194
     51 2195
     50 2196
     43 2197
     57 2198
     49 2199
     50 2200
     50 2201
     54 2202
     50 2203
     57 2204
     51 2205
     54 2206
     56 2207
     60 2208
     44 2209
     43 2210
     75 2211
     60 2212
     46 2213
     55 2214
     68 2215
     50 2216
     54 2217
     51 2218
     48 2219
     53 2220
     59 2221
     62 2222
     52 2223
     48 2224
     68 2225
     52 2226
     43 2227
     56 2228
     54 2229
     50 2230
     47 2231
     51 2232
     60 2233
     44 2234
     52 2235
     61 2236
     46 2237
     57 2238
     45 2239
     54 2240
     50 2241
     50 2242
     56 2243
     61 2244
     55 2245
     51 2246
     59 2247
     61 2248
     56 2249
     49 2250
     48 2251
     49 2252
     55 2253
     63 2254
     50 2255
     55 2256
     50 2257
     69 2258
     59 2259
     49 2260
     48 2261
     58 2262
     50 2263
     62 2264
     61 2265
     46 2266
     59 2267
     58 2268
     49 2269
     57 2270
     44 2271
     60 2272
     54 2273
     52 2274
     64 2275
     57 2276
     48 2277
     51 2278
     55 2279
     59 2280
     51 2281
     46 2282
     47 2283
     52 2284
     40 2285
     50 2286
     68 2287
     59 2288
     58 2289
     61 2290
     66 2291
     43 2292
     58 2293
     48 2294
     55 2295
     64 2296
     56 2297
     57 2298
     50 2299
     46 2300
     45 2301
     52 2302
     65 2303
     48 2304
     44 2305
     54 2306
     51 2307
     50 2308
     52 2309
     49 2310
     49 2311
     65 2312
     47 2313
     48 2314
     53 2315
     52 2316
     41 2317
     47 2318
     56 2319
     52 2320
     49 2321
     58 2322
     50 2323
     46 2324
     66 2325
     46 2326
     52 2327
     60 2328
     52 2329
     62 2330
     58 2331
     42 2332
     53 2333
     63 2334
     58 2335
     55 2336
     68 2337
     60 2338
     66 2339
     64 2340
     50 2341
     58 2342
     53 2343
     67 2344
     56 2345
     56 2346
     47 2347
     72 2348
     63 2349
     63 2350
     48 2351
     53 2352
     62 2353
     63 2354
     60 2355
     50 2356
     56 2357
     57 2358
     53 2359
     66 2360
     66 2361
     51 2362
     62 2363
     54 2364
     59 2365
     47 2366
     60 2367
     63 2368
     59 2369
     54 2370
     54 2371
     60 2372
     50 2373
     56 2374
     61 2375
     51 2376
     62 2377
     43 2378
     55 2379
     68 2380
     61 2381
     52 2382
     62 2383
     53 2384
     76 2385
     42 2386
     48 2387
     63 2388
     64 2389
     58 2390
     57 2391
     52 2392
     41 2393
     60 2394
     73 2395
     57 2396
     78 2397
     57 2398
     81 2399
     66 2400
     52 2401
     63 2402
     60 2403
     64 2404
     64 2405
     63 2406
     46 2407
     61 2408
     73 2409
     42 2410
     63 2411
     42 2412
     51 2413
     55 2414
     51 2415
     56 2416
     52 2417
     54 2418
     56 2419
     62 2420
     55 2421
     58 2422
     68 2423
     61 2424
     59 2425
     55 2426
     65 2427
     35 2428
     49 2429
     52 2430
     52 2431
     47 2432
     55 2433
     40 2434
     57 2435
     56 2436
     56 2437
     47 2438
     43 2439
     52 2440
     58 2441
     66 2442
     63 2443
     50 2444
     57 2445
     45 2446
     42 2447
     38 2448
     54 2449
     47 2450
     46 2451
     60 2452
     58 2453
     46 2454
     46 2455
     60 2456
     64 2457
     59 2458
     53 2459
     63 2460
     53 2461
     52 2462
     46 2463
     44 2464
     58 2465
     61 2466
     60 2467
     59 2468
     39 2469
     58 2470
     55 2471
     39 2472
     45 2473
     53 2474
     51 2475
     58 2476
     44 2477
     48 2478
     46 2479
     58 2480
     49 2481
     53 2482
     44 2483
     54 2484
     46 2485
     53 2486
     55 2487
     48 2488
     53 2489
     53 2490
     50 2491
     55 2492
     53 2493
     58 2494
     60 2495
     62 2496
     59 2497
     49 2498
     51 2499
     56 2500
     55 2501
     71 2502
     50 2503
     58 2504
     62 2505
     55 2506
     63 2507
     50 2508
     45 2509
     57 2510
     66 2511
     62 2512
     58 2513
     60 2514
     54 2515
     50 2516
     58 2517
     43 2518
     44 2519
     58 2520
     51 2521
     56 2522
     47 2523
     47 2524
     58 2525
     64 2526
     53 2527
     66 2528
     67 2529
     49 2530
     55 2531
     53 2532
     60 2533
     36 2534
     58 2535
     50 2536
     57 2537
     55 2538
     48 2539
     54 2540
     49 2541
     44 2542
     48 2543
     52 2544
     50 2545
     51 2546
     54 2547
     56 2548
     57 2549
     52 2550
     54 2551
     44 2552
     44 2553
     58 2554
     55 2555
     47 2556
     54 2557
     48 2558
     44 2559
     48 2560
     44 2561
     44 2562
     42 2563
     60 2564
     52 2565
     41 2566
     55 2567
     43 2568
     43 2569
     49 2570
     62 2571
     57 2572
     41 2573
     44 2574
     51 2575
     46 2576
     41 2577
     46 2578
     54 2579
     48 2580
     60 2581
     55 2582
     40 2583
     54 2584
     54 2585
     51 2586
     53 2587
     50 2588
     45 2589
     35 2590
     54 2591
     42 2592
     57 2593
     56 2594
     49 2595
     45 2596
     34 2597
     49 2598
     34 2599
     50 2600
     34 2601
     43 2602
     43 2603
     38 2604
     45 2605
     56 2606
     65 2607
     41 2608
     46 2609
     41 2610
     42 2611
     50 2612
     40 2613
     42 2614
     42 2615
     62 2616
     47 2617
     42 2618
     51 2619
     40 2620
     46 2621
     57 2622
     43 2623
     52 2624
     42 2625
     52 2626
     45 2627
     43 2628
     45 2629
     50 2630
     56 2631
     43 2632
     55 2633
     60 2634
     56 2635
     65 2636
     63 2637
     53 2638
     56 2639
     43 2640
     51 2641
     53 2642
     67 2643
     54 2644
     58 2645
     35 2646
     54 2647
     53 2648
     49 2649
     43 2650
     47 2651
     55 2652
     59 2653
     47 2654
     40 2655
     46 2656
     49 2657
     49 2658
     39 2659
     45 2660
     59 2661
     50 2662
     61 2663
     58 2664
     39 2665
     57 2666
     62 2667
     56 2668
     52 2669
     54 2670
     44 2671
     64 2672
     50 2673
     56 2674
     46 2675
     48 2676
     54 2677
     45 2678
     53 2679
     51 2680
     61 2681
     59 2682
     49 2683
     68 2684
     53 2685
     61 2686
     62 2687
     47 2688
     59 2689
     53 2690
     73 2691
     56 2692
     57 2693
     47 2694
     57 2695
     54 2696
     58 2697
     54 2698
     42 2699
     51 2700
     68 2701
     60 2702
     62 2703
     46 2704
     62 2705
     54 2706
     44 2707
     43 2708
     56 2709
     47 2710
     52 2711
     49 2712
     49 2713
     58 2714
     51 2715
     44 2716
     54 2717
     62 2718
     54 2719
     69 2720
     58 2721
     52 2722
     51 2723
     60 2724
     56 2725
     48 2726
     63 2727
     50 2728
     44 2729
     70 2730
     58 2731
     42 2732
     61 2733
     49 2734
     54 2735
     71 2736
     52 2737
     57 2738
     54 2739
     45 2740
     54 2741
     52 2742
     64 2743
     54 2744
     63 2745
     56 2746
     50 2747
     57 2748
     53 2749
     48 2750
     61 2751
     55 2752
     52 2753
     55 2754
     45 2755
     54 2756
     52 2757
     68 2758
     43 2759
     53 2760
     46 2761
     56 2762
     62 2763
     47 2764
     54 2765
     45 2766
     44 2767
     52 2768
     47 2769
     53 2770
     59 2771
     58 2772
     60 2773
     64 2774
     53 2775
     57 2776
     52 2777
     52 2778
     53 2779
     37 2780
     54 2781
     58 2782
     51 2783
     47 2784
     50 2785
     49 2786
     42 2787
     48 2788
     50 2789
     42 2790
     37 2791
     45 2792
     61 2793
     41 2794
     57 2795
     56 2796
     48 2797
     44 2798
     45 2799
     54 2800
     38 2801
     42 2802
     43 2803
     53 2804
     68 2805
     42 2806
     47 2807
     51 2808
     56 2809
     44 2810
     56 2811
     49 2812
     53 2813
     48 2814
     52 2815
     52 2816
     56 2817
     31 2818
     57 2819
     53 2820
     36 2821
     47 2822
     51 2823
     45 2824
     36 2825
     54 2826
     50 2827
     38 2828
     39 2829
     46 2830
     42 2831
     40 2832
     43 2833
     47 2834
     32 2835
     33 2836
     37 2837
     40 2838
     36 2839
     31 2840
     39 2841
     49 2842
     54 2843
     37 2844
     45 2845
     45 2846
     38 2847
     46 2848
     40 2849
     54 2850
     56 2851
     56 2852
     52 2853
     41 2854
     35 2855
     45 2856
     38 2857
     49 2858
     40 2859
     44 2860
     47 2861
     49 2862
     38 2863
     35 2864
     35 2865
     45 2866
     39 2867
     51 2868
     41 2869
     45 2870
     39 2871
     42 2872
     47 2873
     50 2874
     29 2875
     43 2876
     34 2877
     47 2878
     49 2879
     49 2880
     40 2881
     34 2882
     42 2883
     43 2884
     37 2885
     42 2886
     47 2887
     35 2888
     42 2889
     41 2890
     48 2891
     40 2892
     35 2893
     42 2894
     48 2895
     45 2896
     51 2897
     58 2898
     38 2899
     40 2900
     37 2901
     47 2902
     41 2903
     57 2904
     51 2905
     53 2906
     54 2907
     45 2908
     42 2909
     48 2910
     42 2911
     38 2912
     47 2913
     43 2914
     47 2915
     53 2916
     37 2917
     37 2918
     51 2919
     36 2920
     41 2921
     44 2922
     41 2923
     44 2924
     48 2925
     29 2926
     40 2927
     49 2928
     39 2929
     37 2930
     42 2931
     33 2932
     30 2933
     51 2934
     38 2935
     45 2936
     33 2937
     39 2938
     36 2939
     40 2940
     39 2941
     37 2942
     39 2943
     47 2944
     50 2945
     45 2946
     57 2947
     54 2948
     44 2949
     49 2950
     49 2951
     47 2952
     42 2953
     42 2954
     45 2955
     44 2956
     42 2957
     38 2958
     41 2959
     49 2960
     43 2961
     43 2962
     40 2963
     46 2964
     47 2965
     36 2966
     38 2967
     38 2968
     52 2969
     39 2970
     42 2971
     56 2972
     31 2973
     36 2974
     33 2975
     37 2976
     36 2977
     37 2978
     39 2979
     34 2980
     32 2981
     28 2982
     41 2983
     41 2984
     33 2985
     41 2986
     34 2987
     30 2988
     35 2989
     36 2990
     29 2991
     34 2992
     33 2993
     40 2994
     37 2995
     42 2996
     44 2997
     34 2998
     37 2999
     27 3000
     40 3001
     39 3002
     42 3003
     45 3004
     27 3005
     40 3006
     31 3007
     46 3008
     34 3009
     46 3010
     39 3011
     33 3012
     31 3013
     31 3014
     32 3015
     36 3016
     30 3017
     34 3018
     35 3019
     31 3020
     27 3021
     24 3022
     36 3023
     36 3024
     26 3025
     25 3026
     32 3027
     35 3028
     38 3029
     27 3030
     34 3031
     39 3032
     25 3033
     21 3034
     25 3035
     33 3036
     28 3037
     23 3038
     30 3039
     23 3040
     26 3041
     18 3042
     23 3043
     31 3044
     30 3045
     25 3046
     22 3047
     28 3048
     29 3049
     25 3050
     17 3051
     33 3052
     26 3053
     29 3054
     26 3055
     31 3056
     32 3057
     26 3058
     28 3059
     22 3060
     21 3061
     26 3062
     20 3063
     14 3064
     25 3065
     23 3066
     26 3067
     22 3068
     24 3069
     37 3070
     27 3071
     34 3072
     17 3073
     20 3074
     29 3075
     25 3076
     35 3077
     24 3078
     26 3079
     25 3080
     31 3081
     31 3082
     27 3083
     31 3084
     33 3085
     28 3086
     27 3087
     33 3088
     31 3089
     24 3090
     22 3091
     20 3092
     20 3093
     19 3094
     39 3095
     31 3096
     30 3097
     21 3098
     23 3099
     30 3100
     22 3101
     25 3102
     26 3103
     26 3104
     26 3105
     23 3106
     24 3107
     28 3108
     23 3109
     25 3110
     29 3111
     22 3112
     29 3113
     31 3114
     27 3115
     18 3116
     24 3117
     23 3118
     31 3119
     25 3120
     29 3121
     20 3122
     20 3123
     27 3124
     24 3125
     26 3126
     34 3127
     25 3128
     19 3129
     26 3130
     27 3131
     20 3132
     24 3133
     20 3134
     25 3135
     22 3136
     20 3137
     19 3138
     19 3139
     20 3140
     19 3141
     24 3142
     22 3143
     31 3144
     29 3145
     22 3146
     23 3147
     33 3148
     27 3149
     24 3150
     22 3151
     22 3152
     24 3153
     28 3154
     32 3155
     29 3156
     30 3157
     22 3158
     22 3159
     20 3160
     30 3161
     26 3162
     29 3163
     33 3164
     24 3165
     19 3166
     20 3167
     21 3168
     15 3169
     35 3170
     25 3171
     28 3172
     22 3173
     20 3174
     22 3175
     21 3176
     37 3177
     28 3178
     24 3179
     27 3180
     28 3181
     17 3182
     23 3183
     20 3184
     23 3185
     31 3186
     16 3187
     22 3188
     22 3189
     23 3190
     22 3191
     27 3192
     19 3193
     32 3194
     24 3195
     25 3196
     23 3197
     32 3198
     23 3199
     24 3200
     22 3201
     22 3202
     19 3203
     19 3204
     23 3205
     23 3206
     25 3207
     23 3208
     26 3209
     24 3210
     27 3211
     24 3212
     25 3213
     20 3214
     24 3215
     12 3216
     24 3217
     13 3218
     31 3219
     23 3220
     23 3221
     19 3222
     13 3223
     17 3224
     26 3225
     22 3226
     21 3227
     18 3228
     17 3229
     18 3230
     22 3231
     18 3232
     18 3233
     21 3234
     20 3235
     16 3236
     19 3237
      9 3238
     19 3239
     20 3240
     13 3241
     20 3242
     25 3243
     20 3244
     20 3245
     11 3246
     23 3247
     13 3248
     17 3249
     19 3250
      9 3251
     10 3252
     12 3253
     17 3254
     21 3255
     26 3256
     15 3257
     20 3258
     15 3259
     23 3260
     13 3261
     17 3262
     16 3263
     24 3264
     13 3265
     19 3266
     20 3267
     16 3268
     28 3269
     18 3270
     22 3271
     20 3272
     19 3273
     19 3274
     17 3275
     13 3276
     18 3277
     20 3278
     14 3279
     23 3280
     17 3281
     22 3282
     25 3283
     21 3284
     15 3285
     17 3286
     17 3287
     20 3288
     25 3289
     15 3290
     20 3291
     13 3292
     18 3293
     21 3294
     14 3295
     22 3296
     16 3297
     13 3298
     12 3299
     19 3300
     18 3301
     16 3302
      7 3303
     10 3304
     19 3305
     24 3306
     10 3307
     10 3308
     17 3309
     19 3310
     18 3311
     18 3312
     19 3313
     22 3314
     22 3315
     16 3316
     13 3317
     13 3318
     16 3319
     17 3320
     14 3321
     13 3322
     17 3323
     15 3324
     21 3325
     12 3326
     15 3327
     20 3328
     13 3329
     21 3330
     17 3331
     17 3332
     16 3333
     17 3334
     13 3335
     22 3336
     23 3337
     19 3338
     17 3339
     11 3340
     17 3341
     12 3342
      9 3343
     18 3344
     12 3345
     14 3346
     18 3347
     21 3348
      8 3349
     10 3350
     21 3351
     14 3352
     13 3353
     15 3354
     21 3355
     24 3356
     17 3357
     17 3358
     15 3359
     17 3360
      8 3361
     13 3362
     10 3363
     12 3364
     16 3365
     18 3366
     16 3367
     13 3368
     14 3369
     14 3370
     15 3371
     18 3372
     13 3373
     19 3374
     13 3375
     16 3376
     14 3377
     14 3378
     15 3379
     12 3380
     13 3381
     15 3382
     11 3383
     25 3384
     15 3385
     20 3386
      8 3387
     18 3388
     17 3389
     20 3390
     14 3391
     14 3392
     14 3393
     18 3394
     10 3395
     14 3396
      7 3397
     12 3398
     18 3399
     11 3400
     11 3401
     13 3402
     19 3403
     13 3404
     12 3405
      8 3406
     11 3407
     14 3408
     16 3409
     17 3410
     18 3411
     18 3412
     10 3413
     18 3414
     10 3415
     11 3416
     24 3417
     16 3418
     14 3419
     20 3420
     20 3421
     14 3422
     20 3423
     16 3424
      9 3425
     12 3426
     16 3427
     14 3428
     13 3429
     14 3430
      7 3431
     12 3432
     19 3433
     17 3434
     21 3435
     11 3436
     12 3437
     13 3438
     19 3439
     15 3440
     10 3441
     11 3442
     17 3443
     20 3444
     15 3445
     13 3446
     15 3447
     21 3448
     17 3449
     16 3450
     14 3451
     18 3452
      9 3453
     15 3454
     16 3455
      4 3456
     16 3457
     12 3458
     14 3459
     13 3460
     19 3461
     14 3462
     15 3463
     10 3464
     19 3465
     16 3466
     13 3467
     21 3468
     11 3469
     10 3470
     14 3471
     17 3472
     10 3473
     11 3474
     11 3475
     10 3476
     13 3477
     16 3478
     23 3479
     18 3480
     18 3481
      9 3482
     14 3483
     12 3484
     20 3485
     13 3486
     13 3487
     18 3488
     18 3489
     19 3490
     15 3491
     18 3492
     13 3493
     22 3494
     14 3495
     13 3496
     14 3497
     13 3498
     10 3499
     17 3500
     17 3501
      8 3502
     20 3503
     10 3504
     18 3505
     16 3506
      9 3507
     22 3508
     12 3509
      8 3510
      9 3511
     17 3512
     15 3513
     15 3514
     16 3515
      9 3516
     13 3517
     15 3518
     15 3519
     14 3520
     15 3521
     16 3522
     15 3523
     12 3524
     16 3525
     16 3526
     23 3527
     20 3528
     16 3529
     19 3530
     16 3531
     22 3532
     13 3533
     20 3534
     11 3535
     15 3536
     18 3537
     12 3538
     10 3539
     14 3540
     13 3541
     20 3542
     17 3543
     17 3544
     20 3545
     20 3546
     10 3547
     15 3548
     16 3549
     10 3550
     13 3551
     14 3552
     14 3553
     19 3554
     11 3555
     16 3556
      9 3557
     15 3558
     12 3559
      7 3560
     20 3561
     13 3562
     16 3563
     10 3564
     15 3565
     18 3566
     19 3567
      7 3568
     12 3569
     18 3570
     13 3571
     19 3572
     13 3573
     12 3574
      3 3575
     14 3576
     11 3577
     10 3578
     15 3579
     17 3580
     13 3581
     11 3582
     10 3583
     10 3584
     18 3585
     15 3586
     15 3587
     14 3588
     14 3589
     12 3590
     13 3591
     14 3592
     13 3593
     17 3594
     15 3595
     21 3596
     17 3597
     19 3598
     19 3599
     17 3600
      9 3601
      9 3602
      5 3603
      8 3604
     12 3605
     11 3606
     20 3607
     12 3608
     11 3609
      9 3610
     14 3611
     11 3612
     10 3613
     15 3614
     12 3615
     15 3616
     12 3617
     13 3618
     19 3619
     11 3620
     14 3621
     11 3622
      9 3623
     13 3624
     13 3625
     15 3626
     14 3627
     18 3628
     11 3629
     17 3630
     14 3631
     11 3632
     14 3633
     12 3634
     14 3635
     12 3636
     12 3637
     11 3638
      8 3639
     13 3640
     10 3641
     12 3642
     15 3643
     13 3644
     13 3645
     10 3646
     12 3647
      9 3648
     15 3649
     12 3650
     12 3651
      9 3652
     12 3653
     14 3654
     10 3655
      6 3656
     12 3657
     15 3658
     11 3659
     14 3660
     12 3661
     10 3662
     10 3663
     16 3664
     11 3665
      8 3666
     11 3667
     20 3668
     18 3669
     15 3670
     19 3671
     14 3672
     10 3673
     10 3674
     10 3675
      7 3676
     16 3677
     10 3678
      7 3679
     10 3680
      8 3681
     10 3682
      9 3683
     15 3684
     15 3685
      9 3686
      6 3687
     14 3688
     10 3689
     21 3690
      7 3691
      9 3692
     14 3693
     14 3694
     13 3695
     17 3696
      8 3697
     14 3698
     11 3699
     15 3700
     13 3701
     13 3702
     16 3703
     12 3704
     13 3705
     15 3706
     17 3707
      9 3708
      7 3709
     17 3710
     10 3711
      8 3712
     13 3713
     23 3714
     13 3715
     17 3716
     13 3717
      7 3718
     11 3719
     10 3720
     12 3721
     12 3722
     13 3723
     15 3724
     13 3725
     16 3726
      8 3727
     11 3728
     16 3729
      9 3730
     10 3731
     12 3732
     11 3733
     13 3734
      8 3735
     16 3736
     15 3737
     13 3738
     17 3739
     10 3740
     14 3741
     10 3742
     14 3743
      7 3744
     11 3745
     12 3746
     13 3747
     10 3748
     15 3749
      5 3750
     18 3751
      8 3752
     18 3753
     16 3754
     11 3755
     11 3756
      9 3757
      9 3758
     18 3759
     15 3760
     16 3761
     10 3762
      8 3763
      8 3764
     12 3765
     10 3766
     13 3767
     12 3768
     11 3769
     16 3770
      9 3771
     11 3772
      6 3773
     12 3774
     12 3775
     12 3776
     11 3777
      9 3778
      7 3779
      6 3780
      6 3781
     10 3782
     14 3783
     12 3784
      9 3785
     13 3786
     16 3787
     12 3788
     12 3789
      9 3790
     14 3791
     16 3792
      9 3793
      9 3794
     14 3795
     11 3796
     14 3797
     18 3798
     15 3799
     10 3800
      9 3801
      8 3802
      8 3803
      6 3804
      8 3805
      8 3806
     12 3807
     12 3808
     15 3809
     21 3810
     11 3811
     18 3812
     14 3813
     19 3814
     15 3815
     11 3816
     11 3817
      8 3818
     15 3819
     16 3820
     12 3821
     11 3822
     10 3823
     14 3824
     12 3825
      9 3826
      7 3827
      7 3828
     12 3829
      5 3830
     16 3831
     10 3832
      8 3833
     12 3834
      9 3835
      6 3836
      9 3837
      7 3838
      8 3839
     15 3840
     14 3841
     12 3842
      8 3843
     11 3844
     11 3845
      5 3846
     11 3847
     17 3848
      9 3849
      9 3850
      9 3851
     19 3852
     15 3853
     15 3854
     13 3855
     10 3856
     14 3857
     12 3858
     17 3859
     10 3860
      5 3861
      9 3862
     10 3863
     14 3864
     14 3865
     18 3866
     12 3867
     19 3868
     10 3869
     16 3870
     13 3871
     15 3872
      8 3873
     18 3874
     12 3875
     21 3876
     10 3877
     11 3878
      9 3879
     20 3880
     13 3881
      8 3882
      6 3883
     15 3884
     15 3885
     13 3886
     10 3887
     12 3888
     11 3889
      9 3890
     12 3891
     15 3892
     17 3893
     17 3894
     18 3895
     11 3896
      7 3897
     18 3898
     15 3899
     13 3900
     12 3901
     11 3902
      8 3903
     10 3904
     15 3905
     11 3906
     13 3907
      8 3908
     18 3909
     11 3910
      9 3911
     11 3912
     12 3913
      6 3914
      6 3915
      8 3916
     17 3917
     10 3918
      9 3919
      9 3920
      8 3921
      5 3922
     10 3923
      7 3924
      9 3925
      8 3926
      7 3927
     21 3928
     17 3929
     16 3930
     10 3931
     12 3932
     10 3933
      9 3934
      9 3935
     14 3936
     12 3937
     15 3938
      8 3939
     16 3940
     12 3941
     10 3942
     14 3943
     10 3944
     18 3945
     10 3946
     20 3947
     10 3948
      8 3949
     11 3950
     15 3951
     11 3952
      9 3953
      6 3954
     11 3955
      5 3956
      8 3957
     11 3958
     13 3959
     10 3960
     11 3961
     10 3962
     15 3963
     12 3964
     10 3965
      9 3966
     19 3967
     12 3968
     12 3969
     14 3970
      5 3971
     17 3972
     13 3973
      9 3974
      5 3975
     20 3976
     12 3977
      7 3978
     11 3979
     11 3980
     15 3981
     10 3982
      9 3983
      8 3984
      8 3985
     10 3986
      9 3987
     14 3988
     11 3989
     11 3990
      8 3991
     16 3992
     11 3993
     11 3994
     13 3995
     14 3996
      9 3997
     13 3998
      7 3999
      8 4000
      7 4001
     13 4002
     14 4003
      6 4004
      3 4005
      7 4006
     14 4007
     13 4008
      5 4009
      7 4010
      9 4011
      9 4012
     13 4013
      7 4014
     12 4015
     10 4016
      6 4017
     10 4018
     10 4019
      7 4020
     12 4021
     12 4022
     12 4023
      9 4024
     10 4025
      8 4026
      9 4027
      6 4028
     11 4029
      7 4030
     14 4031
     13 4032
     13 4033
      9 4034
     14 4035
     13 4036
     11 4037
     10 4038
     12 4039
      8 4040
     13 4041
     13 4042
      7 4043
     11 4044
      9 4045
      8 4046
      9 4047
      7 4048
     11 4049
     10 4050
     10 4051
     10 4052
      9 4053
     18 4054
      9 4055
     11 4056
     16 4057
     24 4058
     22 4059
     11 4060
     13 4061
     10 4062
     11 4063
     16 4064
      8 4065
     11 4066
     10 4067
      8 4068
      8 4069
     10 4070
      9 4071
      6 4072
      8 4073
     14 4074
     10 4075
     17 4076
      8 4077
     10 4078
     13 4079
      7 4080
     14 4081
      9 4082
      8 4083
      7 4084
     11 4085
     12 4086
     11 4087
     10 4088
      6 4089
     16 4090
      9 4091
     17 4092
     14 4093
     15 4094
     11 4095
     15 4096
     18 4097
     11 4098
     13 4099
     19 4100
     17 4101
     10 4102
     11 4103
     10 4104
      6 4105
      7 4106
      5 4107
     13 4108
      8 4109
      9 4110
      8 4111
     10 4112
      9 4113
      7 4114
      5 4115
      6 4116
      4 4117
     11 4118
     10 4119
      9 4120
     13 4121
      9 4122
     15 4123
      7 4124
     13 4125
     16 4126
     10 4127
     10 4128
      8 4129
     12 4130
      8 4131
     15 4132
     12 4133
      5 4134
     14 4135
     11 4136
      9 4137
     16 4138
      5 4139
      7 4140
      7 4141
     13 4142
     11 4143
      8 4144
     16 4145
     12 4146
     13 4147
      6 4148
     10 4149
     10 4150
     10 4151
     12 4152
      7 4153
      7 4154
      5 4155
     13 4156
      9 4157
     11 4158
     10 4159
      8 4160
     11 4161
     10 4162
      7 4163
     13 4164
     12 4165
     10 4166
     11 4167
      9 4168
      8 4169
     12 4170
      8 4171
      9 4172
     17 4173
      8 4174
      7 4175
     12 4176
     12 4177
      9 4178
     10 4179
      8 4180
     11 4181
      5 4182
     10 4183
      8 4184
      9 4185
     11 4186
     12 4187
     13 4188
     15 4189
      7 4190
      8 4191
     12 4192
     11 4193
     14 4194
      8 4195
      7 4196
     16 4197
     15 4198
     15 4199
     16 4200
     12 4201
      9 4202
     15 4203
      7 4204
      9 4205
      8 4206
     13 4207
     14 4208
      8 4209
     14 4210
      7 4211
     13 4212
      9 4213
     14 4214
      8 4215
     11 4216
      8 4217
     10 4218
      6 4219
      8 4220
     14 4221
     11 4222
      8 4223
      9 4224
     11 4225
      9 4226
     10 4227
     20 4228
      7 4229
     10 4230
     11 4231
      9 4232
      4 4233
      8 4234
      8 4235
      6 4236
      9 4237
     10 4238
      8 4239
     11 4240
     14 4241
      8 4242
     11 4243
      9 4244
      8 4245
     10 4246
      7 4247
      6 4248
      8 4249
      2 4250
     14 4251
      6 4252
      6 4253
     11 4254
     10 4255
     15 4256
      7 4257
      5 4258
      6 4259
      9 4260
     15 4261
      7 4262
     10 4263
      9 4264
      8 4265
      7 4266
      4 4267
      4 4268
     14 4269
      6 4270
     12 4271
     10 4272
      6 4273
      9 4274
     12 4275
     12 4276
      9 4277
      8 4278
     12 4279
     11 4280
      4 4281
      5 4282
     13 4283
     11 4284
     10 4285
     10 4286
     16 4287
      6 4288
     11 4289
      5 4290
      6 4291
     10 4292
     12 4293
      8 4294
      6 4295
     14 4296
      8 4297
      9 4298
     12 4299
      5 4300
      4 4301
      6 4302
      8 4303
      6 4304
      9 4305
      7 4306
      6 4307
      9 4308
      6 4309
     11 4310
      6 4311
     10 4312
      9 4313
     10 4314
      3 4315
      7 4316
      3 4317
      8 4318
      9 4319
     12 4320
      8 4321
     10 4322
      4 4323
      4 4324
      4 4325
      7 4326
      5 4327
     14 4328
     12 4329
      7 4330
     13 4331
      9 4332
      5 4333
     14 4334
      7 4335
      6 4336
      7 4337
     12 4338
      7 4339
      7 4340
      8 4341
     12 4342
     10 4343
      8 4344
      6 4345
      7 4346
      9 4347
      7 4348
      7 4349
     11 4350
     11 4351
      9 4352
      6 4353
      5 4354
      6 4355
      7 4356
      5 4357
     15 4358
      8 4359
      5 4360
      9 4361
     10 4362
     15 4363
     12 4364
     16 4365
      4 4366
      7 4367
     11 4368
      7 4369
     12 4370
     10 4371
      3 4372
      7 4373
      4 4374
      7 4375
      9 4376
     11 4377
      9 4378
      4 4379
      9 4380
      8 4381
     12 4382
      8 4383
     10 4384
      6 4385
      4 4386
     11 4387
      6 4388
     12 4389
      6 4390
      5 4391
      4 4392
     10 4393
      8 4394
      9 4395
      8 4396
      4 4397
     11 4398
      7 4399
      5 4400
      8 4401
      8 4402
      4 4403
      8 4404
     13 4405
      6 4406
     11 4407
     10 4408
     12 4409
      9 4410
      7 4411
     10 4412
      6 4413
      4 4414
      7 4415
     10 4416
      3 4417
      4 4418
      5 4419
      5 4420
      5 4421
      8 4422
      3 4423
      6 4424
      8 4425
      5 4426
      6 4427
      9 4428
      8 4429
     11 4430
      5 4431
      4 4432
      3 4433
     10 4434
      9 4435
      5 4436
      9 4437
     10 4438
      9 4439
      7 4440
      4 4441
      7 4442
      7 4443
     11 4444
     11 4445
      9 4446
      7 4447
     10 4448
      5 4449
      8 4450
      8 4451
      7 4452
      9 4453
      6 4454
      3 4455
      6 4456
      5 4457
      7 4458
      8 4459
      6 4460
      8 4461
     10 4462
      5 4463
      8 4464
      5 4465
     14 4466
      4 4467
      7 4468
      2 4469
     10 4470
      6 4471
     10 4472
      5 4473
      6 4474
      4 4475
      5 4476
      8 4477
      4 4478
      6 4479
      7 4480
      8 4481
      7 4482
     10 4483
      4 4484
      8 4485
      1 4486
     10 4487
      6 4488
      7 4489
      9 4490
      7 4491
      8 4492
     11 4493
      7 4494
      1 4495
      4 4496
      6 4497
      8 4498
      7 4499
      5 4500
      8 4501
      5 4502
     10 4503
     13 4504
      4 4505
      5 4506
      3 4507
      8 4508
      8 4509
     13 4510
      5 4511
      8 4512
     10 4513
      4 4514
      6 4515
      1 4516
      6 4517
      3 4518
      8 4519
      5 4520
      7 4521
     11 4522
      6 4523
      5 4524
     14 4525
      6 4526
      4 4527
     12 4528
      3 4529
      8 4530
      6 4531
      5 4532
      7 4533
      6 4534
      7 4535
      7 4536
      8 4537
     10 4538
      6 4539
      7 4540
     11 4541
      7 4542
     10 4543
     16 4544
      2 4545
     10 4546
      5 4547
      3 4548
      6 4549
     17 4550
      4 4551
      5 4552
      9 4553
      6 4554
      5 4555
      6 4556
      7 4557
      8 4558
      4 4559
      7 4560
      4 4561
      4 4562
      4 4563
      4 4564
      5 4565
      7 4566
      8 4567
     11 4568
      4 4569
      7 4570
      8 4571
     10 4572
      3 4573
      7 4574
      4 4575
     11 4576
      3 4577
      3 4578
      8 4579
      9 4580
      7 4581
      4 4582
     11 4583
      8 4584
      9 4585
      6 4586
      6 4587
      6 4588
      7 4589
     12 4590
      8 4591
      7 4592
      9 4593
      3 4594
      6 4595
      4 4596
      5 4597
      7 4598
      5 4599
      6 4600
     13 4601
      5 4602
      4 4603
      6 4604
      6 4605
     12 4606
      7 4607
      4 4608
      6 4609
      5 4610
      8 4611
      7 4612
      7 4613
      6 4614
     14 4615
     10 4616
      7 4617
      4 4618
      3 4619
      9 4620
      6 4621
      5 4622
      5 4623
     11 4624
      7 4625
      9 4626
      8 4627
      5 4628
      4 4629
      5 4630
      4 4631
     10 4632
      9 4633
      8 4634
      5 4635
      6 4636
      7 4637
      1 4638
      7 4639
      8 4640
      9 4641
      8 4642
      8 4643
      3 4644
      8 4645
      8 4646
      5 4647
      9 4648
      6 4649
      8 4650
      8 4651
      6 4652
      2 4653
      6 4654
      5 4655
      9 4656
      8 4657
      5 4658
      7 4659
      5 4660
      6 4661
      7 4662
      5 4663
      9 4664
     11 4665
      5 4666
      6 4667
      4 4668
      6 4669
      6 4670
      6 4671
      8 4672
      4 4673
      5 4674
      9 4675
      7 4676
     11 4677
     11 4678
      5 4679
      2 4680
      1 4681
      9 4682
      3 4683
      9 4684
      7 4685
      7 4686
      8 4687
      8 4688
      3 4689
      3 4690
      3 4691
      7 4692
      4 4693
      7 4694
      8 4695
      6 4696
      5 4697
      6 4698
      5 4699
      7 4700
      3 4701
      2 4702
      7 4703
      2 4704
      8 4705
      9 4706
      4 4707
      7 4708
      9 4709
      3 4710
      3 4711
      3 4712
      3 4713
      3 4714
     10 4715
      5 4716
      3 4717
      4 4718
      4 4719
      5 4720
      4 4721
      5 4722
      7 4723
      6 4724
      3 4725
      1 4726
      8 4727
      8 4728
      4 4729
      5 4730
      4 4731
      6 4732
      6 4733
      6 4734
      3 4735
      4 4736
      4 4737
      7 4738
      3 4739
      3 4740
      7 4741
      4 4742
      3 4743
      2 4744
      6 4745
      7 4746
      9 4747
      4 4748
      2 4749
      8 4750
      6 4751
      6 4752
      4 4753
      5 4754
      5 4755
      1 4756
      6 4757
      2 4758
      7 4759
      8 4760
      9 4762
      5 4763
      5 4764
      4 4765
     10 4766
      4 4767
      2 4768
      6 4769
      2 4770
      2 4771
      7 4772
      7 4773
      5 4774
      8 4775
      6 4776
      4 4777
      2 4778
      3 4779
      5 4780
      6 4781
      6 4782
      4 4783
      3 4784
      6 4785
      9 4786
      6 4787
      2 4788
      3 4789
      3 4790
      3 4791
      8 4792
      8 4793
      4 4794
      5 4795
      6 4796
      5 4797
      4 4798
      3 4799
      4 4800
     10 4801
      5 4803
      7 4804
      2 4805
      3 4806
      6 4807
      4 4808
      3 4809
      3 4810
      5 4811
      3 4812
      4 4813
     13 4814
      9 4815
      4 4816
      2 4817
      3 4818
      6 4819
      2 4820
      5 4821
      5 4822
      6 4823
      5 4824
      5 4825
      3 4826
      3 4827
      6 4828
      2 4829
      5 4830
      4 4831
      6 4832
      4 4833
      5 4834
      3 4835
      3 4836
      4 4837
      5 4838
      8 4839
      5 4840
      5 4841
      5 4842
     10 4843
      4 4844
      5 4845
      7 4846
      6 4847
      6 4848
      5 4849
      3 4850
      7 4851
      5 4852
      1 4853
      5 4854
      7 4855
      6 4856
      3 4857
      4 4858
      4 4859
      3 4860
      9 4861
      2 4862
      4 4863
      5 4864
      4 4865
      5 4866
      4 4867
      2 4868
      8 4869
      5 4870
      6 4871
      3 4872
      6 4873
      6 4874
      5 4875
      7 4876
      4 4877
      3 4878
      3 4879
      1 4880
      5 4881
      5 4882
      5 4883
      4 4884
      6 4885
      7 4886
      4 4887
      9 4888
      4 4889
      6 4890
      3 4891
      7 4892
      4 4893
      8 4894
      6 4895
      5 4896
      4 4897
      5 4898
      2 4899
      8 4900
      3 4901
      4 4902
      5 4903
      6 4904
      9 4905
      9 4906
      4 4907
      5 4908
      6 4909
      4 4910
      4 4911
      7 4912
      7 4913
      1 4914
      7 4915
      9 4916
      7 4917
      5 4918
      9 4919
      3 4920
      5 4921
      9 4922
      9 4923
      5 4924
      7 4925
      6 4926
      4 4927
      6 4928
     14 4929
      6 4930
      7 4931
      6 4932
      6 4933
      6 4934
      5 4935
      4 4936
      6 4937
      8 4938
      5 4939
      6 4940
      8 4941
      6 4942
     12 4943
      1 4944
      5 4945
      7 4946
     13 4947
     11 4948
      2 4949
      8 4950
      5 4951
      5 4952
      4 4953
      6 4954
      8 4955
      2 4956
      3 4957
      5 4958
      5 4959
      6 4960
      9 4961
      4 4962
      7 4963
      2 4964
      7 4965
      5 4966
      3 4967
      5 4968
      8 4969
      2 4970
      4 4971
      5 4972
      2 4973
      5 4974
      6 4975
      4 4976
      4 4977
      4 4978
      5 4979
      6 4980
      3 4981
      3 4982
      5 4983
      4 4984
      5 4985
      5 4986
      7 4987
      7 4988
      5 4989
      5 4990
      4 4991
      6 4992
      4 4993
      3 4994
      5 4995
      2 4996
      3 4997
      8 4998
      3 4999
      2 5000
      3 5001
      3 5002
      1 5003
      5 5004
      4 5005
      6 5006
      5 5007
      2 5008
      7 5009
      3 5010
      5 5011
      2 5012
      4 5013
      5 5014
      4 5015
      5 5016
      1 5017
      2 5018
      4 5019
      4 5020
      3 5021
      2 5022
      4 5023
      5 5024
      6 5025
      7 5026
      2 5027
     10 5028
      6 5029
      7 5030
      3 5031
      3 5032
      2 5033
      1 5034
      4 5035
      2 5036
      5 5037
      8 5038
      4 5039
      3 5040
      5 5041
      6 5042
      3 5043
      4 5044
      3 5045
      3 5046
      2 5047
      3 5048
      3 5049
      5 5050
      5 5051
      4 5052
      6 5053
      3 5054
      1 5055
      3 5056
      6 5057
      5 5058
      2 5059
      9 5060
      6 5061
      3 5062
      6 5063
      3 5064
      5 5065
      5 5066
      4 5067
      2 5068
      4 5069
      2 5070
      3 5071
      5 5072
      4 5073
      3 5074
      3 5075
      4 5076
      4 5077
      2 5078
      2 5079
      4 5080
      2 5081
      3 5082
      5 5083
      8 5084
      2 5085
      4 5086
      5 5087
      7 5088
      5 5089
      5 5090
      3 5091
      1 5092
      4 5093
      1 5094
      3 5095
      4 5096
      2 5097
      2 5098
      6 5099
      4 5100
      1 5101
      3 5102
      2 5103
      6 5104
      3 5105
      6 5106
      8 5107
      5 5108
      2 5109
      6 5110
      4 5111
      2 5112
      6 5113
      4 5114
      6 5115
      3 5116
      2 5117
      5 5118
      7 5119
      1 5120
      5 5121
      1 5122
      3 5123
      5 5124
      1 5125
      5 5126
      2 5127
      4 5128
      3 5129
      3 5130
      6 5131
      2 5133
      7 5134
      1 5135
      2 5136
      4 5137
      5 5138
      2 5139
      5 5140
      2 5141
      2 5142
      4 5144
      2 5145
      5 5146
      2 5147
      2 5148
      7 5149
      2 5150
      8 5151
      3 5152
      8 5153
      1 5154
      3 5155
      1 5156
      4 5157
      2 5158
      5 5159
      4 5160
      3 5161
      5 5162
      1 5163
      3 5164
      2 5165
      3 5166
      2 5167
      4 5168
      3 5169
      6 5170
      4 5171
      5 5172
      3 5173
      4 5174
      6 5175
      2 5176
      4 5177
      3 5178
      3 5179
      3 5180
      4 5181
      2 5182
      4 5183
      5 5184
      7 5185
      2 5186
      6 5188
      5 5189
      1 5190
      2 5191
      2 5192
      4 5193
      3 5194
      5 5195
      3 5196
      8 5197
      2 5198
      7 5199
      2 5200
      7 5202
      4 5203
      4 5205
      5 5206
      3 5207
      6 5208
      6 5209
      1 5211
      1 5212
      2 5213
      1 5214
      1 5215
      4 5216
      2 5217
      3 5218
      3 5219
      2 5220
      3 5221
      1 5222
      1 5223
      3 5224
      1 5225
      2 5226
      3 5227
      4 5228
      4 5229
      2 5230
      2 5231
      3 5232
      4 5233
      4 5234
      4 5235
      4 5236
      2 5237
      1 5238
      4 5240
      5 5241
      2 5242
      2 5243
      4 5244
      1 5245
      3 5247
      1 5248
      2 5249
      3 5250
      1 5251
      3 5252
      5 5253
      3 5254
      2 5255
      3 5256
      9 5257
      5 5258
      4 5259
      3 5260
      3 5261
      5 5262
      3 5263
      1 5264
      1 5265
      3 5266
      7 5267
      6 5268
      4 5269
      1 5270
      3 5271
      3 5272
      3 5273
      1 5274
      2 5275
      5 5276
      5 5277
      3 5278
      3 5279
      3 5280
      3 5282
      5 5283
      3 5284
      2 5285
      2 5286
      2 5287
      2 5288
      2 5289
      6 5290
      3 5291
      1 5292
      2 5293
      3 5294
      4 5295
      2 5296
      4 5297
      2 5298
      3 5299
      2 5300
      3 5301
      2 5302
      2 5303
      6 5304
      1 5305
      3 5306
      4 5307
      6 5308
      4 5309
      5 5310
      6 5311
      4 5312
      4 5314
      8 5315
      2 5316
      2 5317
      1 5318
      4 5319
      5 5320
      4 5321
      5 5322
      3 5323
      5 5324
      3 5325
      5 5326
      1 5327
      2 5328
      3 5329
      4 5330
      4 5331
      1 5332
      1 5333
      3 5334
      5 5335
      2 5336
      3 5337
      5 5338
      3 5340
      3 5341
      4 5342
      1 5343
      2 5344
      5 5345
      5 5346
      3 5347
      4 5348
      2 5349
      1 5350
      4 5351
      4 5352
      6 5353
      4 5354
      2 5355
      4 5356
      3 5357
      3 5358
      5 5359
      1 5360
      3 5361
      1 5362
      3 5363
      3 5364
      4 5366
      7 5367
      2 5368
      1 5369
      2 5370
      1 5371
      6 5372
      3 5373
      1 5374
      3 5375
      3 5377
      1 5378
      1 5379
      2 5380
      1 5381
      1 5382
      1 5383
      3 5384
      2 5386
      1 5387
      4 5388
      2 5389
      4 5390
      2 5391
      1 5392
      3 5393
      2 5394
      2 5395
      1 5396
      2 5397
      4 5398
      2 5399
      7 5400
      3 5401
      1 5402
      1 5403
      3 5404
      2 5405
      1 5406
      2 5407
      5 5408
      2 5409
      1 5410
      7 5411
      2 5412
      2 5413
      3 5414
      1 5415
      2 5416
      1 5417
      1 5418
      2 5419
      1 5420
      3 5421
      2 5422
      2 5423
      1 5424
      3 5425
      2 5426
      5 5427
      3 5429
      3 5430
      2 5431
      5 5432
      2 5433
      1 5434
      3 5435
      5 5436
      5 5437
      5 5438
      2 5439
      5 5440
      3 5441
      2 5442
      4 5443
      1 5444
      1 5445
      2 5446
      5 5447
      1 5448
      3 5449
      1 5450
      6 5451
      3 5452
      3 5453
      2 5454
      1 5455
      2 5456
      1 5457
      5 5458
      5 5459
      1 5460
      1 5461
      3 5462
      4 5463
      1 5464
      3 5465
      3 5466
      3 5467
      1 5468
      6 5469
      1 5470
      1 5471
      3 5472
      3 5473
      3 5475
      2 5476
      1 5478
      1 5479
      2 5480
      8 5481
      3 5482
      9 5483
      5 5484
      2 5485
      1 5486
      2 5487
      1 5488
      1 5489
      3 5490
      6 5491
      8 5492
      1 5493
      1 5494
      5 5495
      4 5496
      4 5497
      3 5498
      2 5499
      2 5500
      2 5502
      2 5503
      2 5504
      1 5505
      1 5506
      2 5507
      5 5508
      3 5510
      4 5511
      4 5512
      5 5513
      3 5514
      1 5515
      3 5516
      1 5517
      4 5518
      4 5519
      1 5520
      1 5522
      4 5523
      3 5524
      2 5525
      3 5526
      4 5527
      4 5528
      5 5529
      4 5530
      3 5531
      2 5532
      1 5533
      1 5534
      2 5535
      4 5536
      2 5537
      2 5538
      1 5539
      3 5540
      3 5541
      2 5542
      1 5543
      4 5544
      1 5545
      6 5546
      4 5547
      4 5548
      2 5549
      5 5550
      4 5551
      3 5552
      2 5553
      7 5554
      1 5555
      1 5556
      2 5557
      1 5558
      5 5559
      2 5560
      3 5561
      2 5562
      3 5563
      2 5564
      1 5565
      2 5566
      2 5567
      7 5568
      4 5569
      5 5570
      4 5571
      4 5572
      2 5573
      2 5574
      1 5575
      3 5576
      3 5577
      3 5578
      2 5579
      4 5580
      5 5581
      2 5582
      4 5583
      2 5584
      3 5585
      3 5586
      3 5587
      2 5588
      2 5590
      5 5591
      3 5592
      4 5593
      3 5594
      5 5595
      4 5596
      5 5598
      3 5599
      2 5600
      2 5601
      3 5602
      1 5603
      4 5604
      4 5605
      4 5606
      3 5607
      1 5608
      1 5609
      2 5610
      3 5611
      3 5612
      3 5614
      4 5615
      3 5616
      4 5617
      3 5618
      3 5619
      2 5620
      2 5621
      1 5622
      5 5623
      3 5624
      3 5625
      2 5626
      2 5627
      3 5628
      4 5629
      4 5630
      3 5631
      2 5632
      2 5633
      1 5634
      1 5635
      2 5636
      3 5637
      4 5638
      3 5639
      2 5640
      2 5641
      2 5642
      2 5643
      3 5644
      5 5645
      1 5646
      5 5647
      3 5648
      1 5649
      3 5650
      7 5651
      2 5652
      3 5653
      2 5654
      2 5655
      4 5656
      2 5657
      4 5658
      1 5659
      4 5660
      3 5661
      3 5662
      3 5663
      9 5664
      3 5665
      2 5666
      2 5668
      4 5669
      4 5670
      7 5671
      1 5672
      1 5673
      1 5674
      2 5675
      3 5676
      2 5677
      2 5678
      7 5679
      6 5680
      5 5681
      2 5682
      2 5683
      5 5684
      2 5686
      4 5687
      2 5688
      5 5690
      4 5691
      1 5692
      1 5693
      2 5694
      3 5695
      3 5696
      1 5697
      2 5698
      4 5699
      4 5700
      2 5701
      2 5702
      3 5703
      5 5704
      4 5705
      3 5706
      4 5707
      1 5708
      2 5709
      8 5710
      5 5711
      2 5712
      4 5713
      1 5714
      5 5716
      6 5717
      3 5718
      6 5719
      5 5720
      2 5721
      3 5722
      1 5723
      3 5725
      4 5726
      7 5727
      3 5728
      3 5729
      5 5730
      6 5731
      3 5732
      2 5733
      3 5734
      2 5735
      2 5737
      5 5738
      5 5739
      7 5740
      6 5741
      5 5742
      1 5743
      1 5744
      1 5745
      5 5746
      3 5747
      7 5748
      4 5749
      2 5750
      2 5751
      3 5752
      5 5753
      3 5754
      2 5755
      4 5756
      5 5757
      2 5758
      4 5759
      1 5760
      4 5761
      4 5762
      2 5763
      5 5764
      2 5765
      1 5766
      3 5767
      6 5768
      5 5769
      4 5770
      6 5771
      3 5772
      3 5773
      4 5774
      2 5775
      1 5776
      2 5777
      6 5778
      2 5779
      3 5780
      3 5781
      3 5782
      4 5783
      2 5784
      4 5785
      6 5786
      1 5787
      3 5788
      2 5790
      4 5791
      2 5792
      3 5794
      7 5795
      5 5796
      4 5797
      3 5798
      2 5799
      3 5800
      2 5801
      1 5804
      4 5806
      5 5807
      3 5808
      3 5809
      2 5810
      4 5811
      2 5812
      2 5813
      3 5814
      4 5815
      5 5816
      3 5817
      5 5818
      2 5819
      3 5820
      2 5821
      4 5822
      1 5823
      3 5824
      3 5825
      1 5827
      1 5828
      1 5829
      3 5830
      3 5831
      3 5832
      3 5833
      3 5834
      2 5835
      3 5837
      4 5838
      4 5839
      2 5840
      1 5841
      5 5842
      2 5843
      1 5844
      3 5845
      2 5846
      2 5847
      2 5848
      1 5849
      1 5850
      2 5851
      2 5852
      2 5853
      1 5854
      5 5856
      5 5858
      3 5859
      3 5860
      1 5861
      2 5862
      2 5863
      1 5864
      1 5865
      1 5866
      2 5867
      4 5868
      5 5869
      1 5871
      1 5872
      4 5873
      3 5874
      4 5875
      4 5876
      2 5877
      2 5878
      3 5879
      2 5880
      6 5881
      2 5883
      2 5884
      4 5885
      1 5886
      2 5887
      3 5888
      1 5889
      2 5890
      1 5891
      5 5892
      4 5893
      1 5894
      1 5895
      4 5896
      3 5897
      1 5898
      1 5900
      1 5901
      3 5904
      2 5905
      6 5906
      2 5908
      1 5909
      3 5910
      5 5911
      3 5912
      4 5914
      1 5915
      1 5916
      2 5917
      4 5918
      4 5919
      3 5921
      4 5922
      5 5923
      5 5924
      4 5925
      2 5926
      2 5927
      3 5928
      1 5929
      5 5930
      3 5931
      2 5932
      2 5933
      1 5934
      2 5935
      2 5936
      4 5937
      1 5938
      3 5939
      3 5940
      6 5941
      4 5943
      1 5944
      2 5945
      3 5946
      4 5947
      4 5948
      1 5949
      1 5950
      3 5951
      3 5952
      2 5953
      5 5954
      4 5955
      2 5956
      4 5957
      2 5958
      1 5959
      3 5960
      1 5961
      4 5962
      4 5963
      2 5964
      5 5965
      2 5966
      2 5967
      1 5968
      3 5969
      3 5970
      4 5971
      5 5972
      4 5973
      6 5974
      4 5975
      5 5976
      1 5977
      2 5978
      4 5979
      2 5980
      1 5981
      4 5982
      4 5983
      4 5984
      4 5985
      2 5987
      2 5988
      1 5990
      2 5991
      8 5992
      2 5993
      6 5994
      4 5996
      3 5997
      2 5998
      1 5999
      1 6000
      4 6001
      2 6003
      3 6004
      4 6005
      2 6006
      3 6007
      7 6008
      5 6009
      2 6013
      2 6014
      2 6017
      2 6018
      3 6019
      1 6020
      1 6021
      1 6022
      3 6023
      2 6024
      2 6025
      4 6026
      1 6027
      2 6028
      6 6030
      3 6031
      5 6032
      3 6034
      1 6035
      3 6037
      4 6038
      6 6039
      6 6040
      3 6041
      2 6042
      3 6044
      1 6045
      2 6048
      2 6049
      2 6050
      2 6051
      3 6052
      2 6054
      3 6055
      3 6056
      2 6057
      5 6058
      1 6059
      3 6060
      1 6062
      1 6063
      1 6064
      2 6065
      2 6066
      2 6070
      2 6072
      1 6073
      1 6074
      2 6075
      2 6078
      2 6079
      2 6080
      6 6081
      2 6082
      1 6083
      3 6084
      2 6086
      1 6087
      1 6088
      2 6089
      2 6090
      1 6091
      1 6092
      1 6094
      2 6095
      4 6096
      3 6097
      2 6098
      4 6099
      4 6100
      2 6101
      2 6102
      2 6103
      2 6104
      1 6105
      5 6107
      1 6108
      1 6109
      3 6110
      2 6111
      1 6112
      3 6113
      1 6114
      1 6115
      1 6116
      4 6117
      1 6119
      3 6120
      3 6121
      1 6122
      2 6124
      2 6125
      2 6126
      5 6127
      3 6128
      1 6131
      2 6132
      2 6133
      6 6134
      2 6135
      5 6136
      2 6137
      3 6138
      2 6139
      1 6140
      4 6141
      3 6142
      2 6143
      1 6144
      1 6145
      2 6146
      2 6147
      2 6148
      1 6149
      2 6151
      2 6152
      2 6153
      2 6154
      4 6155
      1 6156
      1 6158
      1 6159
      1 6160
      1 6161
      1 6162
      1 6163
      3 6164
      4 6166
      1 6167
      4 6168
      3 6169
      1 6170
      1 6171
      3 6172
      1 6173
      3 6174
      3 6176
      1 6177
      1 6178
      2 6179
      2 6180
      2 6181
      1 6182
      2 6183
      1 6184
      1 6186
      1 6187
      3 6188
      1 6189
      2 6190
      1 6191
      2 6195
      3 6196
      1 6197
      2 6198
      2 6199
      1 6200
      2 6201
      2 6202
      2 6204
      2 6205
      5 6207
      1 6208
      3 6211
      2 6212
      1 6214
      1 6215
      3 6216
      2 6218
      4 6219
      2 6221
      1 6223
      3 6224
      4 6225
      1 6226
      1 6227
      2 6228
      4 6229
      3 6230
      3 6233
      1 6234
      1 6236
      1 6238
      2 6239
      4 6240
      3 6241
      2 6242
      3 6244
      4 6245
      1 6246
      1 6247
      1 6248
      1 6249
      1 6250
      4 6251
      2 6252
      2 6253
      3 6254
      1 6255
      1 6256
      1 6257
      2 6258
      1 6260
      5 6261
      3 6262
      1 6263
      1 6265
      1 6266
      2 6267
      2 6268
      4 6269
      1 6270
      4 6271
      1 6272
      4 6273
      2 6275
      3 6276
      2 6278
      5 6279
      2 6280
      1 6282
      2 6283
      1 6284
      1 6285
      2 6287
      3 6288
      2 6289
      3 6290
      3 6291
      4 6292
      2 6293
      3 6295
      1 6297
      3 6298
      1 6299
      3 6300
      2 6301
      3 6302
      2 6303
      3 6304
      2 6305
      1 6306
      2 6307
      2 6308
      2 6309
      3 6310
      1 6312
      1 6313
      2 6314
      8 6315
      6 6316
      2 6317
      1 6319
      3 6320
      1 6321
      1 6322
      3 6323
      2 6324
      1 6325
      1 6326
      5 6327
      2 6329
      2 6331
      5 6332
      3 6333
      3 6334
      1 6335
      3 6336
      2 6337
      4 6338
      2 6339
      2 6340
      5 6341
      2 6343
      4 6344
      1 6345
      3 6346
      1 6347
      1 6348
      2 6349
      3 6350
      3 6351
      2 6352
      2 6353
      2 6354
      2 6355
      4 6357
      2 6358
      2 6359
      1 6361
      4 6362
      2 6363
      1 6364
      6 6365
      2 6367
      2 6368
      2 6369
      4 6371
      6 6372
      3 6373
      1 6375
      1 6376
      1 6377
      1 6378
      3 6379
      1 6380
      3 6381
      1 6382
      4 6383
      1 6385
      1 6386
      2 6387
      1 6388
      1 6389
      1 6390
      1 6391
      2 6392
      2 6393
      3 6394
      1 6395
      1 6398
      1 6399
      2 6400
      2 6401
      1 6402
      1 6403
      3 6404
      2 6405
      2 6406
      2 6408
      5 6409
      2 6410
      3 6411
      1 6413
      2 6415
      2 6417
      1 6418
      1 6419
      2 6420
      2 6423
      2 6425
      1 6426
      2 6427
      4 6428
      4 6430
      1 6431
      2 6433
      2 6434
      2 6435
      1 6436
      3 6437
      1 6438
      3 6439
      2 6441
      3 6443
      1 6444
      4 6445
      3 6446
      3 6447
      2 6448
      5 6449
      1 6450
      1 6451
      5 6452
      3 6454
      4 6455
      1 6456
      3 6457
      2 6458
      2 6461
      2 6462
      2 6465
      4 6466
      2 6467
      3 6468
      3 6469
      2 6470
      2 6471
      1 6472
      3 6473
      3 6474
      2 6475
      1 6476
      1 6477
      1 6478
      5 6479
      1 6480
      6 6481
      3 6482
      2 6483
      1 6485
      2 6486
      1 6487
      2 6488
      1 6490
      2 6493
      1 6494
      4 6495
      4 6496
      1 6497
      3 6498
      3 6499
      1 6500
      2 6501
      1 6502
      2 6503
      3 6504
      1 6505
      2 6506
      2 6507
      4 6508
      2 6509
      2 6510
      3 6511
      1 6512
      5 6513
      3 6514
      6 6515
      2 6516
      4 6517
      2 6518
      3 6519
      2 6521
      2 6522
      2 6524
      1 6525
      1 6526
      1 6527
      3 6528
      2 6529
      1 6530
      2 6531
      2 6532
      4 6533
      1 6534
      4 6535
      2 6536
      2 6537
      2 6538
      2 6539
      2 6540
      4 6541
      2 6542
      1 6543
      2 6544
      5 6545
      2 6546
      1 6547
      1 6548
      3 6549
      5 6550
      3 6552
      1 6553
      2 6554
      3 6555
      3 6556
      2 6557
      2 6558
      2 6559
      2 6560
      4 6561
      1 6562
      1 6563
      3 6564
      1 6565
      1 6566
      4 6567
      3 6568
      3 6569
      5 6570
      4 6571
      1 6572
      1 6573
      1 6574
      1 6576
      3 6577
      2 6578
      1 6580
      1 6581
      3 6582
      3 6583
      1 6584
      3 6585
      3 6586
      3 6587
      4 6588
      3 6589
      4 6590
      2 6591
      1 6592
      1 6593
      2 6594
      3 6595
      4 6596
      1 6597
      1 6598
      1 6599
      3 6600
      2 6601
      2 6602
      2 6603
      2 6604
      2 6605
      4 6606
      1 6607
      4 6608
      2 6609
      1 6610
      4 6611
      1 6612
      3 6613
      2 6614
      2 6615
      2 6616
      4 6617
      4 6618
      2 6619
      1 6620
      3 6621
      1 6622
      2 6623
      1 6624
      2 6625
      3 6626
      2 6627
      2 6629
      2 6630
      1 6633
      1 6634
      3 6635
      1 6636
      2 6638
      2 6640
      1 6641
      4 6642
      3 6645
      1 6646
      4 6647
      1 6648
      1 6649
      2 6650
      5 6651
      1 6652
      2 6653
      5 6654
      1 6656
      1 6657
      3 6658
      2 6659
      1 6660
      2 6661
      1 6665
      3 6666
      2 6668
      1 6671
      3 6673
      1 6674
      4 6676
      1 6677
      3 6678
      1 6679
      3 6680
      4 6681
      3 6682
      3 6684
      1 6685
      2 6686
      2 6687
      4 6688
      3 6689
      2 6690
      2 6691
      1 6693
      1 6694
      1 6695
      2 6696
      1 6697
      1 6698
      2 6699
      2 6700
      2 6701
      2 6702
      3 6704
      1 6706
      1 6707
      2 6708
      1 6710
      2 6711
      4 6713
      1 6715
      1 6716
      1 6717
      2 6718
      1 6719
      2 6720
      2 6721
      3 6722
      3 6723
      1 6724
      2 6725
      1 6726
      4 6727
      3 6728
      1 6729
      1 6730
      1 6731
      2 6732
      4 6736
      1 6737
      1 6738
      4 6740
      2 6741
      2 6743
      3 6744
      1 6746
      2 6747
      2 6748
      5 6749
      2 6750
      3 6751
      1 6752
      1 6753
      4 6756
      2 6757
      1 6758
      2 6759
      2 6760
      3 6761
      3 6762
      1 6763
      2 6764
      2 6765
      4 6766
      2 6767
      2 6768
      3 6769
      4 6770
      4 6772
      3 6773
      2 6774
      2 6775
      1 6776
      1 6780
      4 6781
      1 6782
      1 6784
      1 6785
      2 6786
      1 6788
      1 6789
      1 6790
      2 6791
      1 6792
      1 6794
      2 6795
      3 6796
      2 6797
      3 6798
      4 6799
      2 6800
      1 6801
      3 6803
      1 6804
      1 6806
      1 6807
      3 6808
      1 6809
      1 6811
      2 6812
      2 6813
      1 6814
      2 6815
      4 6816
      2 6817
      2 6818
      1 6820
      1 6821
      2 6822
      3 6825
      2 6826
      1 6827
      1 6829
      1 6830
      4 6831
      2 6833
      2 6834
      1 6836
      2 6837
      3 6838
      1 6839
      2 6840
      1 6843
      1 6844
      1 6845
      1 6846
      2 6847
      1 6848
      1 6850
      2 6851
      2 6852
      1 6853
      2 6854
      1 6855
      2 6856
      1 6858
      1 6859
      1 6860
      3 6861
      1 6862
      1 6863
      1 6864
      3 6868
      3 6869
      1 6871
      1 6874
      3 6875
      1 6878
      2 6879
      1 6881
      1 6883
      1 6884
      1 6885
      1 6886
      1 6887
      2 6889
      1 6890
      1 6891
      1 6893
      3 6894
      3 6895
      1 6896
      1 6897
      1 6899
      2 6900
      1 6902
      2 6903
      4 6904
      2 6905
      1 6908
      2 6909
      3 6910
      1 6913
      2 6914
      2 6917
      1 6920
      2 6921
      1 6922
      1 6923
      4 6926
      2 6927
      2 6928
      3 6929
      4 6930
      1 6931
      4 6932
      2 6934
      2 6935
      1 6937
      1 6940
      2 6941
      1 6942
      4 6943
      1 6944
      1 6945
      2 6946
      1 6947
      1 6948
      3 6949
      1 6952
      1 6954
      1 6955
      1 6956
      2 6957
      1 6958
      1 6959
      2 6961
      1 6964
      2 6965
      1 6966
      1 6969
      1 6970
      1 6971
      2 6972
      3 6974
      2 6975
      3 6976
      1 6977
      1 6978
      2 6979
      2 6980
      2 6981
      1 6982
      1 6986
      1 6987
      1 6989
      2 6992
      2 6993
      1 6994
      1 6995
      2 6997
      1 6998
      2 6999
      1 7001
      1 7002
      1 7003
      3 7004
      2 7005
      1 7006
      2 7007
      2 7009
      3 7010
      3 7011
      1 7012
      1 7014
      1 7015
      1 7016
      1 7017
      3 7020
      1 7021
      2 7024
      2 7025
      1 7027
      1 7029
      2 7031
      1 7032
      3 7033
      1 7034
      3 7035
      1 7037
      1 7039
      1 7040
      3 7041
      1 7043
      1 7044
      2 7045
      1 7046
      1 7047
      1 7048
      2 7051
      1 7052
      3 7053
      1 7054
      1 7055
      1 7057
      2 7058
      2 7063
      2 7064
      5 7066
      1 7068
      3 7069
      2 7070
      2 7071
      2 7072
      2 7073
      4 7075
      1 7076
      1 7077
      2 7078
      3 7079
      2 7081
      2 7082
      3 7084
      2 7085
      3 7087
      1 7088
      1 7089
      4 7091
      2 7092
      4 7095
      1 7096
      1 7097
      2 7098
      2 7102
      2 7104
      1 7105
      3 7107
      1 7108
      2 7109
      1 7110
      1 7111
      1 7112
      2 7113
      1 7114
      2 7115
      1 7116
      3 7117
      2 7119
      1 7120
      1 7124
      1 7126
      1 7127
      1 7128
      1 7129
      2 7130
      2 7131
      1 7133
      2 7134
      1 7135
      1 7137
      1 7138
      3 7139
      1 7140
      1 7141
      1 7142
      2 7143
      1 7144
      1 7145
      1 7146
      2 7147
      2 7149
      1 7150
      1 7151
      2 7152
      2 7153
      1 7154
      1 7155
      2 7157
      1 7159
      1 7160
      2 7161
      2 7162
      1 7164
      1 7167
      1 7168
      2 7169
      2 7170
      2 7172
      1 7173
      1 7174
      2 7176
      1 7177
      1 7178
      2 7180
      1 7181
      1 7182
      1 7183
      2 7184
      2 7186
      2 7187
      2 7188
      1 7189
      1 7191
      1 7192
      1 7194
      2 7195
      1 7197
      4 7198
      1 7200
      2 7202
      1 7204
      2 7207
      1 7208
      2 7209
      1 7210
      3 7211
      2 7213
      1 7214
      3 7215
      3 7216
      1 7217
      1 7218
      1 7219
      1 7220
      3 7221
      2 7222
      7 7223
      2 7224
      1 7225
      2 7226
      1 7227
      1 7229
      3 7230
      1 7231
      1 7232
      1 7234
      1 7235
      5 7236
      2 7239
      1 7240
      4 7242
      2 7243
      1 7244
      1 7246
      2 7249
      1 7250
      1 7251
      1 7252
      3 7253
      1 7254
      1 7255
      2 7256
      2 7257
      2 7258
      1 7261
      1 7262
      1 7263
      4 7264
      2 7266
      2 7267
      3 7268
      1 7269
      1 7270
      3 7271
      1 7272
      1 7275
      1 7276
      1 7277
      3 7278
      1 7279
      3 7280
      1 7281
      3 7283
      1 7285
      1 7286
      1 7287
      2 7289
      1 7291
      2 7292
      2 7293
      2 7294
      3 7295
      1 7297
      1 7299
      2 7301
      2 7302
      1 7303
      1 7306
      1 7307
      1 7309
      2 7311
      1 7314
      1 7315
      1 7316
      1 7317
      1 7318
      1 7319
      1 7320
      2 7322
      4 7323
      3 7324
      1 7325
      2 7326
      1 7327
      1 7329
      1 7330
      1 7331
      1 7332
      1 7333
      1 7335
      2 7337
      1 7338
      1 7339
      1 7340
      2 7341
      1 7346
      1 7347
      1 7348
      1 7350
      1 7352
      4 7353
      3 7354
      6 7355
      5 7356
      2 7358
      1 7360
      1 7361
      4 7362
      1 7363
      3 7364
      2 7365
      2 7366
      2 7367
      5 7369
      2 7373
      2 7374
      1 7375
      1 7376
      2 7378
      1 7379
      1 7381
      3 7382
      1 7383
      1 7389
      2 7390
      2 7391
      1 7395
      1 7396
      2 7397
      2 7398
      1 7400
      1 7403
      3 7404
      3 7405
      1 7407
      4 7408
      1 7409
      2 7410
      1 7413
      2 7414
      1 7416
      2 7420
      1 7421
      2 7422
      3 7423
      3 7424
      1 7426
      2 7430
      1 7431
      2 7432
      1 7433
      2 7434
      1 7435
      4 7436
      1 7437
      2 7438
      4 7439
      2 7440
      4 7441
      1 7442
      1 7445
      2 7447
      2 7448
      1 7451
      1 7455
      4 7457
      1 7458
      1 7459
      1 7460
      2 7462
      2 7463
      2 7466
      5 7468
      2 7470
      2 7474
      1 7477
      1 7478
      1 7480
      3 7481
      1 7482
      1 7483
      2 7484
      2 7485
      2 7486
      1 7488
      1 7489
      1 7490
      2 7492
      2 7494
      1 7495
      5 7499
      1 7501
      1 7503
      1 7504
      1 7505
      1 7506
      1 7507
      1 7508
      2 7509
      1 7510
      1 7511
      1 7512
      3 7513
      1 7514
      1 7515
      3 7516
      1 7517
      4 7518
      2 7521
      1 7522
      1 7523
      2 7524
      1 7525
      1 7532
      3 7533
      2 7534
      2 7535
      1 7536
      3 7537
      2 7538
      3 7539
      1 7540
      1 7542
      1 7543
      1 7546
      1 7547
      2 7548
      2 7549
      3 7550
      4 7551
      3 7552
      4 7554
      1 7555
      4 7556
      1 7561
      3 7563
      1 7566
      4 7567
      1 7568
      1 7569
      1 7570
      4 7571
      3 7572
      1 7573
      2 7574
      1 7575
      3 7576
      2 7578
      1 7579
      2 7581
      3 7582
      1 7583
      2 7584
      1 7586
      3 7588
      2 7589
      1 7590
      1 7591
      1 7592
      1 7593
      2 7594
      4 7595
      1 7597
      2 7598
      1 7599
      1 7600
      2 7601
      4 7602
      2 7604
      2 7605
      1 7606
      1 7607
      1 7608
      2 7609
      1 7611
      2 7613
      3 7614
      1 7615
      3 7616
      1 7617
      1 7618
      2 7620
      3 7621
      1 7622
      1 7623
      1 7625
      3 7626
      2 7627
      1 7628
      1 7629
      2 7630
      2 7632
      2 7633
      2 7635
      3 7636
      2 7637
      1 7639
      1 7640
      2 7642
      1 7643
      2 7644
      2 7646
      1 7648
      3 7649
      1 7650
      2 7651
      2 7652
      2 7653
      2 7654
      2 7655
      1 7656
      1 7657
      2 7661
      1 7662
      1 7665
      3 7666
      2 7668
      1 7669
      1 7670
      1 7671
      1 7672
      1 7673
      1 7674
      1 7675
      1 7676
      7 7677
      2 7678
      3 7679
      1 7680
      2 7681
      2 7682
      1 7683
      1 7684
      2 7685
      2 7686
      2 7687
      2 7688
      2 7689
      2 7690
      1 7691
      1 7692
      2 7693
      3 7695
      1 7696
      3 7697
      3 7699
      4 7700
      1 7701
      3 7702
      1 7704
      1 7705
      3 7706
      2 7707
      2 7708
      5 7710
      4 7713
      1 7715
      1 7716
      1 7717
      1 7718
      3 7719
      3 7720
      2 7721
      4 7722
      2 7725
      2 7726
      5 7727
      3 7728
      2 7729
      2 7731
      2 7732
      1 7733
      1 7734
      3 7736
      1 7738
      3 7739
      2 7740
      3 7741
      1 7742
      1 7743
      1 7744
      4 7745
      2 7747
      1 7748
      2 7749
      2 7750
      3 7751
      2 7753
      4 7754
      2 7755
      2 7756
      3 7757
      3 7758
      1 7759
      3 7760
      3 7761
      1 7762
      2 7763
      3 7764
      3 7767
      2 7768
      5 7769
      3 7770
      2 7771
      4 7772
      1 7774
      3 7775
      2 7776
      1 7777
      3 7779
      2 7780
      1 7781
      2 7782
      4 7783
      2 7784
      6 7785
      2 7786
      2 7787
      5 7789
      1 7790
      3 7791
      4 7792
      1 7793
      1 7794
      2 7795
      2 7798
      2 7799
      2 7801
      2 7803
      2 7804
      4 7805
      3 7808
      1 7809
      3 7810
      3 7811
      2 7812
      3 7813
      2 7814
      3 7815
      1 7816
      1 7817
      5 7818
      2 7819
      2 7820
      3 7821
      4 7822
      2 7823
      4 7824
      1 7825
      4 7826
      1 7827
      5 7828
      3 7829
      1 7830
      4 7831
      1 7833
      2 7834
      5 7835
      1 7836
      3 7838
      3 7839
      2 7840
      4 7841
      6 7842
      8 7843
      1 7844
      4 7845
      2 7846
      2 7847
      5 7848
      2 7849
      2 7850
      5 7851
      4 7852
      2 7853
      4 7854
      3 7855
      6 7856
      2 7857
      5 7858
      3 7859
      3 7860
      4 7861
      1 7862
      2 7863
      3 7864
      3 7865
      7 7866
      1 7867
      3 7868
      1 7869
      4 7870
      2 7871
      1 7872
      6 7873
      6 7874
      3 7875
      7 7876
      5 7877
      9 7878
      8 7879
      8 7880
      6 7881
      4 7882
      6 7883
      2 7884
      6 7885
      7 7886
      3 7887
      8 7888
     13 7889
     10 7890
     11 7891
      5 7892
     12 7893
      3 7894
      5 7895
      9 7896
      7 7897
      6 7898
      5 7899
     13 7900
     13 7901
     13 7902
     11 7903
     16 7904
      9 7905
      6 7906
     12 7907
     18 7908
     13 7909
     11 7910
     16 7911
     17 7912
     14 7913
     21 7914
     11 7915
     19 7916
     15 7917
     18 7918
     12 7919
     17 7920
     11 7921
     17 7922
     16 7923
     17 7924
     13 7925
     13 7926
     26 7927
     17 7928
     20 7929
     15 7930
     13 7931
     12 7932
     11 7933
     12 7934
     15 7935
     19 7936
     19 7937
     21 7938
     20 7939
     16 7940
     13 7941
     15 7942
     23 7943
     25 7944
     12 7945
     10 7946
     16 7947
     18 7948
     18 7949
     10 7950
      8 7951
     12 7952
      4 7953
     13 7954
     10 7955
      8 7956
      6 7957
     10 7958
     10 7959
     10 7960
      7 7961
      9 7962
      3 7963
      7 7964
     12 7965
      9 7966
      7 7967
      1 7968
      5 7969
      6 7970
     10 7971
      6 7972
      8 7973
      2 7974
      5 7975
      6 7976
      7 7977
      4 7978
     11 7979
     10 7980
     10 7981
      9 7982
      8 7983
      8 7984
      6 7985
      7 7986
     10 7987
     14 7988
     13 7989
     10 7990
     11 7991
     10 7992
     12 7993
     10 7994
      8 7995
     10 7996
      9 7997
      2 7998
      1 7999
      3 8000
      1 8001
