 251524 0
121075439 1
247094272 2
370056813 3
442137015 4
443348267 5
386261696 6
299113747 7
209680572 8
134765020 9
80544894 10
45344485 11
24313695 12
12650875 13
6547698 14
3485871 15
1998977 16
1270381 17
 891905 18
 680891 19
 552434 20
 465714 21
 399421 22
 348188 23
 304492 24
 270040 25
 238880 26
 214165 27
 192730 28
 171954 29
 155053 30
 138110 31
 125456 32
 114233 33
 103851 34
  93274 35
  86274 36
  79752 37
  72244 38
  66564 39
  63067 40
  58383 41
  55149 42
  52742 43
  49010 44
  46569 45
  43683 46
  41815 47
  40425 48
  39271 49
  37328 50
  35745 51
  34115 52
  32245 53
  31312 54
  30434 55
  29336 56
  28585 57
  27752 58
  27371 59
  26359 60
  25769 61
  25244 62
  24112 63
  23471 64
  22975 65
  22079 66
  21459 67
  21150 68
  20812 69
  20012 70
  19602 71
  19285 72
  18877 73
  18153 74
  17676 75
  17540 76
  17002 77
  16584 78
  16179 79
  15738 80
  15268 81
  14974 82
  14667 83
  14495 84
  14259 85
  13793 86
  13452 87
  13392 88
  13236 89
  13142 90
  12476 91
  12364 92
  12274 93
  12165 94
  11704 95
  11556 96
  11382 97
  11318 98
  10826 99
  10618 100
  10566 101
  10134 102
  10025 103
   9811 104
   9631 105
   9738 106
   9256 107
   9313 108
   8936 109
   8923 110
   8861 111
   8457 112
   8281 113
   8163 114
   8203 115
   8011 116
   7987 117
   8048 118
   7860 119
   7839 120
   7651 121
   7491 122
   7400 123
   7225 124
   7056 125
   7058 126
   6922 127
   7131 128
   6892 129
   6701 130
   6685 131
   6621 132
   6543 133
   6365 134
   6411 135
   6178 136
   6236 137
   6204 138
   6092 139
   6062 140
   6040 141
   5966 142
   5982 143
   5897 144
   5870 145
   5821 146
   5822 147
   5719 148
   5627 149
   5537 150
   5419 151
   5423 152
   5355 153
   5332 154
   5244 155
   5236 156
   5114 157
   5125 158
   4891 159
   4973 160
   5036 161
   4863 162
   5084 163
   4641 164
   4664 165
   4627 166
   4567 167
   4601 168
   4582 169
   4383 170
   4343 171
   4489 172
   4518 173
   4430 174
   4505 175
   4319 176
   4364 177
   4334 178
   4172 179
   4137 180
   4159 181
   3988 182
   4118 183
   3940 184
   4018 185
   3936 186
   3936 187
   3795 188
   3763 189
   3813 190
   3696 191
   3713 192
   3764 193
   3743 194
   3621 195
   3609 196
   3569 197
   3669 198
   3594 199
   3539 200
   3555 201
   3435 202
   3404 203
   3451 204
   3291 205
   3246 206
   3224 207
   3146 208
   3208 209
   3212 210
   3184 211
   3260 212
   3127 213
   3126 214
   3156 215
   3186 216
   3094 217
   3136 218
   3101 219
   3108 220
   3082 221
   2859 222
   2884 223
   2886 224
   2889 225
   2851 226
   2966 227
   2981 228
   3026 229
   2837 230
   2878 231
   2856 232
   2705 233
   2779 234
   2698 235
   2681 236
   2718 237
   2632 238
   2721 239
   2689 240
   2643 241
   2604 242
   2703 243
   2683 244
   2626 245
   2600 246
   2583 247
   2521 248
   2528 249
   2568 250
   2598 251
   2499 252
   2439 253
   2470 254
   2491 255
   2505 256
   2373 257
   2471 258
   2461 259
   2425 260
   2455 261
   2417 262
   2382 263
   2332 264
   2537 265
   2442 266
   2380 267
   2286 268
   2310 269
   2299 270
   2297 271
   2450 272
   2442 273
   2324 274
   2368 275
   2273 276
   2372 277
   2320 278
   2371 279
   2275 280
   2329 281
   2482 282
   2373 283
   2318 284
   2358 285
   2302 286
   2433 287
   2368 288
   2433 289
   2522 290
   2385 291
   2427 292
   2451 293
   2401 294
   2476 295
   2425 296
   2392 297
   2514 298
   2540 299
   2521 300
   2572 301
   2517 302
   2611 303
   2621 304
   2659 305
   2729 306
   2742 307
   2796 308
   2721 309
   2790 310
   2716 311
   2772 312
   2897 313
   2952 314
   3072 315
   2979 316
   3010 317
   3103 318
   3071 319
   3036 320
   3022 321
   3175 322
   3143 323
   3042 324
   2990 325
   2945 326
   2978 327
   3066 328
   3030 329
   2978 330
   3127 331
   3092 332
   3004 333
   2949 334
   2948 335
   2866 336
   2913 337
   3029 338
   2881 339
   2918 340
   2937 341
   2950 342
   3035 343
   3034 344
   2916 345
   3007 346
   2949 347
   2868 348
   2887 349
   2830 350
   2889 351
   2870 352
   2821 353
   2856 354
   2739 355
   2744 356
   2776 357
   2689 358
   2700 359
   2518 360
   2652 361
   2516 362
   2511 363
   2628 364
   2566 365
   2459 366
   2390 367
   2381 368
   2327 369
   2383 370
   2304 371
   2281 372
   2247 373
   2235 374
   2188 375
   2136 376
   2072 377
   1988 378
   1999 379
   1953 380
   1913 381
   1889 382
   1946 383
   1961 384
   1977 385
   1848 386
   1799 387
   1842 388
   1711 389
   1705 390
   1671 391
   1575 392
   1686 393
   1685 394
   1701 395
   1623 396
   1661 397
   1545 398
   1557 399
   1473 400
   1452 401
   1510 402
   1495 403
   1465 404
   1485 405
   1449 406
   1353 407
   1329 408
   1331 409
   1353 410
   1350 411
   1285 412
   1414 413
   1327 414
   1220 415
   1272 416
   1174 417
   1218 418
   1204 419
   1199 420
   1199 421
   1215 422
   1180 423
   1118 424
   1177 425
   1085 426
   1161 427
   1178 428
   1060 429
   1108 430
   1052 431
   1188 432
   1065 433
   1101 434
   1161 435
   1053 436
   1064 437
   1002 438
   1047 439
   1048 440
   1007 441
   1027 442
    956 443
   1008 444
   1018 445
    947 446
   1003 447
   1000 448
    966 449
    959 450
    978 451
   1007 452
   1059 453
   1003 454
    974 455
    994 456
    957 457
    958 458
    998 459
   1005 460
    960 461
    977 462
    964 463
   1010 464
    971 465
    972 466
    995 467
   1006 468
   1015 469
   1002 470
    953 471
    931 472
    966 473
    978 474
    933 475
    958 476
    943 477
    932 478
   1008 479
    878 480
    977 481
    952 482
    918 483
    882 484
    899 485
    866 486
    891 487
    879 488
    908 489
    856 490
    867 491
    816 492
    843 493
    839 494
    798 495
    826 496
    841 497
    783 498
    808 499
    867 500
    764 501
    780 502
    825 503
    807 504
    779 505
    799 506
    778 507
    778 508
    770 509
    792 510
    755 511
    752 512
    691 513
    732 514
    700 515
    724 516
    738 517
    741 518
    733 519
    696 520
    693 521
    714 522
    671 523
    675 524
    685 525
    651 526
    696 527
    683 528
    702 529
    707 530
    651 531
    608 532
    686 533
    657 534
    621 535
    691 536
    711 537
    658 538
    696 539
    621 540
    622 541
    625 542
    644 543
    664 544
    618 545
    603 546
    616 547
    576 548
    597 549
    646 550
    630 551
    591 552
    561 553
    602 554
    650 555
    615 556
    647 557
    582 558
    582 559
    538 560
    558 561
    568 562
    544 563
    583 564
    560 565
    560 566
    518 567
    569 568
    565 569
    555 570
    554 571
    580 572
    575 573
    530 574
    569 575
    556 576
    571 577
    574 578
    560 579
    516 580
    563 581
    522 582
    521 583
    500 584
    490 585
    522 586
    511 587
    518 588
    531 589
    498 590
    469 591
    480 592
    479 593
    468 594
    510 595
    527 596
    498 597
    471 598
    467 599
    486 600
    474 601
    466 602
    481 603
    459 604
    462 605
    484 606
    463 607
    475 608
    474 609
    495 610
    491 611
    493 612
    486 613
    468 614
    471 615
    443 616
    445 617
    444 618
    433 619
    468 620
    473 621
    434 622
    430 623
    397 624
    434 625
    440 626
    414 627
    445 628
    473 629
    445 630
    434 631
    454 632
    452 633
    423 634
    406 635
    458 636
    441 637
    449 638
    399 639
    395 640
    423 641
    398 642
    442 643
    404 644
    443 645
    382 646
    412 647
    409 648
    442 649
    424 650
    437 651
    414 652
    470 653
    387 654
    407 655
    414 656
    444 657
    444 658
    436 659
    448 660
    441 661
    415 662
    420 663
    374 664
    396 665
    383 666
    386 667
    395 668
    404 669
    407 670
    409 671
    399 672
    502 673
    391 674
    391 675
    383 676
    369 677
    427 678
    378 679
    401 680
    382 681
    378 682
    374 683
    368 684
    395 685
    385 686
    345 687
    347 688
    332 689
    392 690
    381 691
    369 692
    363 693
    339 694
    351 695
    411 696
    362 697
    339 698
    387 699
    353 700
    348 701
    362 702
    373 703
    340 704
    343 705
    363 706
    359 707
    368 708
    355 709
    335 710
    371 711
    357 712
    329 713
    324 714
    360 715
    390 716
    335 717
    360 718
    315 719
    324 720
    344 721
    348 722
    364 723
    362 724
    322 725
    338 726
    335 727
    330 728
    333 729
    307 730
    290 731
    315 732
    325 733
    311 734
    317 735
    325 736
    308 737
    323 738
    296 739
    324 740
    320 741
    285 742
    308 743
    318 744
    338 745
    316 746
    290 747
    279 748
    306 749
    300 750
    301 751
    284 752
    286 753
    299 754
    328 755
    280 756
    305 757
    283 758
    312 759
    272 760
    320 761
    314 762
    295 763
    303 764
    267 765
    276 766
    296 767
    304 768
    282 769
    292 770
    318 771
    289 772
    286 773
    306 774
    277 775
    264 776
    294 777
    298 778
    285 779
    298 780
    302 781
    303 782
    278 783
    283 784
    274 785
    292 786
    249 787
    274 788
    291 789
    300 790
    283 791
    262 792
    243 793
    256 794
    290 795
    274 796
    265 797
    296 798
    279 799
    271 800
    248 801
    286 802
    222 803
    271 804
    282 805
    267 806
    246 807
    244 808
    258 809
    273 810
    243 811
    246 812
    227 813
    261 814
    254 815
    272 816
    278 817
    253 818
    275 819
    249 820
    263 821
    237 822
    227 823
    235 824
    252 825
    239 826
    267 827
    220 828
    251 829
    235 830
    226 831
    245 832
    230 833
    253 834
    244 835
    255 836
    259 837
    239 838
    234 839
    271 840
    244 841
    243 842
    264 843
    238 844
    223 845
    251 846
    279 847
    263 848
    228 849
    262 850
    261 851
    220 852
    265 853
    237 854
    266 855
    248 856
    238 857
    245 858
    224 859
    222 860
    220 861
    225 862
    222 863
    262 864
    225 865
    241 866
    230 867
    229 868
    229 869
    237 870
    213 871
    215 872
    258 873
    234 874
    203 875
    241 876
    225 877
    226 878
    239 879
    259 880
    234 881
    225 882
    251 883
    203 884
    230 885
    232 886
    252 887
    255 888
    253 889
    227 890
    261 891
    235 892
    204 893
    223 894
    232 895
    256 896
    249 897
    237 898
    242 899
    234 900
    241 901
    242 902
    259 903
    258 904
    225 905
    236 906
    223 907
    226 908
    217 909
    198 910
    217 911
    233 912
    230 913
    214 914
    207 915
    234 916
    214 917
    208 918
    235 919
    249 920
    238 921
    223 922
    226 923
    211 924
    214 925
    216 926
    238 927
    199 928
    214 929
    220 930
    217 931
    214 932
    225 933
    173 934
    211 935
    212 936
    196 937
    218 938
    222 939
    226 940
    248 941
    198 942
    211 943
    204 944
    175 945
    202 946
    226 947
    207 948
    235 949
    182 950
    217 951
    197 952
    206 953
    193 954
    219 955
    230 956
    210 957
    220 958
    217 959
    212 960
    224 961
    228 962
    220 963
    204 964
    204 965
    221 966
    220 967
    232 968
    235 969
    215 970
    208 971
    231 972
    197 973
    184 974
    228 975
    209 976
    202 977
    193 978
    207 979
    173 980
    193 981
    187 982
    197 983
    179 984
    194 985
    196 986
    185 987
    187 988
    217 989
    202 990
    197 991
    197 992
    209 993
    173 994
    200 995
    186 996
    191 997
    209 998
    206 999
    204 1000
    221 1001
    199 1002
    208 1003
    209 1004
    212 1005
    220 1006
    239 1007
    205 1008
    200 1009
    187 1010
    197 1011
    190 1012
    199 1013
    164 1014
    199 1015
    195 1016
    191 1017
    162 1018
    189 1019
    163 1020
    192 1021
    175 1022
    190 1023
    183 1024
    152 1025
    215 1026
    180 1027
    158 1028
    168 1029
    176 1030
    184 1031
    166 1032
    179 1033
    206 1034
    191 1035
    199 1036
    183 1037
    186 1038
    187 1039
    193 1040
    178 1041
    178 1042
    187 1043
    188 1044
    194 1045
    175 1046
    172 1047
    184 1048
    181 1049
    186 1050
    197 1051
    187 1052
    173 1053
    186 1054
    195 1055
    187 1056
    197 1057
    163 1058
    169 1059
    188 1060
    177 1061
    169 1062
    169 1063
    174 1064
    177 1065
    177 1066
    188 1067
    182 1068
    185 1069
    199 1070
    181 1071
    209 1072
    192 1073
    207 1074
    168 1075
    188 1076
    176 1077
    182 1078
    193 1079
    195 1080
    167 1081
    190 1082
    190 1083
    198 1084
    178 1085
    192 1086
    215 1087
    183 1088
    196 1089
    180 1090
    197 1091
    197 1092
    166 1093
    182 1094
    186 1095
    175 1096
    187 1097
    181 1098
    190 1099
    186 1100
    170 1101
    162 1102
    180 1103
    176 1104
    202 1105
    198 1106
    170 1107
    196 1108
    172 1109
    201 1110
    175 1111
    179 1112
    201 1113
    195 1114
    201 1115
    181 1116
    192 1117
    181 1118
    202 1119
    181 1120
    207 1121
    183 1122
    170 1123
    183 1124
    177 1125
    183 1126
    182 1127
    166 1128
    189 1129
    162 1130
    182 1131
    183 1132
    178 1133
    171 1134
    191 1135
    184 1136
    159 1137
    156 1138
    169 1139
    159 1140
    172 1141
    178 1142
    180 1143
    170 1144
    184 1145
    165 1146
    182 1147
    154 1148
    173 1149
    185 1150
    179 1151
    159 1152
    185 1153
    178 1154
    175 1155
    167 1156
    172 1157
    170 1158
    201 1159
    183 1160
    176 1161
    182 1162
    193 1163
    180 1164
    167 1165
    192 1166
    174 1167
    155 1168
    193 1169
    180 1170
    183 1171
    195 1172
    163 1173
    173 1174
    171 1175
    172 1176
    176 1177
    190 1178
    164 1179
    176 1180
    181 1181
    168 1182
    165 1183
    171 1184
    173 1185
    191 1186
    164 1187
    178 1188
    169 1189
    180 1190
    199 1191
    193 1192
    213 1193
    175 1194
    209 1195
    197 1196
    187 1197
    176 1198
    193 1199
    167 1200
    199 1201
    176 1202
    187 1203
    188 1204
    208 1205
    182 1206
    197 1207
    185 1208
    190 1209
    197 1210
    175 1211
    155 1212
    189 1213
    190 1214
    176 1215
    184 1216
    168 1217
    157 1218
    163 1219
    194 1220
    183 1221
    155 1222
    152 1223
    198 1224
    171 1225
    173 1226
    195 1227
    180 1228
    190 1229
    179 1230
    165 1231
    187 1232
    158 1233
    185 1234
    164 1235
    150 1236
    152 1237
    164 1238
    173 1239
    161 1240
    200 1241
    203 1242
    170 1243
    174 1244
    172 1245
    178 1246
    178 1247
    158 1248
    200 1249
    156 1250
    159 1251
    163 1252
    176 1253
    184 1254
    174 1255
    159 1256
    163 1257
    185 1258
    159 1259
    195 1260
    188 1261
    195 1262
    188 1263
    215 1264
    176 1265
    200 1266
    168 1267
    182 1268
    169 1269
    164 1270
    181 1271
    182 1272
    188 1273
    181 1274
    174 1275
    159 1276
    156 1277
    165 1278
    161 1279
    180 1280
    158 1281
    161 1282
    150 1283
    173 1284
    158 1285
    171 1286
    140 1287
    160 1288
    131 1289
    161 1290
    155 1291
    143 1292
    154 1293
    164 1294
    166 1295
    164 1296
    168 1297
    155 1298
    190 1299
    147 1300
    167 1301
    135 1302
    174 1303
    171 1304
    169 1305
    163 1306
    154 1307
    155 1308
    170 1309
    151 1310
    154 1311
    123 1312
    167 1313
    144 1314
    126 1315
    175 1316
    133 1317
    165 1318
    124 1319
    147 1320
    155 1321
    152 1322
    148 1323
    133 1324
    146 1325
    150 1326
    152 1327
    128 1328
    152 1329
    137 1330
    154 1331
    155 1332
    166 1333
    151 1334
    141 1335
    138 1336
    139 1337
    122 1338
    142 1339
    148 1340
    136 1341
    156 1342
    124 1343
    146 1344
    137 1345
    135 1346
    121 1347
    134 1348
    140 1349
    128 1350
    125 1351
    127 1352
    133 1353
    129 1354
    120 1355
    144 1356
    140 1357
    136 1358
    125 1359
    132 1360
    148 1361
    133 1362
    149 1363
    133 1364
    143 1365
    124 1366
    122 1367
    119 1368
    125 1369
    120 1370
    131 1371
    144 1372
    130 1373
    133 1374
    125 1375
    122 1376
    103 1377
    119 1378
    116 1379
    122 1380
    114 1381
    119 1382
    112 1383
    128 1384
    125 1385
    110 1386
    117 1387
    109 1388
    124 1389
     97 1390
    121 1391
    120 1392
    119 1393
    122 1394
    103 1395
    127 1396
    128 1397
    105 1398
    112 1399
    118 1400
    127 1401
     98 1402
    129 1403
    111 1404
    115 1405
    127 1406
    115 1407
    114 1408
    114 1409
    108 1410
    123 1411
    124 1412
     97 1413
    133 1414
    130 1415
    113 1416
    136 1417
    111 1418
    122 1419
    115 1420
    126 1421
    110 1422
    128 1423
    108 1424
    112 1425
    115 1426
    120 1427
    118 1428
    116 1429
    117 1430
    109 1431
    126 1432
    110 1433
     98 1434
    102 1435
    106 1436
    115 1437
    105 1438
    121 1439
    105 1440
    114 1441
     99 1442
    101 1443
    122 1444
    109 1445
     96 1446
    112 1447
    113 1448
    109 1449
     95 1450
    120 1451
     95 1452
    106 1453
     96 1454
    104 1455
    105 1456
    101 1457
    114 1458
    103 1459
    107 1460
     85 1461
    123 1462
    127 1463
    101 1464
     96 1465
    106 1466
     97 1467
     94 1468
     77 1469
    102 1470
     85 1471
     98 1472
    106 1473
     90 1474
    114 1475
    105 1476
    102 1477
     97 1478
    124 1479
    109 1480
     91 1481
    102 1482
     91 1483
    108 1484
    116 1485
    115 1486
    101 1487
    115 1488
    111 1489
    124 1490
    121 1491
     97 1492
     96 1493
    111 1494
    110 1495
    114 1496
    107 1497
     92 1498
    116 1499
    102 1500
    105 1501
    116 1502
    124 1503
    121 1504
     97 1505
    119 1506
    111 1507
    102 1508
    100 1509
    109 1510
    109 1511
    108 1512
    102 1513
    103 1514
    121 1515
    122 1516
    105 1517
     80 1518
     97 1519
    110 1520
     91 1521
    113 1522
    124 1523
    114 1524
    124 1525
    114 1526
    103 1527
    108 1528
     86 1529
     92 1530
    103 1531
    110 1532
     95 1533
     97 1534
    103 1535
    117 1536
    100 1537
    104 1538
     82 1539
     85 1540
     94 1541
    101 1542
    107 1543
     97 1544
    100 1545
     96 1546
    109 1547
     95 1548
     76 1549
     92 1550
     83 1551
     94 1552
     93 1553
     80 1554
     99 1555
     97 1556
    109 1557
     91 1558
     84 1559
     88 1560
    101 1561
     90 1562
     78 1563
     98 1564
    107 1565
    104 1566
    105 1567
    113 1568
     95 1569
    100 1570
    101 1571
     89 1572
     87 1573
     93 1574
     89 1575
    103 1576
    117 1577
    101 1578
     99 1579
     85 1580
     88 1581
    101 1582
     91 1583
    102 1584
     90 1585
     93 1586
    100 1587
    102 1588
     96 1589
     98 1590
     95 1591
    108 1592
     96 1593
     97 1594
    122 1595
    109 1596
     95 1597
     99 1598
    110 1599
    107 1600
    108 1601
    111 1602
     97 1603
     93 1604
     79 1605
    109 1606
     89 1607
     97 1608
    101 1609
     87 1610
     95 1611
     84 1612
     89 1613
     83 1614
    103 1615
     94 1616
    101 1617
     93 1618
    100 1619
     88 1620
    107 1621
    100 1622
    107 1623
     88 1624
     92 1625
    101 1626
     84 1627
     89 1628
     82 1629
     96 1630
     99 1631
     76 1632
     82 1633
     89 1634
     90 1635
     94 1636
     86 1637
     90 1638
     98 1639
     77 1640
     95 1641
     80 1642
     79 1643
     99 1644
     91 1645
     80 1646
     66 1647
     80 1648
     94 1649
     90 1650
     93 1651
     80 1652
     83 1653
     94 1654
     90 1655
     56 1656
    101 1657
     82 1658
     79 1659
     88 1660
     82 1661
     77 1662
     94 1663
     82 1664
     78 1665
     90 1666
     77 1667
     85 1668
     75 1669
     75 1670
     73 1671
     84 1672
     90 1673
     88 1674
     77 1675
     87 1676
     91 1677
     83 1678
     87 1679
    103 1680
     78 1681
     74 1682
     70 1683
     83 1684
     70 1685
     84 1686
     84 1687
    100 1688
     87 1689
     88 1690
     86 1691
     77 1692
     78 1693
     95 1694
     77 1695
     80 1696
     85 1697
     78 1698
     91 1699
     79 1700
     90 1701
     89 1702
     80 1703
     72 1704
     76 1705
     72 1706
     81 1707
     83 1708
     89 1709
     80 1710
     74 1711
     57 1712
     78 1713
     74 1714
     68 1715
     61 1716
     68 1717
     71 1718
     68 1719
     68 1720
     78 1721
     83 1722
     63 1723
     66 1724
     58 1725
     57 1726
     65 1727
     53 1728
     60 1729
     66 1730
     71 1731
     63 1732
     77 1733
     57 1734
     58 1735
     77 1736
     81 1737
     73 1738
     67 1739
     55 1740
     76 1741
     57 1742
     71 1743
     61 1744
     62 1745
     72 1746
     67 1747
     62 1748
     87 1749
     69 1750
     70 1751
     84 1752
     68 1753
     60 1754
     60 1755
     67 1756
     71 1757
     55 1758
     73 1759
     68 1760
     72 1761
     62 1762
     81 1763
     75 1764
     47 1765
     65 1766
     70 1767
     68 1768
     67 1769
     55 1770
     68 1771
     81 1772
     78 1773
     57 1774
     58 1775
     73 1776
     69 1777
     60 1778
     67 1779
     72 1780
     63 1781
     74 1782
     63 1783
     71 1784
     74 1785
     52 1786
     63 1787
     70 1788
     46 1789
     62 1790
     59 1791
     65 1792
     61 1793
     61 1794
     68 1795
     62 1796
     66 1797
     57 1798
     58 1799
     65 1800
     76 1801
     53 1802
     59 1803
     71 1804
     67 1805
     55 1806
     82 1807
     61 1808
     61 1809
     55 1810
     67 1811
     78 1812
     61 1813
     59 1814
     79 1815
     59 1816
     68 1817
     57 1818
     73 1819
     63 1820
     59 1821
     64 1822
     60 1823
     79 1824
     91 1825
     73 1826
     58 1827
     68 1828
     72 1829
     78 1830
     80 1831
     65 1832
     75 1833
     64 1834
     63 1835
     58 1836
     74 1837
     85 1838
     57 1839
     75 1840
     70 1841
     65 1842
     77 1843
     69 1844
     73 1845
     45 1846
     62 1847
     68 1848
     64 1849
     66 1850
     58 1851
     75 1852
     65 1853
     65 1854
     64 1855
     68 1856
     70 1857
     73 1858
     54 1859
     59 1860
     87 1861
     71 1862
     77 1863
     80 1864
     63 1865
     71 1866
     63 1867
     83 1868
     55 1869
     65 1870
     56 1871
     74 1872
     73 1873
     69 1874
     71 1875
     55 1876
     83 1877
     83 1878
     78 1879
     82 1880
     82 1881
     78 1882
     69 1883
     59 1884
     71 1885
     87 1886
     63 1887
     53 1888
     69 1889
     71 1890
     67 1891
     58 1892
     78 1893
     55 1894
     61 1895
     58 1896
     76 1897
     66 1898
     72 1899
     72 1900
     51 1901
     59 1902
     71 1903
     66 1904
     82 1905
     75 1906
     54 1907
     82 1908
     73 1909
     66 1910
     54 1911
     74 1912
     65 1913
     54 1914
     62 1915
     70 1916
     64 1917
     69 1918
     67 1919
     72 1920
     48 1921
     72 1922
     65 1923
     69 1924
     72 1925
     80 1926
     64 1927
     61 1928
     67 1929
     59 1930
     65 1931
     68 1932
     65 1933
     58 1934
     62 1935
     47 1936
     73 1937
     59 1938
     64 1939
     53 1940
     68 1941
     59 1942
     65 1943
     55 1944
     63 1945
     55 1946
     61 1947
     62 1948
     78 1949
     63 1950
     55 1951
     49 1952
     61 1953
     68 1954
     63 1955
     74 1956
     59 1957
     54 1958
     69 1959
     66 1960
     59 1961
     41 1962
     59 1963
     69 1964
     59 1965
     69 1966
     53 1967
     59 1968
     63 1969
     54 1970
     62 1971
     68 1972
     61 1973
     59 1974
     71 1975
     64 1976
     61 1977
     50 1978
     60 1979
     53 1980
     63 1981
     55 1982
     62 1983
     42 1984
     49 1985
     53 1986
     64 1987
     60 1988
     63 1989
     56 1990
     71 1991
     55 1992
     70 1993
     65 1994
     48 1995
     47 1996
     63 1997
     48 1998
     48 1999
     58 2000
     52 2001
     55 2002
     48 2003
     61 2004
     67 2005
     48 2006
     47 2007
     51 2008
     80 2009
     48 2010
     61 2011
     57 2012
     62 2013
     54 2014
     71 2015
     68 2016
     48 2017
     66 2018
     56 2019
     70 2020
     71 2021
     64 2022
     58 2023
     66 2024
     58 2025
     54 2026
     73 2027
     53 2028
     61 2029
     62 2030
     54 2031
     64 2032
     57 2033
     72 2034
     57 2035
     55 2036
     60 2037
     41 2038
     79 2039
     47 2040
     52 2041
     47 2042
     59 2043
     61 2044
     55 2045
     44 2046
     45 2047
     55 2048
     75 2049
     61 2050
     54 2051
     65 2052
     65 2053
     39 2054
     54 2055
     50 2056
     58 2057
     61 2058
     52 2059
     30 2060
     45 2061
     54 2062
     53 2063
     56 2064
     50 2065
     48 2066
     51 2067
     55 2068
     56 2069
     59 2070
     47 2071
     56 2072
     57 2073
     55 2074
     58 2075
     60 2076
     59 2077
     49 2078
     51 2079
     44 2080
     53 2081
     50 2082
     56 2083
     52 2084
     52 2085
     65 2086
     49 2087
     49 2088
     63 2089
     46 2090
     54 2091
     47 2092
     58 2093
     57 2094
     74 2095
     54 2096
     58 2097
     53 2098
     45 2099
     54 2100
     59 2101
     53 2102
     50 2103
     58 2104
     65 2105
     61 2106
     62 2107
     69 2108
     46 2109
     59 2110
     62 2111
     54 2112
     65 2113
     59 2114
     56 2115
     54 2116
     62 2117
     62 2118
     52 2119
     57 2120
     53 2121
     34 2122
     55 2123
     56 2124
     61 2125
     57 2126
     54 2127
     64 2128
     65 2129
     45 2130
     46 2131
     56 2132
     43 2133
     66 2134
     45 2135
     56 2136
     61 2137
     51 2138
     47 2139
     42 2140
     47 2141
     61 2142
     56 2143
     62 2144
     55 2145
     39 2146
     43 2147
     42 2148
     55 2149
     52 2150
     50 2151
     38 2152
     49 2153
     33 2154
     49 2155
     55 2156
     56 2157
     57 2158
     58 2159
     34 2160
     37 2161
     44 2162
     37 2163
     48 2164
     47 2165
     41 2166
     41 2167
     42 2168
     47 2169
     49 2170
     52 2171
     58 2172
     44 2173
     54 2174
     46 2175
     42 2176
     54 2177
     45 2178
     66 2179
     50 2180
     35 2181
     47 2182
     44 2183
     48 2184
     49 2185
     35 2186
     57 2187
     49 2188
     45 2189
     45 2190
     45 2191
     41 2192
     50 2193
     45 2194
     44 2195
     52 2196
     44 2197
     41 2198
     46 2199
     47 2200
     41 2201
     49 2202
     41 2203
     62 2204
     50 2205
     51 2206
     45 2207
     36 2208
     44 2209
     47 2210
     54 2211
     48 2212
     42 2213
     47 2214
     56 2215
     42 2216
     52 2217
     44 2218
     47 2219
     48 2220
     46 2221
     42 2222
     44 2223
     42 2224
     40 2225
     35 2226
     36 2227
     46 2228
     39 2229
     44 2230
     44 2231
     50 2232
     42 2233
     49 2234
     42 2235
     38 2236
     42 2237
     50 2238
     50 2239
     43 2240
     50 2241
     45 2242
     47 2243
     41 2244
     47 2245
     38 2246
     35 2247
     45 2248
     45 2249
     48 2250
     42 2251
     42 2252
     43 2253
     51 2254
     49 2255
     39 2256
     35 2257
     39 2258
     50 2259
     46 2260
     53 2261
     41 2262
     39 2263
     49 2264
     52 2265
     39 2266
     35 2267
     52 2268
     47 2269
     48 2270
     43 2271
     31 2272
     34 2273
     44 2274
     35 2275
     34 2276
     38 2277
     34 2278
     47 2279
     29 2280
     36 2281
     42 2282
     50 2283
     37 2284
     30 2285
     40 2286
     42 2287
     39 2288
     45 2289
     46 2290
     42 2291
     29 2292
     35 2293
     42 2294
     31 2295
     34 2296
     42 2297
     39 2298
     60 2299
     44 2300
     28 2301
     37 2302
     40 2303
     39 2304
     43 2305
     33 2306
     46 2307
     41 2308
     36 2309
     39 2310
     46 2311
     46 2312
     30 2313
     42 2314
     44 2315
     32 2316
     33 2317
     42 2318
     33 2319
     44 2320
     42 2321
     52 2322
     50 2323
     27 2324
     35 2325
     36 2326
     35 2327
     37 2328
     34 2329
     45 2330
     39 2331
     37 2332
     38 2333
     31 2334
     44 2335
     42 2336
     40 2337
     37 2338
     36 2339
     39 2340
     39 2341
     33 2342
     40 2343
     27 2344
     34 2345
     45 2346
     42 2347
     34 2348
     36 2349
     33 2350
     41 2351
     30 2352
     39 2353
     30 2354
     38 2355
     41 2356
     32 2357
     26 2358
     27 2359
     31 2360
     34 2361
     43 2362
     31 2363
     31 2364
     36 2365
     29 2366
     34 2367
     35 2368
     43 2369
     37 2370
     41 2371
     31 2372
     37 2373
     42 2374
     38 2375
     30 2376
     31 2377
     28 2378
     31 2379
     27 2380
     50 2381
     41 2382
     38 2383
     38 2384
     40 2385
     37 2386
     34 2387
     50 2388
     30 2389
     42 2390
     35 2391
     41 2392
     31 2393
     34 2394
     29 2395
     40 2396
     24 2397
     33 2398
     40 2399
     40 2400
     35 2401
     41 2402
     44 2403
     37 2404
     33 2405
     30 2406
     30 2407
     40 2408
     44 2409
     27 2410
     42 2411
     34 2412
     32 2413
     45 2414
     37 2415
     29 2416
     35 2417
     34 2418
     31 2419
     27 2420
     38 2421
     46 2422
     37 2423
     37 2424
     40 2425
     31 2426
     34 2427
     38 2428
     22 2429
     33 2430
     38 2431
     38 2432
     31 2433
     45 2434
     35 2435
     40 2436
     36 2437
     39 2438
     36 2439
     26 2440
     32 2441
     34 2442
     36 2443
     36 2444
     30 2445
     23 2446
     31 2447
     30 2448
     49 2449
     30 2450
     42 2451
     32 2452
     28 2453
     32 2454
     36 2455
     29 2456
     35 2457
     36 2458
     30 2459
     29 2460
     44 2461
     26 2462
     43 2463
     37 2464
     36 2465
     35 2466
     31 2467
     29 2468
     37 2469
     34 2470
     41 2471
     34 2472
     25 2473
     34 2474
     31 2475
     32 2476
     42 2477
     39 2478
     26 2479
     33 2480
     23 2481
     36 2482
     28 2483
     19 2484
     29 2485
     43 2486
     26 2487
     29 2488
     35 2489
     42 2490
     33 2491
     32 2492
     34 2493
     24 2494
     48 2495
     33 2496
     32 2497
     32 2498
     40 2499
     31 2500
     26 2501
     29 2502
     34 2503
     49 2504
     34 2505
     38 2506
     35 2507
     43 2508
     38 2509
     32 2510
     27 2511
     30 2512
     37 2513
     40 2514
     38 2515
     42 2516
     37 2517
     36 2518
     49 2519
     34 2520
     48 2521
     28 2522
     31 2523
     29 2524
     44 2525
     34 2526
     37 2527
     39 2528
     26 2529
     35 2530
     41 2531
     37 2532
     38 2533
     32 2534
     47 2535
     30 2536
     44 2537
     35 2538
     37 2539
     28 2540
     30 2541
     27 2542
     36 2543
     30 2544
     32 2545
     23 2546
     36 2547
     30 2548
     32 2549
     34 2550
     39 2551
     23 2552
     33 2553
     33 2554
     36 2555
     31 2556
     29 2557
     28 2558
     39 2559
     38 2560
     29 2561
     36 2562
     32 2563
     23 2564
     28 2565
     29 2566
     24 2567
     26 2568
     25 2569
     39 2570
     34 2571
     31 2572
     33 2573
     31 2574
     30 2575
     26 2576
     31 2577
     31 2578
     25 2579
     38 2580
     32 2581
     36 2582
     31 2583
     32 2584
     41 2585
     40 2586
     30 2587
     33 2588
     32 2589
     25 2590
     30 2591
     30 2592
     45 2593
     33 2594
     42 2595
     43 2596
     26 2597
     25 2598
     33 2599
     24 2600
     38 2601
     21 2602
     34 2603
     26 2604
     28 2605
     38 2606
     29 2607
     28 2608
     27 2609
     21 2610
     26 2611
     20 2612
     25 2613
     30 2614
     26 2615
     26 2616
     26 2617
     26 2618
     32 2619
     31 2620
     37 2621
     21 2622
     30 2623
     31 2624
     32 2625
     36 2626
     18 2627
     31 2628
     26 2629
     14 2630
     26 2631
     29 2632
     23 2633
     31 2634
     35 2635
     32 2636
     25 2637
     33 2638
     34 2639
     36 2640
     32 2641
     31 2642
     28 2643
     27 2644
     33 2645
     25 2646
     24 2647
     15 2648
     30 2649
     29 2650
     28 2651
     31 2652
     22 2653
     30 2654
     28 2655
     23 2656
     29 2657
     23 2658
     29 2659
     27 2660
     32 2661
     24 2662
     24 2663
     25 2664
     31 2665
     29 2666
     27 2667
     36 2668
     25 2669
     26 2670
     31 2671
     20 2672
     26 2673
     21 2674
     31 2675
     23 2676
     25 2677
     15 2678
     23 2679
     32 2680
     26 2681
     18 2682
     25 2683
     18 2684
     30 2685
     19 2686
     16 2687
     25 2688
     23 2689
     21 2690
     24 2691
     37 2692
     29 2693
     23 2694
     18 2695
     28 2696
     21 2697
     34 2698
     26 2699
     20 2700
     18 2701
     22 2702
     25 2703
     36 2704
     25 2705
     23 2706
     35 2707
     20 2708
     31 2709
     30 2710
     21 2711
     25 2712
     21 2713
     29 2714
     28 2715
     29 2716
     20 2717
     30 2718
     19 2719
     17 2720
     34 2721
     27 2722
     22 2723
     30 2724
     24 2725
     23 2726
     29 2727
     29 2728
     17 2729
     26 2730
     20 2731
     19 2732
     11 2733
     25 2734
     27 2735
     23 2736
     21 2737
     27 2738
     27 2739
     19 2740
     35 2741
     23 2742
     14 2743
     27 2744
     25 2745
     23 2746
     20 2747
     32 2748
     27 2749
     24 2750
     24 2751
     20 2752
     27 2753
     31 2754
     28 2755
     31 2756
     19 2757
     21 2758
     20 2759
     25 2760
     30 2761
     29 2762
     24 2763
     24 2764
     27 2765
     23 2766
     26 2767
     27 2768
     26 2769
     27 2770
     21 2771
     29 2772
     22 2773
     32 2774
     28 2775
     27 2776
     24 2777
     25 2778
     21 2779
     24 2780
     16 2781
     22 2782
     16 2783
     27 2784
     32 2785
     24 2786
     27 2787
     23 2788
     24 2789
     23 2790
     21 2791
     24 2792
     26 2793
     27 2794
     31 2795
     20 2796
     26 2797
     20 2798
     27 2799
     36 2800
     23 2801
     25 2802
     25 2803
     27 2804
     24 2805
     24 2806
     23 2807
     22 2808
     24 2809
     23 2810
     26 2811
     19 2812
     25 2813
     27 2814
     20 2815
     25 2816
     27 2817
     19 2818
     26 2819
     15 2820
     16 2821
     28 2822
     21 2823
     28 2824
     21 2825
     27 2826
     26 2827
     31 2828
     24 2829
     26 2830
     18 2831
     28 2832
     27 2833
     24 2834
     24 2835
     27 2836
     22 2837
     25 2838
     22 2839
     27 2840
     24 2841
     29 2842
     23 2843
     20 2844
     25 2845
     22 2846
     18 2847
     29 2848
     27 2849
     20 2850
     20 2851
     24 2852
     27 2853
     30 2854
     26 2855
     23 2856
     37 2857
     23 2858
     31 2859
     24 2860
     24 2861
     29 2862
     25 2863
     29 2864
     22 2865
     24 2866
     33 2867
     29 2868
     20 2869
     22 2870
     22 2871
     20 2872
     23 2873
     28 2874
     33 2875
     27 2876
     30 2877
     30 2878
     21 2879
     23 2880
     29 2881
     18 2882
     24 2883
     32 2884
     24 2885
     27 2886
     23 2887
     29 2888
     20 2889
     23 2890
     21 2891
     26 2892
     23 2893
     32 2894
     29 2895
     27 2896
     32 2897
     17 2898
     21 2899
     29 2900
     33 2901
     30 2902
     25 2903
     26 2904
     27 2905
     25 2906
     27 2907
     25 2908
     25 2909
     33 2910
     24 2911
     23 2912
     37 2913
     29 2914
     22 2915
     22 2916
     24 2917
     36 2918
     14 2919
     30 2920
     25 2921
     21 2922
     33 2923
     30 2924
     29 2925
     24 2926
     40 2927
     35 2928
     25 2929
     28 2930
     35 2931
     26 2932
     33 2933
     31 2934
     36 2935
     30 2936
     34 2937
     24 2938
     32 2939
     21 2940
     27 2941
     30 2942
     27 2943
     40 2944
     27 2945
     32 2946
     32 2947
     29 2948
     31 2949
     23 2950
     27 2951
     22 2952
     23 2953
     26 2954
     30 2955
     24 2956
     25 2957
     14 2958
     24 2959
     29 2960
     30 2961
     34 2962
     28 2963
     26 2964
     26 2965
     32 2966
     23 2967
     19 2968
     20 2969
     25 2970
     25 2971
     36 2972
     34 2973
     29 2974
     25 2975
     28 2976
     27 2977
     28 2978
     26 2979
     24 2980
     20 2981
     24 2982
     25 2983
     26 2984
     22 2985
     24 2986
     29 2987
     24 2988
     18 2989
     26 2990
     24 2991
     38 2992
     23 2993
     16 2994
     19 2995
     27 2996
     23 2997
     24 2998
     25 2999
     21 3000
     27 3001
     16 3002
     19 3003
     29 3004
     25 3005
     28 3006
     18 3007
     32 3008
     26 3009
     30 3010
     22 3011
     18 3012
     29 3013
     22 3014
     22 3015
     23 3016
     25 3017
     25 3018
     25 3019
     27 3020
     24 3021
     29 3022
     30 3023
     20 3024
     15 3025
     27 3026
     32 3027
     30 3028
     29 3029
     20 3030
     28 3031
     31 3032
     26 3033
     27 3034
     35 3035
     32 3036
     35 3037
     27 3038
     29 3039
     29 3040
     28 3041
     30 3042
     30 3043
     32 3044
     34 3045
     29 3046
     29 3047
     24 3048
     28 3049
     26 3050
     33 3051
     38 3052
     28 3053
     23 3054
     31 3055
     27 3056
     27 3057
     23 3058
     17 3059
     30 3060
     36 3061
     30 3062
     30 3063
     26 3064
     33 3065
     32 3066
     22 3067
     26 3068
     25 3069
     30 3070
     21 3071
     26 3072
     25 3073
     24 3074
     26 3075
     20 3076
     24 3077
     20 3078
     28 3079
     24 3080
     32 3081
     22 3082
     26 3083
     20 3084
     23 3085
     28 3086
     22 3087
     38 3088
     18 3089
     27 3090
     25 3091
     27 3092
     23 3093
     29 3094
     26 3095
     23 3096
     30 3097
     22 3098
     23 3099
     27 3100
     24 3101
     20 3102
     28 3103
     26 3104
     37 3105
     24 3106
     24 3107
     22 3108
     25 3109
     30 3110
     31 3111
     27 3112
     26 3113
     24 3114
     24 3115
     30 3116
     49 3117
     26 3118
     31 3119
     23 3120
     34 3121
     24 3122
     35 3123
     23 3124
     31 3125
     34 3126
     25 3127
     18 3128
     30 3129
     41 3130
     39 3131
     35 3132
     29 3133
     20 3134
     31 3135
     36 3136
     39 3137
     30 3138
     26 3139
     34 3140
     26 3141
     26 3142
     23 3143
     31 3144
     40 3145
     26 3146
     37 3147
     27 3148
     36 3149
     30 3150
     32 3151
     18 3152
     30 3153
     27 3154
     25 3155
     39 3156
     36 3157
     31 3158
     35 3159
     26 3160
     35 3161
     41 3162
     32 3163
     33 3164
     29 3165
     32 3166
     27 3167
     27 3168
     33 3169
     30 3170
     30 3171
     28 3172
     29 3173
     33 3174
     32 3175
     36 3176
     27 3177
     32 3178
     40 3179
     36 3180
     20 3181
     32 3182
     30 3183
     35 3184
     29 3185
     35 3186
     22 3187
     34 3188
     32 3189
     29 3190
     28 3191
     28 3192
     30 3193
     17 3194
     23 3195
     32 3196
     40 3197
     30 3198
     31 3199
     33 3200
     31 3201
     33 3202
     30 3203
     32 3204
     34 3205
     31 3206
     35 3207
     29 3208
     34 3209
     46 3210
     37 3211
     35 3212
     26 3213
     26 3214
     34 3215
     25 3216
     29 3217
     24 3218
     33 3219
     32 3220
     34 3221
     30 3222
     24 3223
     38 3224
     36 3225
     36 3226
     20 3227
     34 3228
     39 3229
     32 3230
     38 3231
     24 3232
     36 3233
     33 3234
     38 3235
     46 3236
     36 3237
     26 3238
     22 3239
     22 3240
     27 3241
     35 3242
     44 3243
     33 3244
     33 3245
     28 3246
     31 3247
     22 3248
     32 3249
     21 3250
     26 3251
     36 3252
     24 3253
     28 3254
     25 3255
     25 3256
     25 3257
     44 3258
     29 3259
     26 3260
     33 3261
     32 3262
     29 3263
     29 3264
     28 3265
     26 3266
     33 3267
     33 3268
     30 3269
     32 3270
     25 3271
     22 3272
     28 3273
     33 3274
     22 3275
     39 3276
     25 3277
     31 3278
     37 3279
     35 3280
     27 3281
     25 3282
     34 3283
     29 3284
     37 3285
     16 3286
     33 3287
     34 3288
     39 3289
     45 3290
     37 3291
     31 3292
     28 3293
     31 3294
     33 3295
     32 3296
     34 3297
     38 3298
     34 3299
     35 3300
     21 3301
     42 3302
     43 3303
     33 3304
     37 3305
     34 3306
     31 3307
     26 3308
     38 3309
     35 3310
     41 3311
     37 3312
     28 3313
     26 3314
     28 3315
     35 3316
     47 3317
     21 3318
     31 3319
     33 3320
     40 3321
     29 3322
     33 3323
     35 3324
     29 3325
     25 3326
     32 3327
     22 3328
     27 3329
     34 3330
     23 3331
     33 3332
     30 3333
     24 3334
     29 3335
     28 3336
     31 3337
     18 3338
     34 3339
     33 3340
     24 3341
     40 3342
     27 3343
     36 3344
     33 3345
     27 3346
     32 3347
     29 3348
     25 3349
     27 3350
     25 3351
     29 3352
     32 3353
     37 3354
     39 3355
     29 3356
     38 3357
     18 3358
     30 3359
     29 3360
     29 3361
     37 3362
     34 3363
     23 3364
     27 3365
     25 3366
     23 3367
     25 3368
     32 3369
     25 3370
     29 3371
     23 3372
     24 3373
     30 3374
     28 3375
     31 3376
     28 3377
     31 3378
     30 3379
     35 3380
     25 3381
     18 3382
     33 3383
     19 3384
     28 3385
     38 3386
     27 3387
     31 3388
     34 3389
     24 3390
     29 3391
     33 3392
     30 3393
     23 3394
     31 3395
     26 3396
     20 3397
     23 3398
     26 3399
     19 3400
     32 3401
     30 3402
     26 3403
     25 3404
     30 3405
     24 3406
     26 3407
     32 3408
     14 3409
     31 3410
     27 3411
     19 3412
     30 3413
     32 3414
     26 3415
     20 3416
     27 3417
     27 3418
     26 3419
     27 3420
     24 3421
     33 3422
     18 3423
     28 3424
     32 3425
     33 3426
     22 3427
     31 3428
     33 3429
     24 3430
     22 3431
     28 3432
     32 3433
     25 3434
     29 3435
     24 3436
     23 3437
     18 3438
     29 3439
     30 3440
     32 3441
     25 3442
     23 3443
     45 3444
     21 3445
     29 3446
     25 3447
     32 3448
     35 3449
     22 3450
     34 3451
     38 3452
     33 3453
     30 3454
     18 3455
     25 3456
     26 3457
     28 3458
     27 3459
     16 3460
     22 3461
     18 3462
     14 3463
     21 3464
     27 3465
     28 3466
     30 3467
     25 3468
     29 3469
     25 3470
     22 3471
     25 3472
     24 3473
     28 3474
     39 3475
     35 3476
     22 3477
     34 3478
     27 3479
     31 3480
     24 3481
     23 3482
     27 3483
     37 3484
     24 3485
     25 3486
     28 3487
     25 3488
     31 3489
     19 3490
     33 3491
     39 3492
     31 3493
     34 3494
     25 3495
     38 3496
     28 3497
     28 3498
     37 3499
     41 3500
     36 3501
     29 3502
     36 3503
     29 3504
     24 3505
     31 3506
     25 3507
     35 3508
     42 3509
     38 3510
     41 3511
     30 3512
     32 3513
     39 3514
     33 3515
     33 3516
     25 3517
     34 3518
     34 3519
     28 3520
     23 3521
     33 3522
     32 3523
     28 3524
     32 3525
     28 3526
     30 3527
     32 3528
     25 3529
     28 3530
     24 3531
     22 3532
     29 3533
     24 3534
     23 3535
     17 3536
     36 3537
     32 3538
     26 3539
     18 3540
     27 3541
     30 3542
     26 3543
     25 3544
     17 3545
     24 3546
     29 3547
     20 3548
     25 3549
     14 3550
     36 3551
     28 3552
     20 3553
     24 3554
     29 3555
     13 3556
     23 3557
     23 3558
     22 3559
     32 3560
     14 3561
     14 3562
     22 3563
     23 3564
     26 3565
     23 3566
     29 3567
     19 3568
     29 3569
     20 3570
     23 3571
     31 3572
     23 3573
     20 3574
     21 3575
     20 3576
     26 3577
     23 3578
     30 3579
     30 3580
     25 3581
     29 3582
     30 3583
     25 3584
     31 3585
     20 3586
     33 3587
     24 3588
     29 3589
     29 3590
     28 3591
     27 3592
     31 3593
     24 3594
     31 3595
     22 3596
     36 3597
     25 3598
     25 3599
     32 3600
     37 3601
     14 3602
     31 3603
     25 3604
     20 3605
     24 3606
     31 3607
     25 3608
     28 3609
     27 3610
     21 3611
     28 3612
     27 3613
     23 3614
     25 3615
     21 3616
     22 3617
     28 3618
     32 3619
     18 3620
     29 3621
     35 3622
     27 3623
     18 3624
     28 3625
     27 3626
     25 3627
     25 3628
     22 3629
     25 3630
     27 3631
     28 3632
     28 3633
     20 3634
     19 3635
     22 3636
     27 3637
     22 3638
     20 3639
     16 3640
     24 3641
     22 3642
     26 3643
     27 3644
     25 3645
     18 3646
     23 3647
     18 3648
     23 3649
      8 3650
     23 3651
     21 3652
     17 3653
     24 3654
     23 3655
     18 3656
     23 3657
     24 3658
     31 3659
     21 3660
     20 3661
     25 3662
     26 3663
     25 3664
     23 3665
     19 3666
     24 3667
     23 3668
     22 3669
     24 3670
     26 3671
     28 3672
     33 3673
     18 3674
     24 3675
     20 3676
     27 3677
     23 3678
     24 3679
     37 3680
     19 3681
     25 3682
     31 3683
     27 3684
     29 3685
     28 3686
     25 3687
     25 3688
     24 3689
     20 3690
     28 3691
     21 3692
     25 3693
     24 3694
     25 3695
     26 3696
     18 3697
     21 3698
     25 3699
     26 3700
     31 3701
     19 3702
     31 3703
     23 3704
     32 3705
     26 3706
     18 3707
     19 3708
     21 3709
     26 3710
     22 3711
     24 3712
     31 3713
     27 3714
     18 3715
     18 3716
     19 3717
     22 3718
     18 3719
     19 3720
     30 3721
     27 3722
     22 3723
     17 3724
     21 3725
     17 3726
     15 3727
     14 3728
     35 3729
     18 3730
     16 3731
     21 3732
     16 3733
     23 3734
     20 3735
     23 3736
     21 3737
     27 3738
      9 3739
     18 3740
      9 3741
     21 3742
     14 3743
     21 3744
     24 3745
     17 3746
     23 3747
     20 3748
     26 3749
     16 3750
     24 3751
     15 3752
     16 3753
     23 3754
     23 3755
     25 3756
     24 3757
     22 3758
     28 3759
     21 3760
     17 3761
     14 3762
     29 3763
     22 3764
     20 3765
     20 3766
     17 3767
     19 3768
     27 3769
     18 3770
     34 3771
     28 3772
     28 3773
     12 3774
     26 3775
     22 3776
     25 3777
     18 3778
     23 3779
     19 3780
     20 3781
     19 3782
     17 3783
     25 3784
     20 3785
     16 3786
     15 3787
     20 3788
     21 3789
     22 3790
     24 3791
     23 3792
     20 3793
     16 3794
     11 3795
     25 3796
     20 3797
     20 3798
     15 3799
     31 3800
     17 3801
     26 3802
     25 3803
     25 3804
     25 3805
     15 3806
     23 3807
     12 3808
     13 3809
     15 3810
     18 3811
     11 3812
     21 3813
     22 3814
     15 3815
     14 3816
     17 3817
     12 3818
     18 3819
     16 3820
     20 3821
     24 3822
     14 3823
     30 3824
     20 3825
     22 3826
     19 3827
     13 3828
     19 3829
     18 3830
     12 3831
     13 3832
     17 3833
     18 3834
     27 3835
     19 3836
     14 3837
     17 3838
     12 3839
     21 3840
     15 3841
     11 3842
     16 3843
     18 3844
     16 3845
     10 3846
     20 3847
     25 3848
     15 3849
     12 3850
     12 3851
     19 3852
     17 3853
      9 3854
     14 3855
     12 3856
     19 3857
     14 3858
     12 3859
     14 3860
      9 3861
     17 3862
     16 3863
     11 3864
     14 3865
     10 3866
     16 3867
     19 3868
     24 3869
     16 3870
     15 3871
     13 3872
     17 3873
     17 3874
     11 3875
     10 3876
     20 3877
     18 3878
     12 3879
     12 3880
     15 3881
     19 3882
     14 3883
     15 3884
     12 3885
     11 3886
     14 3887
     14 3888
     16 3889
     16 3890
     17 3891
     17 3892
     15 3893
     14 3894
     13 3895
     14 3896
     18 3897
     20 3898
     13 3899
     11 3900
     10 3901
     18 3902
      7 3903
     18 3904
     12 3905
     16 3906
     15 3907
     17 3908
     21 3909
     15 3910
     17 3911
     14 3912
     10 3913
     22 3914
     17 3915
     14 3916
     16 3917
     17 3918
     14 3919
     11 3920
     16 3921
     11 3922
     10 3923
     22 3924
     21 3925
     15 3926
     12 3927
     14 3928
     17 3929
     16 3930
      9 3931
     12 3932
     14 3933
     11 3934
     12 3935
      9 3936
     16 3937
     13 3938
     16 3939
     20 3940
     11 3941
      9 3942
     14 3943
      7 3944
     13 3945
     17 3946
      5 3947
     13 3948
     11 3949
     16 3950
     11 3951
     15 3952
     18 3953
     12 3954
     15 3955
      8 3956
      6 3957
     13 3958
     11 3959
     10 3960
     10 3961
     18 3962
     14 3963
     13 3964
     14 3965
     16 3966
     11 3967
     11 3968
     16 3969
     17 3970
     11 3971
     15 3972
     16 3973
      9 3974
     15 3975
     10 3976
     15 3977
     14 3978
     18 3979
     13 3980
     13 3981
      9 3982
     13 3983
     13 3984
     15 3985
     16 3986
     17 3987
     14 3988
     11 3989
     20 3990
     12 3991
     10 3992
     14 3993
     11 3994
     11 3995
     12 3996
     10 3997
     14 3998
     15 3999
     13 4000
     11 4001
     15 4002
     11 4003
     19 4004
     18 4005
     17 4006
      8 4007
     10 4008
     17 4009
     10 4010
     18 4011
     14 4012
      8 4013
     13 4014
     15 4015
     16 4016
     14 4017
     11 4018
     14 4019
     10 4020
     14 4021
      9 4022
      7 4023
      9 4024
     16 4025
     10 4026
     11 4027
     12 4028
     15 4029
     19 4030
     13 4031
     11 4032
      8 4033
     15 4034
      7 4035
      8 4036
     12 4037
      8 4038
     11 4039
     10 4040
     15 4041
     15 4042
     13 4043
     10 4044
     15 4045
     14 4046
     10 4047
     13 4048
      6 4049
     17 4050
      9 4051
     11 4052
     11 4053
     10 4054
      8 4055
      9 4056
     10 4057
      8 4058
     10 4059
      7 4060
     14 4061
      4 4062
     10 4063
     16 4064
     14 4065
     10 4066
     16 4067
     10 4068
      9 4069
     14 4070
     10 4071
      8 4072
      5 4073
     15 4074
      6 4075
      6 4076
     14 4077
      9 4078
      7 4079
     13 4080
      6 4081
     11 4082
      6 4083
      9 4084
      9 4085
     13 4086
      5 4087
     12 4088
      9 4089
      8 4090
     11 4091
     11 4092
      5 4093
      8 4094
      5 4095
      5 4096
      9 4097
      4 4098
      7 4099
      4 4100
      8 4101
      8 4102
      3 4103
      3 4104
      6 4105
      7 4106
     10 4107
      3 4108
      6 4109
      5 4110
      5 4111
      7 4112
      6 4113
      5 4114
      4 4115
      8 4116
      5 4117
      6 4118
      6 4119
      5 4120
      6 4121
     10 4122
      7 4123
     12 4124
     10 4125
      7 4126
      8 4127
      8 4128
      6 4129
      9 4130
      4 4131
      5 4132
      4 4133
      3 4134
      8 4135
     12 4136
      9 4137
     10 4138
      2 4139
     13 4140
      3 4141
      7 4142
      6 4143
      7 4144
      9 4145
     11 4146
      7 4147
     11 4148
     10 4149
      3 4150
     10 4151
      8 4152
      8 4153
     10 4154
      9 4155
      6 4156
      8 4157
      9 4158
     11 4159
      9 4160
     10 4161
      9 4162
      6 4163
     11 4164
     12 4165
      6 4166
      8 4167
      8 4168
      6 4169
      9 4170
      4 4171
      6 4172
      8 4173
      7 4174
      4 4175
      3 4176
      9 4177
      7 4178
      7 4179
      6 4180
     12 4181
      3 4182
      9 4183
      6 4184
     12 4185
      6 4186
      7 4187
     10 4188
      7 4189
      9 4190
      6 4191
      3 4192
      8 4193
      6 4194
      4 4195
      9 4196
      5 4197
      5 4198
     11 4199
      4 4200
      4 4201
      6 4202
      7 4203
      6 4204
     10 4205
      7 4206
      8 4207
      4 4208
      7 4209
     12 4210
      6 4211
      5 4212
      8 4213
      6 4214
     11 4215
      9 4216
      5 4217
      7 4218
      8 4219
      7 4220
      6 4221
      5 4222
      5 4223
      8 4224
      6 4225
      6 4226
      6 4227
      8 4228
      8 4229
      6 4230
     12 4231
      8 4232
      8 4233
      3 4234
     15 4235
      5 4236
      7 4237
      8 4238
      7 4239
      7 4240
      7 4241
      4 4242
      5 4243
      7 4244
      6 4245
      6 4246
      8 4247
      9 4248
      9 4249
      3 4250
      8 4251
      4 4252
      6 4253
      8 4254
      8 4255
      7 4256
      8 4257
      8 4258
      9 4259
      6 4260
      6 4261
      8 4262
      7 4263
      5 4264
      5 4265
     12 4266
      3 4267
      7 4268
     10 4269
     10 4270
      5 4271
     11 4272
     11 4273
      7 4274
     11 4275
     10 4276
      6 4277
     12 4278
      8 4279
     11 4280
     11 4281
      4 4282
     11 4283
      7 4284
      5 4285
     10 4286
      7 4287
      6 4288
      9 4289
      3 4290
      7 4291
      5 4292
      8 4293
      4 4294
      5 4295
     10 4296
      9 4297
      6 4298
      5 4299
      6 4300
      6 4301
      6 4302
      7 4303
      6 4304
      4 4305
      7 4306
      5 4307
      3 4308
      6 4309
     11 4310
      5 4311
      5 4312
      4 4313
      8 4314
      6 4315
      8 4316
      5 4317
      2 4318
      6 4319
     10 4320
      6 4321
      2 4322
      7 4323
      7 4324
      8 4325
      5 4326
      7 4327
      5 4328
      8 4329
      3 4330
      6 4331
      5 4332
      5 4333
      7 4334
      5 4335
      5 4336
      6 4337
      4 4338
      6 4339
     10 4340
      4 4341
      9 4342
      5 4343
      4 4344
      5 4345
      3 4346
      5 4347
      7 4348
      4 4349
      4 4350
      8 4351
      8 4352
      5 4353
      6 4354
      4 4355
      6 4356
      8 4357
      7 4358
      5 4359
      7 4360
     10 4361
      5 4362
      6 4363
      6 4364
      6 4365
      5 4366
      9 4367
      8 4368
     13 4369
      7 4370
      5 4371
      5 4372
      6 4373
      5 4374
      9 4375
     13 4376
      6 4377
      6 4378
      3 4379
      5 4380
      3 4381
      3 4382
      5 4383
      4 4384
     13 4385
      5 4386
      6 4387
      3 4388
      5 4389
     10 4390
      6 4391
      5 4392
      9 4393
      8 4394
      7 4395
      6 4396
      7 4397
      4 4398
      6 4399
      8 4400
      4 4401
     11 4402
      8 4403
      4 4404
      5 4405
      6 4406
      7 4407
      5 4408
      4 4409
      9 4410
      7 4411
      5 4412
      5 4413
      7 4414
      5 4415
      2 4416
      6 4417
      7 4418
      5 4419
      7 4420
      2 4421
      7 4422
      9 4423
      9 4424
      5 4425
      7 4426
      6 4427
      7 4428
      3 4429
      8 4430
      6 4431
     12 4432
      7 4433
      7 4434
      8 4435
      8 4436
      7 4437
      7 4438
      8 4439
     12 4440
      8 4441
      7 4442
      8 4443
      4 4444
      8 4445
      8 4446
      4 4447
      6 4448
      6 4449
      6 4450
     10 4451
      6 4452
      6 4453
      7 4454
     10 4455
      7 4456
      8 4457
     11 4458
     13 4459
      4 4460
      7 4461
      3 4462
     15 4463
      9 4464
      7 4465
      7 4466
      9 4467
      4 4468
     11 4469
      9 4470
      7 4471
     12 4472
     14 4473
      8 4474
      7 4475
      9 4476
      6 4477
      6 4478
      4 4479
      5 4480
     12 4481
      9 4482
     10 4483
      8 4484
      7 4485
      7 4486
      4 4487
      4 4488
      6 4489
      5 4490
      7 4491
     12 4492
      9 4493
      9 4494
      9 4495
      6 4496
      9 4497
      9 4498
      5 4499
      5 4500
      9 4501
      7 4502
      8 4503
      9 4504
      3 4505
      3 4506
      6 4507
      2 4508
      4 4509
      5 4510
      5 4511
      4 4512
      2 4513
      3 4514
      5 4515
     10 4516
      7 4517
     10 4518
      6 4519
      5 4520
      1 4521
      3 4522
      6 4523
      3 4524
      3 4525
      4 4526
      6 4527
      7 4528
      1 4529
      4 4530
      4 4531
      3 4532
      6 4533
      7 4534
      6 4535
      3 4536
      5 4537
      5 4538
      4 4539
      3 4540
      3 4541
      4 4542
      5 4543
      5 4544
      5 4545
      1 4546
      1 4547
      2 4548
      8 4549
      4 4550
      3 4551
      7 4552
      4 4553
      5 4554
      1 4555
      5 4556
      5 4557
      1 4558
      6 4559
      8 4560
      5 4561
      2 4562
      2 4563
      5 4564
      3 4565
      6 4566
      5 4567
      9 4568
     10 4569
      7 4570
      4 4571
      7 4572
      6 4573
      6 4574
      2 4575
      8 4576
      3 4577
     11 4578
      6 4579
      7 4580
      5 4581
      4 4582
      1 4583
      7 4584
      2 4585
      4 4586
      6 4587
      5 4588
      4 4589
      5 4590
      6 4591
      4 4592
      8 4593
      5 4594
      4 4595
      6 4596
     11 4597
      5 4598
      5 4599
      7 4600
      4 4601
      5 4602
      9 4603
      8 4604
      4 4605
      3 4606
      9 4607
      3 4608
      3 4609
      4 4610
      2 4611
      3 4612
      4 4613
      3 4614
      5 4615
      7 4616
      9 4617
      8 4618
     10 4619
      3 4620
      6 4621
      6 4622
      7 4623
      6 4624
      6 4625
      2 4626
      5 4627
      1 4628
      4 4629
      6 4630
      5 4631
      6 4632
      2 4633
      6 4634
      5 4635
      5 4636
      4 4637
      1 4638
      6 4639
      3 4640
      3 4641
      5 4642
      6 4643
      4 4644
      6 4645
      2 4646
      3 4647
      9 4648
      6 4650
      6 4651
     10 4652
      1 4653
      6 4654
      9 4655
      3 4656
      5 4657
      7 4658
      9 4659
      4 4660
      4 4661
      1 4662
      5 4663
      6 4664
      6 4665
      6 4666
     12 4667
      5 4668
      5 4669
      5 4670
      7 4671
      3 4672
      8 4673
      3 4674
      5 4675
      5 4676
      6 4677
      6 4678
      5 4679
      7 4680
      5 4681
      4 4682
      4 4683
      4 4684
      5 4685
      5 4686
      5 4687
      5 4688
      4 4689
      6 4690
      8 4691
      8 4692
      2 4693
      5 4694
      2 4695
      2 4696
      5 4697
      2 4698
      5 4699
     12 4700
      3 4701
      7 4702
      8 4703
      6 4704
      2 4705
      3 4706
      3 4707
      6 4708
      4 4709
      2 4710
      5 4711
      2 4712
      6 4713
      8 4714
      4 4715
      2 4716
      6 4717
      4 4718
      5 4719
      8 4720
      6 4721
      8 4722
      8 4723
      7 4724
      9 4725
      3 4726
      4 4727
      5 4728
      4 4729
      8 4730
      3 4731
      4 4732
      4 4733
      7 4734
      4 4735
      7 4736
      6 4737
      7 4738
      3 4739
      7 4740
      6 4741
      5 4742
      3 4743
      5 4744
      3 4745
      5 4746
      6 4747
      3 4748
      2 4749
      4 4750
      9 4751
      3 4752
     11 4753
      3 4754
      4 4755
      4 4756
      6 4757
      7 4758
      5 4759
      6 4760
      2 4762
      5 4763
      1 4764
      4 4765
      2 4766
      7 4767
      3 4768
      3 4769
      5 4770
      6 4771
      3 4772
      4 4773
      5 4774
      2 4775
      3 4776
      4 4777
      2 4778
      3 4779
      4 4780
      1 4781
      4 4782
      3 4783
      5 4784
      4 4785
      5 4786
      4 4787
      2 4788
      2 4789
      2 4790
      4 4791
      5 4792
      1 4793
      4 4794
      5 4795
      7 4796
      4 4797
      5 4798
      6 4799
      5 4800
      1 4801
      4 4802
      3 4803
      5 4804
      6 4805
      4 4806
      3 4807
     10 4808
      5 4809
      3 4810
      1 4811
      1 4812
     10 4813
      1 4814
      5 4815
      2 4816
     11 4817
      4 4818
      2 4819
      2 4820
      7 4821
      6 4822
      4 4823
      2 4824
      5 4825
      3 4826
      3 4827
      7 4828
      4 4829
      3 4830
      2 4831
      4 4832
      4 4833
      8 4834
      3 4835
      5 4836
      3 4837
      3 4838
     10 4839
      6 4840
      2 4841
      7 4842
      6 4843
      2 4844
      7 4845
      1 4846
      6 4847
      3 4848
      2 4849
      3 4850
      2 4851
      3 4852
      4 4853
      3 4855
      5 4856
      1 4858
      2 4859
      4 4860
      2 4861
      5 4862
      5 4863
      8 4865
      7 4866
      6 4867
      1 4868
      4 4869
      1 4870
      4 4871
      5 4872
      3 4873
      2 4874
      3 4875
      2 4876
      3 4877
      7 4878
      5 4879
      4 4880
      4 4881
      5 4882
      4 4883
      5 4884
      6 4885
      1 4886
      4 4887
      5 4888
      1 4889
      2 4890
      5 4891
      6 4892
      4 4894
      3 4895
      3 4896
      3 4897
      1 4898
      4 4899
      1 4900
      1 4901
      6 4902
      7 4903
      5 4904
      3 4905
      4 4906
      3 4907
      5 4908
      4 4909
      3 4910
      4 4911
      7 4912
      3 4913
      5 4914
      8 4915
      4 4916
      4 4917
      7 4918
      4 4920
      1 4921
      1 4922
      5 4923
      6 4925
      6 4926
      7 4927
      3 4928
      7 4929
      3 4930
      3 4931
      5 4932
      6 4933
      4 4934
      2 4935
      9 4936
      1 4937
      6 4938
      5 4939
      6 4940
      4 4941
      5 4942
      8 4943
      3 4944
      6 4945
      3 4946
      4 4947
      3 4948
      2 4949
      4 4950
      6 4951
      4 4952
      4 4953
      3 4954
      3 4955
      3 4956
      1 4957
      4 4958
      1 4959
      4 4960
      2 4961
      2 4962
      5 4963
      2 4964
      4 4965
      4 4966
      2 4967
      4 4968
      3 4969
      2 4970
      1 4971
      6 4972
      1 4973
      2 4974
      4 4975
      5 4976
      1 4977
      3 4978
      3 4979
      3 4980
      2 4981
      5 4982
      4 4983
      4 4984
      6 4985
      5 4986
      1 4987
      6 4988
      3 4989
      2 4990
      7 4991
      2 4992
      3 4993
      3 4994
      2 4995
      4 4996
      2 4997
      2 4998
      3 4999
      5 5000
      1 5001
      3 5002
      3 5003
      3 5004
      3 5005
      1 5006
      1 5007
      3 5008
      6 5009
      2 5010
      3 5011
      1 5012
      5 5013
      3 5014
      1 5015
      2 5016
      5 5017
      2 5018
      2 5019
      2 5020
      2 5021
      4 5022
      1 5023
      1 5024
      1 5025
      4 5026
      1 5028
      1 5029
      4 5030
      3 5031
      4 5032
      4 5033
      2 5035
      2 5036
      4 5037
      5 5038
      2 5039
      4 5040
      3 5041
      4 5042
      2 5043
      4 5044
      1 5045
      2 5046
      2 5047
      3 5048
      1 5049
      3 5050
      1 5051
      3 5052
      3 5053
      5 5054
      1 5055
      2 5056
      1 5057
      2 5058
      2 5059
      5 5060
      2 5061
      5 5062
      4 5063
      5 5064
      3 5065
      3 5066
      1 5067
      2 5068
      5 5069
      6 5070
      2 5071
      5 5072
      4 5073
      1 5074
      2 5075
      1 5076
      2 5077
      4 5078
      4 5079
      2 5080
      4 5081
      1 5082
      6 5083
      4 5084
      1 5085
      3 5086
      1 5087
      5 5088
      2 5089
      3 5090
      3 5091
      1 5092
      2 5093
      3 5094
      2 5095
      2 5096
      3 5097
      2 5098
      3 5099
      4 5100
      5 5101
      3 5103
      5 5104
      4 5105
      2 5106
      1 5107
      2 5108
      1 5109
      3 5110
      3 5111
      3 5112
      3 5113
      2 5114
      4 5116
      1 5117
      5 5118
      1 5119
      1 5120
      2 5121
      3 5122
      4 5124
      1 5125
      2 5126
      3 5127
      2 5128
      2 5129
      5 5130
      4 5131
      1 5132
      4 5133
      5 5134
      3 5135
      3 5136
      3 5137
      5 5138
      3 5139
      3 5140
      2 5142
      4 5143
      1 5144
      5 5146
      3 5147
      3 5148
      2 5149
      2 5150
      2 5151
      3 5152
      1 5153
      1 5154
      3 5155
      5 5156
      1 5158
      3 5159
      2 5160
      3 5161
      3 5162
      3 5163
      2 5164
      2 5165
      2 5166
      3 5167
      4 5168
      7 5169
      4 5170
      2 5171
      3 5172
      5 5175
      3 5176
      2 5177
      3 5178
      2 5180
      1 5181
      1 5182
      1 5183
      4 5184
      4 5185
      3 5186
      3 5187
      3 5188
      2 5189
      2 5190
      7 5191
      2 5192
      2 5193
      1 5194
      3 5195
      2 5196
      3 5197
      3 5199
      2 5200
      4 5201
      2 5202
      1 5203
      2 5204
      6 5205
      2 5206
      2 5207
      3 5208
      1 5209
      7 5210
      2 5212
      3 5214
      4 5215
      1 5216
      4 5217
      2 5218
      4 5219
      1 5220
      1 5221
      1 5222
      1 5223
      5 5224
      4 5225
      3 5226
      3 5227
      2 5228
      2 5229
      2 5230
      3 5231
      2 5232
      2 5233
      2 5234
      4 5235
      2 5236
      1 5237
      3 5238
      8 5239
      4 5240
      2 5241
      2 5242
      1 5243
      4 5244
      5 5245
      3 5246
      3 5247
      2 5248
      3 5249
      3 5250
      1 5251
      1 5252
      4 5253
      2 5255
      2 5256
      3 5257
      4 5258
      1 5259
      3 5260
      3 5261
      2 5262
      7 5263
      2 5264
      4 5265
      1 5266
      4 5267
      5 5268
      5 5269
      2 5270
      4 5271
      2 5273
      4 5274
      4 5275
      1 5276
      4 5277
      4 5278
      4 5280
      3 5281
      1 5282
      3 5283
      4 5284
      3 5285
      2 5286
      1 5287
      3 5288
      2 5289
      4 5290
      2 5291
      2 5292
      5 5293
      2 5294
      5 5295
      3 5296
      4 5297
      6 5298
      2 5299
      2 5300
      1 5301
      2 5302
      4 5303
      2 5304
      3 5305
      2 5306
      2 5307
      2 5309
      1 5310
      1 5311
      2 5312
      1 5313
      1 5315
      3 5316
      1 5317
      1 5318
      2 5319
      2 5320
      1 5322
      2 5323
      7 5324
      2 5325
      1 5326
      5 5327
      5 5329
      2 5330
      3 5331
      4 5333
      4 5334
      4 5335
      2 5336
      5 5337
      4 5338
      2 5339
      2 5340
      2 5341
      1 5342
      4 5343
      2 5344
      1 5345
      4 5346
      5 5347
      3 5348
      2 5349
      2 5351
      6 5352
      4 5354
      6 5355
      2 5357
      2 5358
      2 5359
      1 5360
      3 5361
      2 5362
      2 5363
      3 5364
      5 5365
      3 5366
      1 5367
      5 5368
      1 5369
      4 5370
      2 5371
      2 5372
      4 5373
      2 5374
      2 5375
      1 5376
      1 5377
      3 5378
      2 5379
      2 5380
      4 5381
      1 5382
      5 5383
      4 5384
      1 5386
      5 5387
      1 5388
      4 5389
      3 5391
      2 5392
      1 5393
      3 5394
      4 5395
      2 5396
      4 5397
      5 5398
      2 5400
      3 5401
      2 5403
      2 5404
      3 5405
      3 5406
      2 5408
      4 5409
      5 5410
      2 5411
      3 5412
      1 5413
      2 5414
      2 5416
      1 5417
      2 5418
      5 5419
      3 5420
      3 5421
      1 5422
      2 5423
      6 5424
      3 5426
      2 5427
      1 5428
      5 5429
      3 5430
      3 5431
      2 5432
      1 5433
      2 5434
      4 5435
      4 5436
      4 5437
      6 5438
      4 5439
      3 5440
      2 5441
      3 5442
      3 5443
      3 5444
      3 5445
      2 5446
      1 5447
      4 5448
      6 5449
      2 5450
      2 5451
      3 5452
      7 5453
      3 5454
      3 5455
      3 5456
      4 5457
      3 5458
      1 5459
      2 5460
      5 5461
      3 5462
      4 5463
      3 5464
      4 5465
      4 5466
      1 5467
      1 5468
      3 5470
      3 5471
      4 5472
      3 5473
      4 5474
      3 5475
      1 5476
      6 5477
      1 5478
      5 5479
      5 5480
      2 5481
      1 5482
      3 5483
      3 5484
      2 5485
      7 5486
      1 5487
      1 5488
      2 5489
      4 5490
      5 5491
      1 5492
      5 5493
      1 5494
      4 5495
      1 5496
      7 5497
      2 5498
      3 5499
      2 5500
      2 5501
      3 5502
      3 5503
      2 5504
      2 5505
      2 5506
      3 5507
      4 5508
      4 5509
      5 5510
      2 5511
      3 5512
      3 5513
      3 5514
      2 5515
      5 5516
      3 5517
      3 5518
      5 5519
      1 5520
      4 5521
      1 5522
      5 5523
      2 5524
      4 5525
      2 5526
      6 5527
      2 5528
      3 5529
      1 5530
      2 5531
      3 5532
      5 5533
      2 5534
      1 5535
      2 5536
      3 5537
      2 5538
      2 5539
      2 5540
      1 5541
      2 5542
      2 5543
      3 5544
      5 5545
      4 5546
      2 5547
      2 5548
      3 5549
      1 5550
      2 5551
      4 5552
      3 5553
      4 5554
      2 5555
      4 5557
      2 5558
      1 5559
      3 5560
      5 5561
      2 5562
      4 5563
      3 5564
      1 5565
      2 5566
      6 5567
      1 5568
      2 5569
      1 5571
      6 5572
      7 5573
      9 5574
      1 5576
      2 5577
      1 5578
      1 5579
      3 5580
      5 5581
      3 5582
      1 5583
      1 5584
      1 5585
      1 5586
      1 5587
      3 5588
      3 5589
      3 5590
      1 5591
      2 5592
      3 5593
      3 5595
      2 5596
      1 5597
      1 5599
      2 5600
      4 5602
      2 5603
      3 5604
      2 5605
      2 5606
      3 5607
      1 5608
      4 5609
      3 5611
      1 5612
      3 5614
      2 5615
      4 5617
      4 5618
      3 5619
      2 5620
      4 5621
      3 5622
      3 5623
      2 5624
      4 5625
      1 5626
      6 5627
      5 5628
      4 5629
      2 5632
      5 5633
      1 5634
      1 5635
      1 5636
      2 5637
      5 5638
      3 5639
      2 5640
      4 5641
      1 5642
      1 5643
      4 5644
      2 5645
      2 5646
      1 5647
      1 5648
      1 5649
      2 5650
      2 5651
      4 5652
      1 5653
      2 5655
      2 5656
      2 5657
      4 5658
      2 5659
      2 5661
      1 5662
      2 5664
      1 5665
      1 5666
      1 5667
      3 5668
      2 5669
      4 5672
      3 5675
      3 5676
      1 5678
      3 5679
      5 5680
      4 5681
      2 5682
      2 5684
      3 5686
      3 5687
      2 5688
      2 5689
      2 5690
      3 5691
      2 5694
      2 5695
      1 5696
      2 5697
      6 5698
      1 5699
      3 5700
      3 5701
      4 5702
      2 5703
      4 5704
      2 5706
      2 5707
      2 5708
      1 5710
      1 5711
      3 5713
      1 5715
      2 5716
      3 5717
      3 5718
      2 5719
      2 5720
      1 5721
      1 5722
      4 5723
      1 5724
      3 5725
      3 5726
      2 5727
      3 5728
      3 5729
      4 5730
      2 5731
      3 5732
      1 5733
      3 5734
      3 5735
      1 5737
      4 5739
      1 5741
      1 5743
      2 5744
      2 5745
      2 5746
      3 5747
      4 5748
      5 5749
      1 5751
      3 5752
      1 5753
      1 5754
      6 5755
      2 5756
      2 5758
      2 5759
      4 5760
      3 5761
      5 5762
      1 5765
      2 5766
      3 5768
      1 5770
      1 5771
      1 5772
      2 5773
      3 5774
      2 5775
      1 5776
      2 5777
      2 5778
      2 5779
      2 5780
      1 5781
      4 5782
      4 5783
      2 5784
      3 5785
      1 5786
      2 5787
      4 5788
      2 5789
      4 5790
      2 5791
      1 5792
      1 5793
      2 5794
      1 5796
      3 5797
      1 5798
      3 5799
      5 5800
      3 5801
      1 5802
      4 5803
      1 5805
      3 5808
      1 5809
      3 5810
      5 5811
      2 5812
      3 5813
      2 5814
      1 5815
      2 5817
      1 5819
      1 5820
      1 5822
      1 5824
      2 5825
      1 5826
      2 5827
      3 5829
      1 5831
      4 5832
      1 5833
      4 5834
      3 5835
      5 5836
      1 5837
      2 5839
      3 5840
      1 5841
      2 5842
      2 5843
      2 5845
      1 5846
      1 5847
      1 5848
      2 5849
      2 5850
      2 5851
      4 5852
      2 5853
      2 5854
      3 5856
      2 5858
      2 5859
      3 5860
      6 5861
      1 5862
      4 5863
      1 5864
      1 5866
      4 5867
      5 5868
      3 5869
      1 5872
      4 5874
      1 5875
      2 5877
      3 5878
      2 5879
      3 5880
      5 5881
      2 5883
      1 5884
      2 5886
      4 5887
      1 5888
      1 5889
      2 5890
      2 5891
      2 5892
      4 5895
      1 5896
      2 5898
      1 5899
      3 5900
      3 5901
      1 5903
      2 5904
      3 5905
      2 5907
      1 5908
      2 5911
      2 5912
      1 5913
      3 5914
      2 5915
      2 5916
      3 5917
      1 5918
      2 5920
      3 5921
      1 5922
      2 5924
      2 5925
      1 5926
      4 5927
      2 5928
      1 5929
      3 5930
      1 5931
      4 5933
      3 5934
      4 5935
      1 5937
      1 5938
      2 5939
      2 5940
      1 5941
      1 5942
      1 5943
      1 5944
      1 5946
      3 5947
      3 5948
      1 5950
      1 5951
      2 5952
      1 5953
      1 5954
      3 5955
      3 5956
      1 5958
      1 5960
      4 5961
      2 5962
      3 5963
      4 5964
      1 5965
      1 5966
      2 5968
      3 5970
      3 5971
      1 5972
      1 5975
      2 5976
      1 5977
      3 5978
      2 5980
      1 5981
      1 5982
      1 5983
      4 5984
      2 5985
      5 5986
      1 5988
      1 5989
      1 5990
      1 5991
      1 5992
      2 5994
      2 5995
      2 5996
      2 5997
      1 5998
      3 5999
      1 6000
      3 6001
      2 6002
      2 6003
      1 6005
      2 6006
      3 6007
      1 6008
      3 6009
      1 6010
      1 6011
      2 6012
      3 6013
      1 6014
      2 6015
      1 6016
      1 6017
      2 6018
      3 6019
      3 6020
      3 6021
      3 6022
      1 6023
      1 6024
      2 6025
      5 6026
      3 6027
      3 6028
      2 6029
      2 6030
      1 6031
      3 6032
      1 6033
      2 6034
      1 6036
      3 6037
      1 6038
      3 6039
      2 6040
      4 6041
      3 6042
      2 6043
      3 6044
      1 6045
      3 6046
      2 6047
      5 6049
      2 6051
      1 6053
      2 6055
      1 6056
      1 6058
      1 6059
      1 6060
      4 6061
      3 6062
      2 6063
      1 6064
      5 6065
      1 6066
      2 6067
      2 6068
      2 6069
      3 6070
      4 6071
      5 6073
      1 6074
      1 6075
      3 6076
      2 6077
      6 6078
      1 6080
      1 6081
      2 6082
      2 6083
      2 6084
      3 6085
      3 6086
      1 6087
      3 6088
      2 6089
      3 6090
      2 6091
      2 6092
      4 6094
      4 6095
      1 6097
      1 6098
      1 6099
      2 6100
      4 6101
      1 6102
      3 6103
      1 6104
      2 6105
      3 6106
      1 6107
      1 6108
      1 6109
      3 6110
      3 6112
      4 6113
      4 6114
      1 6115
      2 6116
      1 6117
      4 6118
      3 6119
      2 6120
      1 6121
      4 6123
      1 6125
      3 6126
      1 6127
      2 6128
      3 6129
      5 6130
      1 6131
      3 6132
      7 6133
      2 6135
      2 6136
      1 6140
      4 6141
      2 6142
      2 6145
      3 6146
      4 6147
      4 6148
      2 6149
      2 6152
      2 6153
      1 6154
      2 6155
      4 6156
      1 6157
      3 6159
      2 6160
      3 6162
      4 6163
      1 6164
      2 6165
      1 6166
      1 6167
      1 6168
      1 6169
      2 6170
      3 6171
      2 6172
      2 6173
      1 6174
      1 6176
      3 6177
      3 6178
      3 6179
      2 6180
      1 6181
      2 6184
      1 6186
      1 6187
      1 6189
      1 6190
      2 6191
      1 6192
      2 6193
      2 6194
      4 6195
      1 6197
      1 6199
      1 6200
      2 6201
      1 6202
      1 6203
      1 6204
      3 6205
      1 6206
      1 6207
      5 6208
      1 6209
      2 6210
      4 6211
      5 6212
      3 6215
      1 6217
      2 6218
      2 6219
      1 6220
      3 6222
      1 6223
      3 6224
      1 6225
      2 6227
      1 6228
      1 6229
      1 6230
      4 6231
      3 6232
      5 6233
      3 6234
      2 6237
      2 6238
      2 6239
      1 6241
      2 6242
      3 6244
      1 6245
      7 6246
      1 6247
      4 6250
      1 6251
      2 6252
      1 6253
      1 6254
      2 6256
      5 6257
      1 6260
      2 6263
      3 6265
      1 6266
      1 6267
      1 6268
      1 6270
      2 6273
      2 6274
      1 6275
      1 6276
      1 6277
      1 6278
      2 6279
      1 6280
      4 6281
      3 6283
      1 6284
      2 6285
      1 6286
      1 6287
      1 6288
      1 6289
      1 6290
      2 6292
      2 6294
      2 6295
      5 6296
      3 6297
      2 6299
      2 6300
      1 6301
      1 6304
      3 6305
      1 6307
      1 6308
      2 6310
      1 6312
      1 6313
      3 6314
      1 6317
      2 6318
      4 6319
      3 6320
      1 6321
      3 6322
      1 6323
      2 6324
      2 6325
      3 6326
      1 6329
      1 6330
      2 6334
      2 6335
      1 6337
      1 6338
      1 6339
      1 6340
      2 6341
      2 6342
      3 6344
      1 6345
      2 6346
      4 6347
      3 6350
      1 6351
      1 6352
      1 6353
      1 6354
      1 6355
      1 6357
      1 6358
      2 6360
      1 6361
      2 6362
      2 6363
      1 6364
      5 6365
      2 6367
      2 6369
      1 6371
      3 6372
      3 6377
      1 6378
      1 6379
      1 6381
      1 6382
      2 6383
      1 6385
      1 6386
      2 6387
      2 6388
      1 6389
      2 6390
      1 6391
      1 6392
      1 6393
      2 6394
      2 6395
      2 6396
      1 6397
      2 6399
      1 6400
      2 6401
      3 6402
      2 6403
      3 6404
      1 6405
      3 6406
      2 6407
      1 6408
      1 6409
      3 6410
      2 6411
      1 6412
      2 6413
      1 6414
      1 6415
      1 6416
      1 6417
      2 6418
      3 6419
      1 6420
      2 6421
      1 6422
      2 6424
      2 6425
      1 6426
      1 6429
      1 6430
      2 6431
      4 6432
      2 6433
      2 6434
      2 6435
      2 6436
      1 6438
      3 6439
      2 6442
      2 6444
      2 6448
      1 6451
      1 6453
      1 6454
      2 6455
      1 6456
      3 6457
      1 6458
      2 6459
      4 6460
      2 6461
      1 6462
      2 6463
      2 6464
      2 6465
      2 6466
      2 6468
      1 6470
      3 6472
      2 6473
      1 6474
      2 6475
      1 6476
      1 6477
      1 6478
      1 6479
      1 6480
      2 6481
      1 6482
      5 6483
      1 6484
      3 6488
      3 6490
      1 6491
      1 6492
      1 6495
      1 6497
      2 6498
      1 6499
      1 6501
      1 6503
      1 6505
      1 6506
      1 6508
      2 6509
      4 6510
      1 6515
      1 6516
      1 6517
      3 6518
      1 6519
      1 6520
      1 6523
      2 6524
      1 6525
      3 6526
      3 6527
      1 6528
      4 6529
      1 6530
      2 6531
      2 6533
      1 6534
      2 6535
      1 6537
      3 6538
      1 6539
      2 6540
      2 6541
      1 6543
      2 6546
      1 6551
      1 6552
      1 6553
      1 6554
      2 6557
      2 6558
      2 6560
      1 6561
      2 6562
      1 6564
      2 6566
      1 6568
      1 6569
      2 6570
      1 6574
      2 6575
      1 6576
      1 6578
      1 6580
      1 6581
      2 6582
      2 6584
      1 6585
      1 6586
      1 6587
      1 6588
      1 6592
      3 6593
      3 6595
      4 6596
      1 6597
      2 6599
      2 6600
      1 6601
      1 6602
      3 6603
      1 6604
      1 6605
      1 6606
      1 6607
      1 6608
      1 6609
      1 6610
      2 6611
      2 6616
      1 6617
      3 6620
      2 6621
      2 6622
      1 6624
      1 6626
      2 6628
      1 6629
      1 6630
      1 6631
      2 6632
      1 6633
      5 6634
      1 6635
      1 6636
      3 6637
      1 6639
      1 6640
      1 6641
      1 6642
      2 6644
      1 6646
      2 6648
      1 6649
      1 6651
      2 6653
      1 6655
      1 6656
      1 6657
      1 6658
      1 6659
      2 6660
      3 6661
      1 6663
      2 6664
      2 6665
      1 6666
      1 6668
      2 6669
      1 6672
      1 6673
      3 6674
      1 6675
      2 6677
      2 6680
      1 6681
      2 6684
      2 6685
      2 6687
      2 6688
      1 6689
      1 6690
      1 6694
      1 6695
      1 6697
      1 6698
      3 6699
      1 6703
      2 6704
      1 6705
      1 6707
      3 6708
      1 6712
      1 6714
      1 6716
      3 6717
      1 6718
      1 6720
      1 6721
      1 6722
      1 6723
      2 6724
      1 6725
      1 6726
      3 6727
      2 6728
      1 6729
      1 6730
      1 6731
      2 6732
      2 6733
      1 6734
      3 6737
      1 6738
      1 6739
      1 6740
      1 6742
      1 6743
      1 6744
      2 6745
      2 6746
      1 6747
      1 6749
      1 6750
      3 6751
      1 6752
      4 6753
      1 6755
      2 6756
      1 6757
      1 6760
      1 6761
      2 6764
      1 6765
      2 6766
      1 6768
      1 6770
      1 6772
      1 6773
      3 6776
      2 6777
      1 6778
      3 6779
      1 6781
      1 6782
      2 6783
      2 6784
      1 6785
      4 6789
      2 6790
      1 6791
      2 6792
      2 6793
      2 6794
      3 6795
      1 6796
      1 6798
      1 6799
      1 6800
      1 6802
      2 6804
      1 6805
      1 6807
      2 6809
      2 6810
      2 6811
      3 6812
      1 6813
      2 6814
      3 6815
      2 6816
      1 6818
      1 6820
      1 6821
      1 6822
      2 6823
      1 6825
      3 6826
      2 6827
      1 6828
      1 6829
      2 6830
      1 6833
      1 6834
      2 6836
      3 6837
      2 6838
      2 6839
      1 6841
      1 6843
      2 6845
      3 6847
      3 6848
      1 6849
      1 6851
      1 6852
      1 6854
      1 6855
      1 6856
      1 6857
      2 6858
      1 6859
      2 6861
      1 6862
      2 6866
      2 6867
      2 6869
      1 6871
      1 6875
      2 6877
      6 6878
      1 6879
      1 6880
      2 6881
      1 6882
      2 6883
      1 6884
      1 6886
      1 6887
      2 6888
      1 6892
      1 6893
      1 6894
      1 6895
      2 6897
      3 6898
      2 6899
      3 6901
      2 6902
      2 6903
      1 6904
      2 6905
      1 6907
      1 6909
      1 6910
      2 6911
      1 6912
      2 6913
      1 6914
      1 6918
      2 6919
      1 6920
      2 6921
      1 6922
      1 6924
      1 6925
      1 6926
      3 6927
      1 6929
      1 6931
      3 6932
      1 6933
      2 6934
      1 6935
      2 6936
      1 6937
      1 6938
      1 6939
      1 6940
      1 6943
      1 6944
      2 6946
      1 6947
      2 6951
      1 6952
      1 6954
      1 6955
      1 6957
      1 6959
      2 6961
      1 6962
      2 6963
      1 6965
      1 6966
      1 6967
      1 6968
      1 6972
      1 6973
      2 6974
      4 6976
      1 6977
      1 6978
      1 6979
      3 6981
      1 6982
      1 6984
      2 6986
      2 6987
      2 6988
      2 6990
      1 6991
      1 6993
      1 6994
      2 6995
      1 6996
      1 6998
      1 6999
      3 7000
      1 7002
      2 7006
      2 7007
      1 7010
      2 7011
      2 7012
      2 7013
      1 7015
      3 7017
      1 7018
      1 7020
      1 7021
      1 7022
      1 7024
      1 7026
      1 7028
      2 7029
      2 7030
      3 7031
      4 7033
      2 7035
      2 7036
      5 7037
      2 7038
      1 7039
      2 7040
      3 7043
      1 7044
      1 7045
      1 7053
      1 7054
      1 7056
      2 7057
      3 7058
      1 7059
      1 7060
      1 7061
      1 7063
      2 7065
      1 7067
      1 7070
      1 7073
      1 7074
      2 7075
      4 7078
      1 7079
      3 7080
      3 7082
      2 7084
      1 7085
      1 7089
      1 7091
      3 7092
      2 7093
      1 7094
      1 7095
      1 7096
      1 7097
      1 7098
      1 7099
      2 7100
      1 7101
      2 7102
      1 7103
      2 7104
      1 7105
      2 7106
      1 7107
      1 7108
      1 7112
      1 7113
      1 7115
      1 7116
      1 7117
      1 7118
      1 7120
      2 7121
      3 7123
      1 7124
      2 7125
      2 7126
      2 7127
      1 7130
      5 7133
      2 7134
      2 7135
      1 7136
      3 7137
      2 7138
      1 7141
      1 7142
      1 7143
      3 7146
      1 7147
      1 7148
      1 7155
      3 7158
      2 7159
      1 7161
      2 7162
      2 7167
      2 7168
      1 7169
      1 7170
      1 7171
      1 7174
      1 7175
      1 7176
      2 7177
      2 7180
      2 7181
      1 7182
      4 7185
      1 7186
      1 7188
      1 7189
      2 7191
      1 7192
      1 7193
      1 7194
      1 7196
      2 7199
      2 7200
      4 7201
      1 7207
      3 7209
      1 7210
      1 7212
      1 7213
      2 7214
      1 7215
      1 7217
      2 7218
      2 7221
      1 7222
      1 7225
      2 7228
      1 7230
      1 7236
      1 7237
      1 7238
      1 7239
      1 7242
      2 7243
      1 7244
      1 7245
      4 7246
      1 7247
      1 7248
      1 7250
      1 7251
      2 7252
      2 7253
      1 7254
      1 7255
      1 7256
      2 7257
      2 7258
      2 7261
      1 7262
      2 7264
      2 7267
      1 7268
      1 7269
      2 7270
      1 7271
      3 7274
      3 7276
      3 7277
      1 7278
      2 7279
      3 7281
      3 7282
      1 7284
      2 7286
      2 7287
      1 7288
      1 7289
      1 7290
      4 7291
      1 7293
      3 7295
      2 7296
      1 7300
      2 7302
      3 7303
      2 7304
      1 7306
      1 7307
      2 7309
      1 7310
      2 7311
      3 7312
      2 7313
      1 7314
      2 7316
      3 7317
      2 7318
      2 7319
      2 7320
      1 7321
      1 7325
      2 7326
      2 7327
      1 7328
      3 7329
      1 7330
      1 7331
      2 7332
      1 7333
      6 7334
      3 7335
      4 7336
      3 7337
      1 7338
      1 7339
      2 7340
      1 7341
      3 7342
      2 7343
      1 7344
      1 7345
      1 7346
      1 7348
      3 7349
      2 7350
      1 7351
      4 7352
      1 7353
      2 7356
      2 7357
      3 7358
      3 7359
      2 7360
      1 7361
      4 7362
      1 7363
      1 7364
      2 7366
      3 7367
      3 7368
      2 7369
      3 7371
      3 7372
      3 7374
      1 7375
      2 7377
      1 7381
      2 7382
      4 7383
      1 7384
      4 7385
      2 7387
      1 7388
      4 7389
      4 7390
      2 7392
      1 7394
      1 7395
      1 7397
      1 7398
      2 7399
      1 7400
      1 7401
      2 7402
      6 7403
      1 7404
      1 7405
      5 7406
      2 7407
      1 7409
      1 7411
      1 7412
      1 7414
      1 7415
      1 7416
      2 7417
      2 7418
      2 7419
      1 7420
      3 7422
      3 7424
      2 7425
      2 7426
      3 7427
      1 7428
      2 7431
      1 7433
      3 7434
      4 7435
      2 7436
      3 7437
      2 7438
      2 7440
      4 7441
      1 7442
      1 7444
      4 7445
      2 7446
      2 7447
      1 7448
      2 7449
      1 7450
      3 7451
      3 7452
      1 7453
      1 7454
      2 7455
      1 7456
      1 7458
      2 7460
      3 7461
      1 7462
      1 7463
      3 7464
      3 7465
      3 7466
      2 7467
      1 7468
      2 7469
      1 7470
      3 7471
      2 7472
      1 7473
      3 7476
      2 7477
      3 7478
      1 7480
      4 7482
      1 7484
      2 7487
      1 7488
      1 7489
      3 7490
      4 7491
      3 7493
      3 7494
      2 7495
      2 7496
      1 7497
      4 7498
      1 7500
      3 7501
      1 7503
      1 7504
      2 7505
      2 7506
      4 7507
      1 7508
      1 7510
      2 7511
      1 7512
      2 7514
      2 7516
      1 7517
      5 7518
      2 7520
      1 7521
      2 7522
      1 7526
      3 7527
      3 7528
      1 7529
      1 7531
      1 7532
      2 7537
      4 7538
      1 7539
      1 7540
      1 7541
      1 7542
      1 7543
      3 7544
      1 7546
      3 7547
      3 7548
      1 7550
      1 7551
      1 7552
      1 7553
      1 7555
      1 7556
      1 7557
      1 7559
      4 7560
      1 7561
      2 7564
      3 7565
      1 7566
      2 7567
      2 7568
      1 7569
      1 7572
      3 7574
      1 7577
      1 7581
      1 7583
      1 7584
      1 7585
      4 7587
      1 7588
      2 7589
      3 7590
      1 7591
      2 7592
      1 7593
      2 7594
      2 7595
      1 7596
      1 7597
      1 7598
      2 7599
      1 7600
      2 7601
      4 7602
      2 7603
      2 7604
      1 7606
      1 7607
      2 7608
      2 7609
      2 7611
      3 7612
      4 7613
      2 7618
      3 7619
      2 7621
      1 7622
      2 7624
      1 7627
      3 7629
      1 7630
      1 7632
      3 7633
      2 7634
      2 7637
      1 7638
      1 7639
      3 7640
      2 7641
      2 7642
      1 7643
      2 7644
      3 7645
      1 7646
      1 7647
      1 7648
      1 7654
      3 7655
      2 7658
      1 7659
      1 7660
      3 7662
      3 7663
      1 7664
      2 7666
      1 7668
      1 7669
      1 7671
      2 7672
      1 7673
      1 7674
      1 7675
      1 7678
      2 7679
      1 7680
      2 7681
      1 7683
      1 7684
      1 7685
      1 7687
      1 7688
      2 7692
      2 7693
      2 7694
      1 7695
      2 7697
      1 7699
      1 7701
      1 7702
      1 7703
      1 7705
      2 7706
      1 7707
      1 7708
      2 7709
      1 7711
      1 7713
      1 7714
      1 7715
      1 7716
      2 7718
      3 7719
      3 7721
      2 7722
      1 7726
      1 7727
      3 7729
      2 7730
      1 7732
      1 7735
      1 7736
      1 7739
      1 7741
      1 7742
      4 7743
      1 7745
      1 7746
      2 7748
      1 7749
      1 7751
      1 7752
      3 7753
      2 7754
      1 7755
      1 7756
      1 7757
      2 7758
      2 7759
      2 7760
      2 7762
      1 7765
      1 7766
      1 7768
      1 7770
      4 7771
      2 7775
      2 7776
      1 7778
      1 7781
      1 7783
      1 7784
      2 7785
      3 7787
      1 7788
      1 7789
      2 7790
      1 7791
      1 7792
      1 7793
      1 7794
      4 7795
      2 7796
      1 7797
      2 7798
      1 7799
      1 7800
      1 7801
      1 7803
      1 7805
      2 7806
      3 7807
      3 7808
      1 7810
      2 7811
      3 7812
      1 7814
      2 7815
      1 7816
      1 7817
      2 7819
      3 7820
      5 7821
      2 7822
      1 7823
      1 7824
      2 7825
      2 7826
      2 7827
      5 7828
      2 7829
      2 7832
      2 7833
      1 7834
      1 7835
      1 7836
      3 7837
      2 7839
      1 7841
      3 7842
      2 7843
      3 7844
      4 7845
      1 7846
      2 7847
      5 7848
      2 7849
      4 7850
      3 7851
      5 7852
      3 7853
      5 7854
      6 7855
      3 7856
      3 7857
      3 7858
      4 7859
      1 7860
      4 7861
      6 7862
      4 7863
      2 7864
      1 7865
      1 7866
      4 7867
      5 7868
      3 7869
      7 7870
      4 7871
      8 7872
      6 7873
      6 7874
      4 7875
     10 7876
     10 7877
      7 7878
      5 7879
      7 7880
      6 7881
     10 7882
     11 7883
      5 7884
      7 7885
      5 7886
      4 7887
      2 7888
      6 7889
      5 7890
      8 7891
      5 7892
      6 7893
     10 7894
      2 7895
      6 7896
      6 7897
      6 7898
      4 7899
      8 7900
      8 7901
      9 7902
     15 7903
      3 7904
      7 7905
     11 7906
      7 7907
      7 7908
      6 7909
      5 7910
     10 7911
     10 7912
      9 7913
      5 7914
      6 7915
      4 7916
     10 7917
     14 7918
      8 7919
     13 7920
      9 7921
     11 7922
     11 7923
     10 7924
     11 7925
     16 7926
     10 7927
     19 7928
      7 7929
     17 7930
     12 7931
      6 7932
     13 7933
     15 7934
     10 7935
      6 7936
     10 7937
     19 7938
     11 7939
     16 7940
     10 7941
     22 7942
     18 7943
     12 7944
     11 7945
     22 7946
     17 7947
     10 7948
     13 7949
     19 7950
     10 7951
     13 7952
     18 7953
     15 7954
     10 7955
     11 7956
      7 7957
     13 7958
     10 7959
     13 7960
     10 7961
     13 7962
     11 7963
      7 7964
     11 7965
     11 7966
     10 7967
      9 7968
      5 7969
      6 7970
     10 7971
     11 7972
      2 7973
      3 7974
      5 7975
     10 7976
      8 7977
      4 7978
      1 7979
      4 7980
      1 7981
      1 7982
      5 7983
      3 7984
      5 7985
      6 7986
      2 7987
      3 7988
      3 7989
      8 7990
      9 7991
      7 7992
      6 7993
      4 7994
      5 7995
      3 7996
      2 7997
      1 7998
      1 8000
