 196264 0
53407358 1
112727583 2
191720671 3
275560778 4
343985149 5
378892756 6
372784214 7
330793588 8
267213075 9
198252671 10
136307538 11
87391342 12
52728645 13
30203479 14
16590604 15
8902956 16
4793786 17
2666235 18
1605938 19
1061492 20
 781370 21
 618178 22
 518075 23
 442872 24
 383875 25
 337828 26
 302162 27
 270363 28
 244242 29
 220757 30
 200446 31
 182928 32
 168180 33
 156751 34
 144560 35
 133828 36
 125345 37
 116637 38
 108339 39
 101016 40
  93267 41
  86823 42
  80596 43
  75743 44
  70152 45
  65472 46
  61665 47
  56783 48
  52620 49
  49443 50
  46362 51
  43471 52
  41397 53
  38988 54
  36603 55
  34481 56
  33154 57
  32109 58
  31155 59
  29578 60
  28944 61
  27210 62
  26141 63
  25409 64
  24689 65
  23679 66
  23391 67
  22577 68
  21740 69
  21286 70
  20601 71
  19896 72
  19796 73
  18852 74
  18699 75
  18255 76
  17991 77
  17768 78
  17177 79
  17153 80
  16763 81
  16596 82
  16329 83
  15549 84
  15319 85
  14971 86
  14302 87
  14008 88
  13677 89
  13637 90
  13577 91
  13153 92
  13081 93
  12556 94
  12512 95
  12087 96
  12172 97
  11581 98
  11595 99
  11537 100
  11362 101
  11135 102
  10780 103
  10882 104
  10841 105
  10282 106
  10166 107
   9915 108
   9821 109
   9603 110
   9632 111
   9236 112
   9213 113
   9049 114
   9060 115
   8695 116
   8660 117
   8616 118
   8554 119
   8477 120
   8158 121
   8103 122
   8174 123
   7978 124
   7965 125
   7766 126
   7663 127
   7625 128
   7560 129
   7273 130
   7236 131
   6994 132
   6855 133
   6830 134
   6914 135
   6840 136
   6538 137
   6713 138
   6445 139
   6654 140
   6471 141
   6480 142
   6509 143
   6232 144
   6383 145
   6119 146
   6171 147
   5953 148
   5922 149
   5876 150
   5845 151
   5852 152
   5699 153
   5522 154
   5487 155
   5290 156
   5253 157
   5328 158
   5124 159
   5272 160
   5129 161
   4927 162
   5010 163
   4901 164
   4881 165
   4778 166
   4857 167
   4817 168
   4619 169
   4685 170
   4648 171
   4541 172
   4340 173
   4555 174
   4317 175
   4554 176
   4434 177
   4334 178
   4381 179
   4335 180
   4211 181
   4110 182
   4175 183
   4068 184
   3955 185
   4040 186
   3994 187
   3962 188
   3992 189
   3886 190
   3945 191
   3785 192
   3764 193
   3762 194
   3641 195
   3604 196
   3619 197
   3539 198
   3548 199
   3553 200
   3457 201
   3545 202
   3496 203
   3413 204
   3444 205
   3391 206
   3235 207
   3161 208
   3209 209
   3159 210
   3293 211
   3209 212
   3183 213
   3044 214
   3088 215
   3106 216
   3187 217
   3132 218
   3022 219
   2996 220
   3042 221
   2952 222
   2977 223
   2891 224
   2912 225
   2926 226
   2902 227
   2880 228
   2801 229
   2702 230
   2733 231
   2838 232
   2807 233
   2814 234
   2713 235
   2681 236
   2672 237
   2588 238
   2719 239
   2655 240
   2674 241
   2690 242
   2611 243
   2507 244
   2614 245
   2509 246
   2550 247
   2570 248
   2580 249
   2589 250
   2587 251
   2582 252
   2506 253
   2522 254
   2380 255
   2389 256
   2431 257
   2346 258
   2343 259
   2376 260
   2298 261
   2351 262
   2370 263
   2291 264
   2305 265
   2263 266
   2251 267
   2251 268
   2247 269
   2167 270
   2119 271
   2016 272
   2092 273
   2083 274
   2102 275
   1976 276
   2111 277
   2130 278
   2157 279
   2074 280
   2054 281
   2021 282
   2061 283
   2024 284
   2067 285
   2030 286
   2051 287
   2030 288
   2007 289
   2046 290
   2027 291
   2064 292
   1999 293
   2047 294
   2048 295
   2046 296
   2071 297
   1891 298
   2011 299
   1941 300
   1893 301
   1901 302
   1936 303
   1877 304
   1906 305
   1873 306
   1883 307
   1879 308
   1868 309
   1846 310
   1970 311
   1811 312
   1824 313
   1922 314
   1841 315
   1746 316
   1739 317
   1740 318
   1754 319
   1733 320
   1669 321
   1608 322
   1726 323
   1666 324
   1707 325
   1673 326
   1658 327
   1584 328
   1628 329
   1727 330
   1643 331
   1664 332
   1602 333
   1598 334
   1647 335
   1643 336
   1673 337
   1612 338
   1546 339
   1537 340
   1475 341
   1539 342
   1522 343
   1659 344
   1580 345
   1597 346
   1554 347
   1563 348
   1483 349
   1480 350
   1469 351
   1526 352
   1470 353
   1432 354
   1477 355
   1387 356
   1522 357
   1417 358
   1422 359
   1507 360
   1430 361
   1409 362
   1418 363
   1486 364
   1392 365
   1398 366
   1424 367
   1405 368
   1323 369
   1357 370
   1334 371
   1389 372
   1418 373
   1413 374
   1324 375
   1425 376
   1424 377
   1370 378
   1299 379
   1383 380
   1318 381
   1406 382
   1283 383
   1292 384
   1288 385
   1317 386
   1316 387
   1308 388
   1262 389
   1284 390
   1287 391
   1227 392
   1205 393
   1254 394
   1204 395
   1272 396
   1274 397
   1230 398
   1207 399
   1293 400
   1262 401
   1258 402
   1178 403
   1223 404
   1253 405
   1199 406
   1218 407
   1222 408
   1227 409
   1256 410
   1239 411
   1216 412
   1178 413
   1175 414
   1182 415
   1155 416
   1175 417
   1141 418
   1132 419
   1090 420
   1170 421
   1130 422
   1174 423
   1119 424
   1132 425
   1156 426
   1065 427
   1086 428
   1055 429
   1164 430
   1137 431
   1053 432
   1082 433
   1099 434
   1031 435
   1062 436
   1032 437
   1039 438
   1043 439
   1053 440
   1001 441
   1056 442
   1051 443
   1070 444
   1051 445
   1024 446
   1036 447
    985 448
   1045 449
   1034 450
   1110 451
    983 452
   1030 453
   1067 454
   1004 455
    964 456
   1006 457
   1019 458
   1024 459
   1025 460
   1012 461
    976 462
   1000 463
   1012 464
    948 465
    954 466
    966 467
    995 468
    890 469
    968 470
    919 471
   1004 472
    954 473
    928 474
    966 475
    924 476
    927 477
    902 478
   1012 479
    890 480
    920 481
    917 482
    954 483
    876 484
    847 485
    866 486
    889 487
    873 488
    961 489
    899 490
    933 491
    903 492
    963 493
    950 494
    872 495
    933 496
    900 497
    897 498
    851 499
    878 500
    909 501
    906 502
    872 503
    855 504
    870 505
    911 506
    877 507
    876 508
    936 509
    939 510
    847 511
    810 512
    904 513
    911 514
    935 515
    906 516
    903 517
    841 518
    855 519
    921 520
    900 521
    908 522
    825 523
    944 524
    895 525
    881 526
    834 527
    943 528
    846 529
    904 530
    894 531
    873 532
    921 533
    920 534
    837 535
    920 536
    933 537
    862 538
    912 539
    913 540
    881 541
    872 542
    899 543
    853 544
    893 545
    909 546
    841 547
    891 548
    868 549
    875 550
    937 551
    919 552
    904 553
    956 554
    954 555
    908 556
    949 557
    936 558
    943 559
    877 560
    876 561
    895 562
    892 563
    913 564
    903 565
    939 566
    845 567
    846 568
    846 569
    794 570
    852 571
    891 572
    879 573
    839 574
    860 575
    803 576
    902 577
    866 578
    843 579
    873 580
    855 581
    857 582
    851 583
    817 584
    801 585
    779 586
    816 587
    832 588
    830 589
    789 590
    784 591
    850 592
    815 593
    801 594
    785 595
    782 596
    845 597
    828 598
    791 599
    715 600
    816 601
    821 602
    864 603
    852 604
    859 605
    778 606
    840 607
    844 608
    826 609
    880 610
    888 611
    845 612
    878 613
    854 614
    835 615
    863 616
    867 617
    866 618
    859 619
    807 620
    876 621
    861 622
    812 623
    875 624
    847 625
    784 626
    805 627
    895 628
    795 629
    875 630
    817 631
    854 632
    810 633
    810 634
    804 635
    835 636
    770 637
    769 638
    831 639
    810 640
    895 641
    855 642
    853 643
    795 644
    893 645
    897 646
    850 647
    878 648
    899 649
    883 650
    852 651
    863 652
    874 653
    910 654
    876 655
    840 656
    851 657
    822 658
    877 659
    819 660
    860 661
    908 662
    866 663
    868 664
    872 665
    914 666
    920 667
    919 668
    928 669
    942 670
    870 671
    906 672
    897 673
    896 674
    896 675
    871 676
    839 677
    819 678
    900 679
    809 680
    918 681
    860 682
    881 683
    863 684
    869 685
    907 686
    849 687
    922 688
    853 689
    857 690
    935 691
    872 692
    894 693
    850 694
    865 695
    819 696
    926 697
    860 698
    912 699
    875 700
    869 701
    872 702
    850 703
    812 704
    814 705
    833 706
    797 707
    828 708
    846 709
    813 710
    749 711
    813 712
    868 713
    801 714
    832 715
    796 716
    747 717
    734 718
    782 719
    808 720
    759 721
    777 722
    715 723
    726 724
    734 725
    733 726
    714 727
    708 728
    766 729
    718 730
    756 731
    722 732
    779 733
    755 734
    721 735
    759 736
    734 737
    743 738
    733 739
    726 740
    772 741
    706 742
    711 743
    783 744
    720 745
    727 746
    687 747
    717 748
    752 749
    708 750
    722 751
    704 752
    709 753
    695 754
    706 755
    735 756
    674 757
    716 758
    734 759
    653 760
    662 761
    658 762
    660 763
    678 764
    685 765
    663 766
    641 767
    683 768
    705 769
    664 770
    662 771
    665 772
    725 773
    609 774
    639 775
    647 776
    636 777
    623 778
    665 779
    629 780
    589 781
    699 782
    648 783
    632 784
    642 785
    661 786
    606 787
    628 788
    611 789
    618 790
    619 791
    601 792
    601 793
    577 794
    628 795
    642 796
    596 797
    532 798
    583 799
    573 800
    562 801
    517 802
    584 803
    560 804
    589 805
    568 806
    554 807
    523 808
    535 809
    547 810
    547 811
    526 812
    484 813
    541 814
    567 815
    511 816
    559 817
    533 818
    537 819
    531 820
    525 821
    553 822
    563 823
    537 824
    544 825
    526 826
    536 827
    530 828
    510 829
    485 830
    524 831
    484 832
    575 833
    498 834
    532 835
    512 836
    465 837
    513 838
    505 839
    446 840
    455 841
    498 842
    468 843
    435 844
    473 845
    452 846
    451 847
    414 848
    504 849
    468 850
    477 851
    491 852
    470 853
    437 854
    440 855
    423 856
    432 857
    428 858
    398 859
    396 860
    415 861
    412 862
    402 863
    418 864
    394 865
    399 866
    390 867
    381 868
    406 869
    406 870
    374 871
    375 872
    373 873
    387 874
    400 875
    368 876
    354 877
    361 878
    360 879
    332 880
    369 881
    334 882
    346 883
    378 884
    361 885
    349 886
    369 887
    341 888
    359 889
    345 890
    338 891
    355 892
    343 893
    341 894
    321 895
    319 896
    340 897
    318 898
    357 899
    375 900
    349 901
    331 902
    331 903
    350 904
    325 905
    363 906
    341 907
    366 908
    349 909
    344 910
    348 911
    293 912
    321 913
    368 914
    333 915
    316 916
    323 917
    347 918
    316 919
    307 920
    326 921
    296 922
    314 923
    324 924
    302 925
    316 926
    327 927
    291 928
    291 929
    296 930
    292 931
    304 932
    268 933
    274 934
    264 935
    322 936
    279 937
    287 938
    254 939
    291 940
    270 941
    287 942
    262 943
    273 944
    271 945
    317 946
    283 947
    310 948
    300 949
    292 950
    305 951
    289 952
    278 953
    271 954
    273 955
    253 956
    284 957
    257 958
    251 959
    284 960
    284 961
    284 962
    276 963
    271 964
    280 965
    264 966
    263 967
    260 968
    283 969
    258 970
    244 971
    253 972
    260 973
    260 974
    266 975
    284 976
    282 977
    289 978
    272 979
    250 980
    259 981
    253 982
    273 983
    263 984
    284 985
    293 986
    284 987
    270 988
    268 989
    259 990
    251 991
    311 992
    241 993
    254 994
    250 995
    257 996
    269 997
    244 998
    272 999
    261 1000
    271 1001
    258 1002
    268 1003
    243 1004
    261 1005
    227 1006
    230 1007
    227 1008
    243 1009
    268 1010
    234 1011
    227 1012
    228 1013
    213 1014
    252 1015
    256 1016
    219 1017
    235 1018
    233 1019
    219 1020
    232 1021
    246 1022
    209 1023
    205 1024
    231 1025
    262 1026
    235 1027
    236 1028
    213 1029
    242 1030
    250 1031
    240 1032
    242 1033
    282 1034
    237 1035
    233 1036
    219 1037
    211 1038
    246 1039
    233 1040
    207 1041
    212 1042
    225 1043
    248 1044
    231 1045
    242 1046
    216 1047
    221 1048
    220 1049
    227 1050
    214 1051
    235 1052
    210 1053
    227 1054
    207 1055
    211 1056
    210 1057
    230 1058
    195 1059
    204 1060
    196 1061
    202 1062
    211 1063
    214 1064
    212 1065
    203 1066
    183 1067
    210 1068
    207 1069
    170 1070
    188 1071
    194 1072
    187 1073
    199 1074
    204 1075
    230 1076
    196 1077
    218 1078
    176 1079
    202 1080
    189 1081
    190 1082
    195 1083
    202 1084
    197 1085
    187 1086
    204 1087
    200 1088
    191 1089
    177 1090
    181 1091
    199 1092
    218 1093
    194 1094
    200 1095
    196 1096
    178 1097
    206 1098
    227 1099
    206 1100
    173 1101
    218 1102
    211 1103
    193 1104
    179 1105
    192 1106
    210 1107
    192 1108
    210 1109
    211 1110
    183 1111
    190 1112
    203 1113
    198 1114
    200 1115
    195 1116
    191 1117
    171 1118
    180 1119
    191 1120
    153 1121
    216 1122
    189 1123
    197 1124
    174 1125
    181 1126
    207 1127
    199 1128
    191 1129
    174 1130
    212 1131
    186 1132
    183 1133
    176 1134
    173 1135
    171 1136
    182 1137
    181 1138
    193 1139
    191 1140
    168 1141
    175 1142
    189 1143
    179 1144
    194 1145
    186 1146
    207 1147
    179 1148
    192 1149
    183 1150
    178 1151
    155 1152
    186 1153
    191 1154
    196 1155
    183 1156
    198 1157
    183 1158
    186 1159
    182 1160
    201 1161
    199 1162
    207 1163
    211 1164
    185 1165
    171 1166
    203 1167
    182 1168
    180 1169
    161 1170
    164 1171
    217 1172
    178 1173
    162 1174
    171 1175
    165 1176
    185 1177
    152 1178
    167 1179
    177 1180
    162 1181
    170 1182
    176 1183
    162 1184
    174 1185
    151 1186
    147 1187
    168 1188
    141 1189
    145 1190
    153 1191
    162 1192
    153 1193
    152 1194
    159 1195
    156 1196
    150 1197
    170 1198
    168 1199
    141 1200
    162 1201
    143 1202
    160 1203
    143 1204
    148 1205
    156 1206
    179 1207
    145 1208
    153 1209
    148 1210
    154 1211
    155 1212
    165 1213
    164 1214
    179 1215
    166 1216
    154 1217
    135 1218
    153 1219
    145 1220
    154 1221
    151 1222
    162 1223
    155 1224
    172 1225
    165 1226
    161 1227
    142 1228
    158 1229
    163 1230
    155 1231
    141 1232
    146 1233
    152 1234
    141 1235
    149 1236
    145 1237
    128 1238
    152 1239
    129 1240
    164 1241
    130 1242
    147 1243
    139 1244
    160 1245
    136 1246
    157 1247
    151 1248
    138 1249
    131 1250
    152 1251
    135 1252
    134 1253
    142 1254
    156 1255
    141 1256
    148 1257
    149 1258
    141 1259
    128 1260
    146 1261
    132 1262
    137 1263
    132 1264
    107 1265
    144 1266
    133 1267
    120 1268
    135 1269
    132 1270
    113 1271
    159 1272
    130 1273
    129 1274
    123 1275
    142 1276
    115 1277
    137 1278
    146 1279
    115 1280
    129 1281
    121 1282
    119 1283
    142 1284
    126 1285
    108 1286
    130 1287
    120 1288
    118 1289
    140 1290
    123 1291
    128 1292
    121 1293
    126 1294
    124 1295
    111 1296
    126 1297
    117 1298
    116 1299
    110 1300
    119 1301
    122 1302
    127 1303
    126 1304
    130 1305
    125 1306
    110 1307
    104 1308
    115 1309
    117 1310
    111 1311
    115 1312
    101 1313
    133 1314
    126 1315
    163 1316
    109 1317
    145 1318
    125 1319
    120 1320
    108 1321
    132 1322
    118 1323
    121 1324
    126 1325
    103 1326
    130 1327
    121 1328
    134 1329
    135 1330
    112 1331
    126 1332
    136 1333
    124 1334
    130 1335
    105 1336
    123 1337
    154 1338
    125 1339
    119 1340
    104 1341
    104 1342
    108 1343
    114 1344
    111 1345
    113 1346
    123 1347
    104 1348
    102 1349
    114 1350
    119 1351
    117 1352
    120 1353
    117 1354
    131 1355
    115 1356
    131 1357
    111 1358
    103 1359
    101 1360
    142 1361
    103 1362
    104 1363
    131 1364
    108 1365
     98 1366
    127 1367
    111 1368
    122 1369
     92 1370
    127 1371
    112 1372
    104 1373
    120 1374
    118 1375
    100 1376
    119 1377
     92 1378
    123 1379
     95 1380
    128 1381
    129 1382
    112 1383
     96 1384
    125 1385
    110 1386
    114 1387
    128 1388
    111 1389
    118 1390
    106 1391
    134 1392
    109 1393
    114 1394
    117 1395
    111 1396
    108 1397
    104 1398
    120 1399
    106 1400
    101 1401
    113 1402
     93 1403
    111 1404
    104 1405
    121 1406
    100 1407
    132 1408
     99 1409
    113 1410
    130 1411
    103 1412
    115 1413
     97 1414
    117 1415
     81 1416
    119 1417
    107 1418
    106 1419
    106 1420
     92 1421
     98 1422
    102 1423
    112 1424
    104 1425
    119 1426
    130 1427
    109 1428
    117 1429
    100 1430
    107 1431
    116 1432
    109 1433
    110 1434
    103 1435
    107 1436
     97 1437
    115 1438
     91 1439
    119 1440
     87 1441
     84 1442
    110 1443
    111 1444
    100 1445
     98 1446
    106 1447
    109 1448
    116 1449
    105 1450
    108 1451
    103 1452
    104 1453
    119 1454
     99 1455
    129 1456
     74 1457
    128 1458
     99 1459
    103 1460
    104 1461
     85 1462
     93 1463
    105 1464
    114 1465
     92 1466
    102 1467
     87 1468
    109 1469
     98 1470
    111 1471
    105 1472
    100 1473
     95 1474
    104 1475
     97 1476
    116 1477
     88 1478
    116 1479
    112 1480
     96 1481
     88 1482
     80 1483
     97 1484
     92 1485
     86 1486
    112 1487
    112 1488
     92 1489
     83 1490
    109 1491
     82 1492
     94 1493
     94 1494
     91 1495
     86 1496
     98 1497
    100 1498
     84 1499
     73 1500
     93 1501
     83 1502
    109 1503
     92 1504
    109 1505
    109 1506
     77 1507
     85 1508
    104 1509
     97 1510
     88 1511
     91 1512
     87 1513
    101 1514
     89 1515
     83 1516
     86 1517
     93 1518
    102 1519
    102 1520
     94 1521
     82 1522
     94 1523
     93 1524
     76 1525
     78 1526
     85 1527
     85 1528
     92 1529
     83 1530
     99 1531
    106 1532
     83 1533
     85 1534
     79 1535
    100 1536
     96 1537
     89 1538
     78 1539
     91 1540
     90 1541
     78 1542
     99 1543
     96 1544
     77 1545
     92 1546
     76 1547
    102 1548
     81 1549
    110 1550
    100 1551
     98 1552
    111 1553
     86 1554
     75 1555
     90 1556
     96 1557
     81 1558
     82 1559
     99 1560
    118 1561
     87 1562
     89 1563
     92 1564
    106 1565
     90 1566
     88 1567
     91 1568
     73 1569
     80 1570
    101 1571
     81 1572
     90 1573
     91 1574
     91 1575
     89 1576
     91 1577
     83 1578
     83 1579
     73 1580
     97 1581
     88 1582
     93 1583
    106 1584
     78 1585
     88 1586
     91 1587
     98 1588
     76 1589
     94 1590
     82 1591
     70 1592
     77 1593
     74 1594
     88 1595
     74 1596
     73 1597
     80 1598
     80 1599
     88 1600
     80 1601
     94 1602
     84 1603
     90 1604
     89 1605
     76 1606
     79 1607
     84 1608
     68 1609
     68 1610
     85 1611
     78 1612
     74 1613
     99 1614
     84 1615
     76 1616
     76 1617
     94 1618
     97 1619
     79 1620
     71 1621
     82 1622
     75 1623
     56 1624
     68 1625
     77 1626
     90 1627
     77 1628
     78 1629
     75 1630
     72 1631
     91 1632
     87 1633
     91 1634
     81 1635
     83 1636
     86 1637
     90 1638
     75 1639
     81 1640
     76 1641
     84 1642
     88 1643
     81 1644
     80 1645
     85 1646
     75 1647
     88 1648
     93 1649
     85 1650
     95 1651
     74 1652
     91 1653
     70 1654
     90 1655
    100 1656
     96 1657
     84 1658
     81 1659
     97 1660
     90 1661
     73 1662
     94 1663
     82 1664
     74 1665
     86 1666
     63 1667
     83 1668
     89 1669
     90 1670
     89 1671
     97 1672
     97 1673
    101 1674
     95 1675
     79 1676
     77 1677
     85 1678
     90 1679
     84 1680
     82 1681
     77 1682
    101 1683
     68 1684
     77 1685
     88 1686
     81 1687
     89 1688
     83 1689
     95 1690
     81 1691
     84 1692
     86 1693
     85 1694
     80 1695
     95 1696
     91 1697
     75 1698
     79 1699
     84 1700
     88 1701
     95 1702
     84 1703
     72 1704
     79 1705
     93 1706
     90 1707
     75 1708
     79 1709
     82 1710
     70 1711
     77 1712
     88 1713
     78 1714
     82 1715
     71 1716
     81 1717
     69 1718
     91 1719
     89 1720
     83 1721
     68 1722
     73 1723
     75 1724
     79 1725
     79 1726
     78 1727
     64 1728
     62 1729
     66 1730
     84 1731
     84 1732
     81 1733
     63 1734
     57 1735
     78 1736
     89 1737
     71 1738
     84 1739
     74 1740
     73 1741
     68 1742
     86 1743
     65 1744
     79 1745
     73 1746
     88 1747
     81 1748
     85 1749
     77 1750
     71 1751
     67 1752
     84 1753
     94 1754
     75 1755
     75 1756
     95 1757
    102 1758
     85 1759
     83 1760
     88 1761
     82 1762
     84 1763
     66 1764
     70 1765
     77 1766
     80 1767
     90 1768
     91 1769
     98 1770
     83 1771
     89 1772
     80 1773
     78 1774
     91 1775
     83 1776
     72 1777
     76 1778
     78 1779
     91 1780
     90 1781
     99 1782
     68 1783
     85 1784
     85 1785
     81 1786
     80 1787
     63 1788
     77 1789
     73 1790
     94 1791
     88 1792
     78 1793
     86 1794
     65 1795
     62 1796
     86 1797
     71 1798
     75 1799
     80 1800
     88 1801
     65 1802
     71 1803
     76 1804
     71 1805
     70 1806
     89 1807
     72 1808
     73 1809
     95 1810
     70 1811
     85 1812
     82 1813
     73 1814
     91 1815
     82 1816
     95 1817
     72 1818
     65 1819
     81 1820
     67 1821
     67 1822
     69 1823
     64 1824
     71 1825
     79 1826
     65 1827
     75 1828
     68 1829
     70 1830
     72 1831
     64 1832
     75 1833
     64 1834
     70 1835
     70 1836
     68 1837
     84 1838
     69 1839
     74 1840
     64 1841
     70 1842
     62 1843
     81 1844
     79 1845
     68 1846
     74 1847
     61 1848
     85 1849
     64 1850
     82 1851
     72 1852
     78 1853
     59 1854
     62 1855
     59 1856
     64 1857
     74 1858
     70 1859
     73 1860
     72 1861
     86 1862
     75 1863
     68 1864
     63 1865
     88 1866
     69 1867
     71 1868
     59 1869
     69 1870
     72 1871
     77 1872
     74 1873
     72 1874
     96 1875
     89 1876
     75 1877
     74 1878
     72 1879
     77 1880
     67 1881
     71 1882
     75 1883
     69 1884
     76 1885
     81 1886
     74 1887
     85 1888
     83 1889
     69 1890
     76 1891
     87 1892
     98 1893
     77 1894
     84 1895
     73 1896
     77 1897
     84 1898
     80 1899
     83 1900
     90 1901
     78 1902
     80 1903
     88 1904
     87 1905
     77 1906
     65 1907
     77 1908
     61 1909
     69 1910
     73 1911
     81 1912
     63 1913
     71 1914
     81 1915
     78 1916
     87 1917
     65 1918
     82 1919
     89 1920
     81 1921
     73 1922
     85 1923
     87 1924
     72 1925
     76 1926
     90 1927
     67 1928
     76 1929
     54 1930
     60 1931
     85 1932
     74 1933
     78 1934
     70 1935
     76 1936
     71 1937
     65 1938
     64 1939
     71 1940
     69 1941
     71 1942
     67 1943
     71 1944
     71 1945
     67 1946
     65 1947
     67 1948
     80 1949
     80 1950
     65 1951
     56 1952
     78 1953
     69 1954
     77 1955
     84 1956
     91 1957
     73 1958
     65 1959
     71 1960
     69 1961
     53 1962
     73 1963
     49 1964
     66 1965
     66 1966
     79 1967
     67 1968
     65 1969
     61 1970
     66 1971
     62 1972
     59 1973
     59 1974
     63 1975
     63 1976
     52 1977
     76 1978
     64 1979
     69 1980
     78 1981
     68 1982
     59 1983
     75 1984
     61 1985
     50 1986
     80 1987
     49 1988
     59 1989
     53 1990
     64 1991
     62 1992
     63 1993
     80 1994
     65 1995
     48 1996
     66 1997
     62 1998
     49 1999
     62 2000
     66 2001
     62 2002
     54 2003
     60 2004
     57 2005
     66 2006
     59 2007
     57 2008
     61 2009
     77 2010
     61 2011
     64 2012
     52 2013
     74 2014
     59 2015
     49 2016
     58 2017
     59 2018
     62 2019
     53 2020
     70 2021
     71 2022
     75 2023
     53 2024
     64 2025
     54 2026
     59 2027
     53 2028
     57 2029
     60 2030
     74 2031
     61 2032
     66 2033
     66 2034
     78 2035
     67 2036
     71 2037
     69 2038
     56 2039
     56 2040
     64 2041
     56 2042
     54 2043
     67 2044
     74 2045
     58 2046
     63 2047
     76 2048
     62 2049
     71 2050
     74 2051
     62 2052
     64 2053
     70 2054
     68 2055
     54 2056
     44 2057
     57 2058
     63 2059
     65 2060
     69 2061
     67 2062
     74 2063
     76 2064
     63 2065
     65 2066
     61 2067
     63 2068
     64 2069
     65 2070
     66 2071
     63 2072
     67 2073
     52 2074
     63 2075
     52 2076
     53 2077
     56 2078
     51 2079
     66 2080
     64 2081
     53 2082
     64 2083
     66 2084
     61 2085
     65 2086
     75 2087
     67 2088
     64 2089
     67 2090
     60 2091
     71 2092
     79 2093
     67 2094
     74 2095
     53 2096
     66 2097
     61 2098
     63 2099
     64 2100
     78 2101
     73 2102
     69 2103
     79 2104
     64 2105
     53 2106
     66 2107
     53 2108
     87 2109
     68 2110
     58 2111
     91 2112
     66 2113
     72 2114
     70 2115
     56 2116
     59 2117
     66 2118
     64 2119
     54 2120
     65 2121
     52 2122
     62 2123
     54 2124
     63 2125
     55 2126
     58 2127
     64 2128
     68 2129
     65 2130
     52 2131
     64 2132
     54 2133
     57 2134
     64 2135
     60 2136
     64 2137
     61 2138
     61 2139
     62 2140
     74 2141
     51 2142
     62 2143
     70 2144
     65 2145
     53 2146
     58 2147
     54 2148
     59 2149
     70 2150
     55 2151
     72 2152
     67 2153
     60 2154
     63 2155
     50 2156
     58 2157
     68 2158
     55 2159
     63 2160
     56 2161
     50 2162
     59 2163
     52 2164
     47 2165
     62 2166
     56 2167
     60 2168
     56 2169
     57 2170
     51 2171
     58 2172
     64 2173
     52 2174
     59 2175
     62 2176
     50 2177
     67 2178
     43 2179
     52 2180
     45 2181
     67 2182
     49 2183
     68 2184
     70 2185
     60 2186
     71 2187
     52 2188
     53 2189
     62 2190
     57 2191
     66 2192
     63 2193
     56 2194
     52 2195
     52 2196
     60 2197
     48 2198
     50 2199
     54 2200
     58 2201
     47 2202
     55 2203
     50 2204
     45 2205
     70 2206
     65 2207
     54 2208
     56 2209
     61 2210
     52 2211
     63 2212
     44 2213
     65 2214
     54 2215
     70 2216
     67 2217
     66 2218
     74 2219
     76 2220
     70 2221
     62 2222
     62 2223
     65 2224
     69 2225
     47 2226
     56 2227
     69 2228
     65 2229
     59 2230
     73 2231
     80 2232
     69 2233
     70 2234
     63 2235
     66 2236
     70 2237
     65 2238
     63 2239
     67 2240
     71 2241
     62 2242
     67 2243
     57 2244
     56 2245
     61 2246
     64 2247
     59 2248
     49 2249
     63 2250
     67 2251
     78 2252
     68 2253
     69 2254
     65 2255
     64 2256
     59 2257
     79 2258
     61 2259
     70 2260
     75 2261
     60 2262
     68 2263
     61 2264
     70 2265
     72 2266
     77 2267
     59 2268
     74 2269
     64 2270
     77 2271
     59 2272
     52 2273
     61 2274
     60 2275
     59 2276
     62 2277
     56 2278
     64 2279
     74 2280
     52 2281
     67 2282
     76 2283
     75 2284
     64 2285
     67 2286
     61 2287
     67 2288
     70 2289
     73 2290
     61 2291
     71 2292
     70 2293
     59 2294
     70 2295
     62 2296
     78 2297
     67 2298
     66 2299
     63 2300
     62 2301
     68 2302
     56 2303
     68 2304
     60 2305
     69 2306
     70 2307
     64 2308
     62 2309
     68 2310
     56 2311
     70 2312
     67 2313
     67 2314
     60 2315
     78 2316
     68 2317
     57 2318
     73 2319
     88 2320
     74 2321
     80 2322
     67 2323
     86 2324
     59 2325
     58 2326
     77 2327
     77 2328
     79 2329
     58 2330
     73 2331
     86 2332
     63 2333
     69 2334
     69 2335
     75 2336
     82 2337
     63 2338
     64 2339
     58 2340
     72 2341
     56 2342
     66 2343
     57 2344
     82 2345
     92 2346
     75 2347
     73 2348
     90 2349
     58 2350
     74 2351
     78 2352
     82 2353
     81 2354
     66 2355
     66 2356
     65 2357
     77 2358
     67 2359
     62 2360
     49 2361
     63 2362
     69 2363
     81 2364
     50 2365
     57 2366
     64 2367
     86 2368
     55 2369
     81 2370
     75 2371
     64 2372
     57 2373
     63 2374
     69 2375
     69 2376
     71 2377
     78 2378
     78 2379
     66 2380
     76 2381
     61 2382
     72 2383
     57 2384
     69 2385
     70 2386
     70 2387
     78 2388
     74 2389
     69 2390
     72 2391
     66 2392
     67 2393
     69 2394
     65 2395
     81 2396
     74 2397
     60 2398
     67 2399
     58 2400
     56 2401
     67 2402
     60 2403
     72 2404
     69 2405
     75 2406
     70 2407
     76 2408
     73 2409
     73 2410
     76 2411
     82 2412
     73 2413
     81 2414
     82 2415
     83 2416
     61 2417
     60 2418
     76 2419
     65 2420
     78 2421
     87 2422
     82 2423
     81 2424
     64 2425
     76 2426
     80 2427
     92 2428
     70 2429
     91 2430
     80 2431
     83 2432
     84 2433
     64 2434
     78 2435
     79 2436
     81 2437
     67 2438
     67 2439
     82 2440
     73 2441
     81 2442
     60 2443
     69 2444
     60 2445
     64 2446
     63 2447
     83 2448
     81 2449
     79 2450
     77 2451
     70 2452
     72 2453
     71 2454
     61 2455
     72 2456
     79 2457
     59 2458
     67 2459
     71 2460
     69 2461
     69 2462
     74 2463
     80 2464
     67 2465
     69 2466
     57 2467
     74 2468
     71 2469
     64 2470
     58 2471
     67 2472
     69 2473
     70 2474
     71 2475
     80 2476
     72 2477
     75 2478
     85 2479
     61 2480
     87 2481
     71 2482
     78 2483
     66 2484
     59 2485
     79 2486
     60 2487
     58 2488
     58 2489
     63 2490
     62 2491
     72 2492
     63 2493
     80 2494
     70 2495
     60 2496
     64 2497
     70 2498
     63 2499
     57 2500
     47 2501
     52 2502
     66 2503
     61 2504
     57 2505
     67 2506
     55 2507
     58 2508
     69 2509
     62 2510
     66 2511
     65 2512
     72 2513
     74 2514
     60 2515
     64 2516
     58 2517
     69 2518
     68 2519
     56 2520
     72 2521
     75 2522
     98 2523
     59 2524
     61 2525
     66 2526
     56 2527
     54 2528
     59 2529
     65 2530
     61 2531
     42 2532
     45 2533
     56 2534
     50 2535
     77 2536
     57 2537
     51 2538
     52 2539
     37 2540
     63 2541
     64 2542
     48 2543
     44 2544
     50 2545
     54 2546
     50 2547
     67 2548
     52 2549
     55 2550
     58 2551
     69 2552
     42 2553
     45 2554
     50 2555
     59 2556
     66 2557
     43 2558
     46 2559
     41 2560
     44 2561
     54 2562
     44 2563
     56 2564
     48 2565
     50 2566
     53 2567
     49 2568
     41 2569
     50 2570
     48 2571
     52 2572
     58 2573
     48 2574
     46 2575
     51 2576
     60 2577
     56 2578
     49 2579
     43 2580
     56 2581
     50 2582
     51 2583
     47 2584
     53 2585
     52 2586
     46 2587
     36 2588
     50 2589
     47 2590
     45 2591
     45 2592
     54 2593
     61 2594
     46 2595
     45 2596
     39 2597
     56 2598
     69 2599
     44 2600
     54 2601
     50 2602
     40 2603
     50 2604
     48 2605
     45 2606
     46 2607
     49 2608
     40 2609
     51 2610
     40 2611
     51 2612
     54 2613
     53 2614
     44 2615
     53 2616
     57 2617
     64 2618
     41 2619
     36 2620
     54 2621
     38 2622
     42 2623
     37 2624
     41 2625
     52 2626
     48 2627
     40 2628
     41 2629
     42 2630
     52 2631
     46 2632
     48 2633
     40 2634
     52 2635
     43 2636
     58 2637
     39 2638
     45 2639
     51 2640
     50 2641
     41 2642
     50 2643
     47 2644
     51 2645
     37 2646
     37 2647
     46 2648
     37 2649
     57 2650
     38 2651
     36 2652
     48 2653
     39 2654
     40 2655
     45 2656
     38 2657
     43 2658
     37 2659
     28 2660
     57 2661
     37 2662
     36 2663
     35 2664
     39 2665
     27 2666
     40 2667
     40 2668
     36 2669
     41 2670
     41 2671
     34 2672
     40 2673
     33 2674
     44 2675
     29 2676
     34 2677
     39 2678
     32 2679
     47 2680
     49 2681
     34 2682
     42 2683
     43 2684
     35 2685
     40 2686
     39 2687
     30 2688
     36 2689
     36 2690
     24 2691
     29 2692
     48 2693
     42 2694
     33 2695
     29 2696
     39 2697
     32 2698
     38 2699
     25 2700
     33 2701
     31 2702
     41 2703
     42 2704
     40 2705
     31 2706
     35 2707
     29 2708
     24 2709
     41 2710
     33 2711
     31 2712
     28 2713
     28 2714
     32 2715
     34 2716
     21 2717
     47 2718
     21 2719
     35 2720
     37 2721
     22 2722
     31 2723
     24 2724
     29 2725
     31 2726
     31 2727
     34 2728
     36 2729
     33 2730
     44 2731
     33 2732
     37 2733
     28 2734
     34 2735
     25 2736
     41 2737
     29 2738
     29 2739
     23 2740
     32 2741
     27 2742
     29 2743
     38 2744
     30 2745
     32 2746
     21 2747
     29 2748
     31 2749
     33 2750
     29 2751
     45 2752
     27 2753
     29 2754
     36 2755
     29 2756
     31 2757
     32 2758
     36 2759
     34 2760
     25 2761
     20 2762
     30 2763
     33 2764
     25 2765
     27 2766
     30 2767
     30 2768
     42 2769
     38 2770
     31 2771
     27 2772
     36 2773
     35 2774
     34 2775
     32 2776
     31 2777
     38 2778
     29 2779
     34 2780
     27 2781
     38 2782
     32 2783
     26 2784
     31 2785
     24 2786
     37 2787
     23 2788
     36 2789
     31 2790
     24 2791
     35 2792
     36 2793
     33 2794
     28 2795
     27 2796
     32 2797
     31 2798
     25 2799
     47 2800
     28 2801
     31 2802
     23 2803
     39 2804
     28 2805
     29 2806
     35 2807
     31 2808
     25 2809
     27 2810
     30 2811
     28 2812
     22 2813
     35 2814
     28 2815
     36 2816
     30 2817
     21 2818
     39 2819
     23 2820
     26 2821
     27 2822
     26 2823
     36 2824
     37 2825
     36 2826
     36 2827
     34 2828
     28 2829
     22 2830
     30 2831
     26 2832
     28 2833
     21 2834
     29 2835
     25 2836
     30 2837
     32 2838
     27 2839
     30 2840
     31 2841
     31 2842
     27 2843
     25 2844
     24 2845
     27 2846
     34 2847
     28 2848
     24 2849
     25 2850
     27 2851
     24 2852
     28 2853
     30 2854
     30 2855
     23 2856
     24 2857
     32 2858
     30 2859
     17 2860
     39 2861
     32 2862
     18 2863
     43 2864
     32 2865
     22 2866
     28 2867
     23 2868
     29 2869
     29 2870
     23 2871
     20 2872
     24 2873
     27 2874
     31 2875
     30 2876
     24 2877
     29 2878
     34 2879
     31 2880
     27 2881
     27 2882
     30 2883
     27 2884
     28 2885
     20 2886
     34 2887
     32 2888
     26 2889
     27 2890
     31 2891
     25 2892
     24 2893
     30 2894
     30 2895
     33 2896
     19 2897
     20 2898
     32 2899
     24 2900
     34 2901
     26 2902
     25 2903
     35 2904
     29 2905
     27 2906
     35 2907
     28 2908
     17 2909
     27 2910
     19 2911
     19 2912
     31 2913
     24 2914
     25 2915
     32 2916
     28 2917
     15 2918
     30 2919
     28 2920
     22 2921
     27 2922
     43 2923
     28 2924
     23 2925
     23 2926
     22 2927
     27 2928
     23 2929
     29 2930
     22 2931
     23 2932
     22 2933
     28 2934
     26 2935
     28 2936
     29 2937
     38 2938
     22 2939
     24 2940
     37 2941
     38 2942
     24 2943
     29 2944
     23 2945
     25 2946
     31 2947
     19 2948
     24 2949
     24 2950
     19 2951
     28 2952
     18 2953
     20 2954
     25 2955
     23 2956
     23 2957
     31 2958
     27 2959
     26 2960
     18 2961
     33 2962
     29 2963
     32 2964
     24 2965
     31 2966
     27 2967
     22 2968
     24 2969
     19 2970
     17 2971
     18 2972
     23 2973
     29 2974
     22 2975
     20 2976
     26 2977
     19 2978
     29 2979
     28 2980
     22 2981
     23 2982
     14 2983
     24 2984
     23 2985
     26 2986
     24 2987
     26 2988
     27 2989
     25 2990
     22 2991
     25 2992
     13 2993
     23 2994
     18 2995
     15 2996
     26 2997
     20 2998
     20 2999
     22 3000
     27 3001
     24 3002
     20 3003
     24 3004
     22 3005
     27 3006
     26 3007
     23 3008
     23 3009
     18 3010
     20 3011
     25 3012
     23 3013
     23 3014
     20 3015
     29 3016
     26 3017
     40 3018
     19 3019
     23 3020
     36 3021
     24 3022
     21 3023
     27 3024
     22 3025
     17 3026
     30 3027
     16 3028
     21 3029
     17 3030
     22 3031
     18 3032
     19 3033
     23 3034
     29 3035
     24 3036
     25 3037
     17 3038
     19 3039
     19 3040
     25 3041
     23 3042
     21 3043
     31 3044
     30 3045
     27 3046
     20 3047
     21 3048
     33 3049
     32 3050
     23 3051
     26 3052
     30 3053
     22 3054
     17 3055
     19 3056
     22 3057
     21 3058
     19 3059
     26 3060
     24 3061
     23 3062
     22 3063
     34 3064
     24 3065
     26 3066
     26 3067
     18 3068
     22 3069
     17 3070
     23 3071
     17 3072
     23 3073
     16 3074
     19 3075
     26 3076
     14 3077
     21 3078
     29 3079
     22 3080
     24 3081
     24 3082
     16 3083
     20 3084
     18 3085
     31 3086
     23 3087
     24 3088
     15 3089
     25 3090
     18 3091
     26 3092
     29 3093
     24 3094
     19 3095
     17 3096
     22 3097
     13 3098
     21 3099
     22 3100
     27 3101
     20 3102
     14 3103
     11 3104
     22 3105
     21 3106
     28 3107
     19 3108
     19 3109
     19 3110
     19 3111
     15 3112
     25 3113
     20 3114
     23 3115
     19 3116
     21 3117
     25 3118
     34 3119
     19 3120
     19 3121
     22 3122
     22 3123
     21 3124
     19 3125
     24 3126
     22 3127
     19 3128
     23 3129
     20 3130
     25 3131
     27 3132
     22 3133
     24 3134
     22 3135
     24 3136
     25 3137
     34 3138
     24 3139
     29 3140
     27 3141
     31 3142
     26 3143
     19 3144
     30 3145
     18 3146
     25 3147
     27 3148
     18 3149
     29 3150
     22 3151
     24 3152
     22 3153
     27 3154
     30 3155
     23 3156
     21 3157
     25 3158
     21 3159
     25 3160
     19 3161
     20 3162
     21 3163
     20 3164
     26 3165
     30 3166
     22 3167
     26 3168
     33 3169
     35 3170
     20 3171
     29 3172
     26 3173
     18 3174
     24 3175
     26 3176
     32 3177
     21 3178
     20 3179
     27 3180
     17 3181
     24 3182
     20 3183
     21 3184
     21 3185
     22 3186
     17 3187
     28 3188
     14 3189
     25 3190
     22 3191
     12 3192
     20 3193
     14 3194
     12 3195
     29 3196
     25 3197
     28 3198
     25 3199
     22 3200
     23 3201
     21 3202
     14 3203
     22 3204
     22 3205
     19 3206
     14 3207
     12 3208
     26 3209
     25 3210
     22 3211
     22 3212
     16 3213
     17 3214
     26 3215
     23 3216
     24 3217
     24 3218
     23 3219
     14 3220
     17 3221
     27 3222
     21 3223
     25 3224
     27 3225
     19 3226
     19 3227
     26 3228
     26 3229
     19 3230
     19 3231
     19 3232
     12 3233
     17 3234
     22 3235
     23 3236
     23 3237
     25 3238
     21 3239
     24 3240
     20 3241
     22 3242
     22 3243
     33 3244
     25 3245
     29 3246
     29 3247
     15 3248
     22 3249
     22 3250
     20 3251
     23 3252
     26 3253
     23 3254
     23 3255
     17 3256
     16 3257
     21 3258
     24 3259
     20 3260
     20 3261
     17 3262
     18 3263
     29 3264
     26 3265
     20 3266
     18 3267
     29 3268
     20 3269
     18 3270
     25 3271
     20 3272
     23 3273
     17 3274
     16 3275
     23 3276
     17 3277
     14 3278
     22 3279
     20 3280
     20 3281
     15 3282
     21 3283
     18 3284
     20 3285
     17 3286
     28 3287
     17 3288
     17 3289
     16 3290
     18 3291
     17 3292
     18 3293
     19 3294
     19 3295
     21 3296
     18 3297
     18 3298
     23 3299
     17 3300
     26 3301
     17 3302
     31 3303
     21 3304
     17 3305
     24 3306
     19 3307
     18 3308
     18 3309
     19 3310
     25 3311
     20 3312
     15 3313
     16 3314
     23 3315
     26 3316
     17 3317
     22 3318
     23 3319
     23 3320
     15 3321
     21 3322
     16 3323
     18 3324
     17 3325
     16 3326
     12 3327
     18 3328
     18 3329
     20 3330
      9 3331
     12 3332
     24 3333
     20 3334
     20 3335
     16 3336
     21 3337
     13 3338
     20 3339
     12 3340
     19 3341
     22 3342
     22 3343
     16 3344
     16 3345
     19 3346
     10 3347
     15 3348
     29 3349
     20 3350
     17 3351
     20 3352
     29 3353
     19 3354
     19 3355
     14 3356
     15 3357
     14 3358
     16 3359
     13 3360
     19 3361
     17 3362
     19 3363
     12 3364
     14 3365
     23 3366
     13 3367
     17 3368
     18 3369
     33 3370
     16 3371
     17 3372
     14 3373
     10 3374
     21 3375
     17 3376
     16 3377
     22 3378
     12 3379
     16 3380
     20 3381
     15 3382
     17 3383
     19 3384
     12 3385
     16 3386
     19 3387
     23 3388
     23 3389
     18 3390
     20 3391
     15 3392
     19 3393
     16 3394
     11 3395
     17 3396
     15 3397
     12 3398
     16 3399
     21 3400
     17 3401
     14 3402
     15 3403
     18 3404
     19 3405
     13 3406
     20 3407
     16 3408
     13 3409
     16 3410
     19 3411
     20 3412
     17 3413
     18 3414
     21 3415
     15 3416
     17 3417
     10 3418
     24 3419
     19 3420
     17 3421
     16 3422
     18 3423
     19 3424
     14 3425
     15 3426
     15 3427
      9 3428
     17 3429
     20 3430
     23 3431
     21 3432
     19 3433
     15 3434
     22 3435
     20 3436
     18 3437
     12 3438
      9 3439
     16 3440
     11 3441
      9 3442
     15 3443
     11 3444
     20 3445
     15 3446
     14 3447
     24 3448
     15 3449
     15 3450
     19 3451
     22 3452
     19 3453
     11 3454
     17 3455
     15 3456
      9 3457
     13 3458
     16 3459
     19 3460
      9 3461
     15 3462
     21 3463
     14 3464
     20 3465
     16 3466
     13 3467
     19 3468
     19 3469
     15 3470
     13 3471
     10 3472
     17 3473
      9 3474
     18 3475
     14 3476
     19 3477
     16 3478
     19 3479
     14 3480
     14 3481
     20 3482
     15 3483
     15 3484
     23 3485
     18 3486
     17 3487
     20 3488
     11 3489
     15 3490
     14 3491
     20 3492
     18 3493
     15 3494
     14 3495
     14 3496
     16 3497
     15 3498
     11 3499
     16 3500
     12 3501
     24 3502
     13 3503
     16 3504
      7 3505
     16 3506
      8 3507
     14 3508
     11 3509
     16 3510
     16 3511
     16 3512
     13 3513
      6 3514
     18 3515
     21 3516
     16 3517
     19 3518
     12 3519
     16 3520
     16 3521
     15 3522
     16 3523
     13 3524
     12 3525
     18 3526
     16 3527
     14 3528
     15 3529
     12 3530
     16 3531
     14 3532
     18 3533
     18 3534
     23 3535
     24 3536
     13 3537
     15 3538
     19 3539
     19 3540
     15 3541
      6 3542
     17 3543
     15 3544
     12 3545
     14 3546
      9 3547
     17 3548
      7 3549
     14 3550
     19 3551
     13 3552
     16 3553
     10 3554
     11 3555
     13 3556
      6 3557
     13 3558
     16 3559
     16 3560
     20 3561
     14 3562
     16 3563
     10 3564
      8 3565
     11 3566
     15 3567
     15 3568
     20 3569
     15 3570
     20 3571
     17 3572
     11 3573
     13 3574
     16 3575
     24 3576
     16 3577
     12 3578
     14 3579
     18 3580
     21 3581
     22 3582
     15 3583
     17 3584
     10 3585
     19 3586
     11 3587
     12 3588
     16 3589
     17 3590
     14 3591
     11 3592
     13 3593
     15 3594
     19 3595
     13 3596
     17 3597
      6 3598
     16 3599
     15 3600
     13 3601
     20 3602
     15 3603
     13 3604
     13 3605
     19 3606
     10 3607
     16 3608
     18 3609
     19 3610
     21 3611
      9 3612
     13 3613
     13 3614
      9 3615
      9 3616
      9 3617
     10 3618
     17 3619
     15 3620
     16 3621
     13 3622
     19 3623
     12 3624
     16 3625
     11 3626
     21 3627
     11 3628
      9 3629
     16 3630
     16 3631
     17 3632
     11 3633
     10 3634
     12 3635
     18 3636
     15 3637
     13 3638
     10 3639
     11 3640
     20 3641
     16 3642
     15 3643
     10 3644
     13 3645
     12 3646
     15 3647
      7 3648
      9 3649
     14 3650
     16 3651
     16 3652
     13 3653
     10 3654
     16 3655
     13 3656
     15 3657
     13 3658
     12 3659
     16 3660
     10 3661
     10 3662
     17 3663
     12 3664
      9 3665
     10 3666
     20 3667
     11 3668
     16 3669
     11 3670
     16 3671
     19 3672
     16 3673
     12 3674
     14 3675
     15 3676
     11 3677
     14 3678
     10 3679
      9 3680
     11 3681
     12 3682
     12 3683
     17 3684
     12 3685
     14 3686
     14 3687
      9 3688
     16 3689
     14 3690
     22 3691
     14 3692
     10 3693
     16 3694
     18 3695
     12 3696
     11 3697
     17 3698
     12 3699
     11 3700
     14 3701
     19 3702
     19 3703
     11 3704
     21 3705
     12 3706
     16 3707
     16 3708
     16 3709
     13 3710
     16 3711
     15 3712
     10 3713
     18 3714
     15 3715
     16 3716
     17 3717
     14 3718
     17 3719
     16 3720
     17 3721
     18 3722
      8 3723
     15 3724
     18 3725
     14 3726
     11 3727
     13 3728
     17 3729
     11 3730
     10 3731
     22 3732
     14 3733
     16 3734
     12 3735
     21 3736
     15 3737
     15 3738
      7 3739
     13 3740
     15 3741
      7 3742
     14 3743
     12 3744
     10 3745
     10 3746
     21 3747
     11 3748
     16 3749
     15 3750
     15 3751
     20 3752
     13 3753
      9 3754
     10 3755
     12 3756
     15 3757
     16 3758
     13 3759
     11 3760
     16 3761
     13 3762
     28 3763
      7 3764
     19 3765
     14 3766
     13 3767
     14 3768
     16 3769
      9 3770
      9 3771
      8 3772
      9 3773
     11 3774
     12 3775
     12 3776
     15 3777
     16 3778
     11 3779
     17 3780
     18 3781
     20 3782
     15 3783
     13 3784
     20 3785
     13 3786
     10 3787
     15 3788
     11 3789
     12 3790
      9 3791
     18 3792
     16 3793
     10 3794
     13 3795
     11 3796
     16 3797
     11 3798
     16 3799
     15 3800
     10 3801
     13 3802
     15 3803
     20 3804
     14 3805
      7 3806
     17 3807
     10 3808
     13 3809
     13 3810
     17 3811
     20 3812
     16 3813
     19 3814
     14 3815
     13 3816
     15 3817
      9 3818
     12 3819
      8 3820
      3 3821
     13 3822
     11 3823
      5 3824
     14 3825
     20 3826
     17 3827
     13 3828
     15 3829
     11 3830
      9 3831
      8 3832
     13 3833
     14 3834
     12 3835
     14 3836
     19 3837
     10 3838
     10 3839
     10 3840
     18 3841
      6 3842
     16 3843
     14 3844
      5 3845
     18 3846
     12 3847
     14 3848
     13 3849
     14 3850
     10 3851
     14 3852
      9 3853
     14 3854
     19 3855
     10 3856
     14 3857
      8 3858
     16 3859
     12 3860
     12 3861
     16 3862
     17 3863
      5 3864
      8 3865
     13 3866
     10 3867
     14 3868
     15 3869
     14 3870
     11 3871
     10 3872
     10 3873
      6 3874
      9 3875
      5 3876
     18 3877
     13 3878
     15 3879
     12 3880
     10 3881
     10 3882
     13 3883
     18 3884
     17 3885
     13 3886
     15 3887
      8 3888
      7 3889
     19 3890
     12 3891
      9 3892
     14 3893
     12 3894
     13 3895
      9 3896
     12 3897
     15 3898
      8 3899
     13 3900
     13 3901
     14 3902
     12 3903
     12 3904
      9 3905
     16 3906
     12 3907
     15 3908
     12 3909
     12 3910
     13 3911
     11 3912
     17 3913
     17 3914
     14 3915
      9 3916
     11 3917
     14 3918
     17 3919
     12 3920
     15 3921
     10 3922
     14 3923
      8 3924
      8 3925
     12 3926
     17 3927
      9 3928
     12 3929
     17 3930
     11 3931
     11 3932
     14 3933
     14 3934
      6 3935
      7 3936
     13 3937
     11 3938
      9 3939
     18 3940
      8 3941
     17 3942
     15 3943
      8 3944
     19 3945
     13 3946
     16 3947
     15 3948
      7 3949
      9 3950
     14 3951
     11 3952
     11 3953
     17 3954
     19 3955
     12 3956
     11 3957
     13 3958
     17 3959
     13 3960
     12 3961
      8 3962
     14 3963
     13 3964
     17 3965
     17 3966
      6 3967
     12 3968
      6 3969
     10 3970
     13 3971
     14 3972
     12 3973
     13 3974
     17 3975
      7 3976
     13 3977
     16 3978
      8 3979
     11 3980
     14 3981
     14 3982
     10 3983
     11 3984
     13 3985
     18 3986
     14 3987
     13 3988
     14 3989
     11 3990
     16 3991
     14 3992
     16 3993
     12 3994
     16 3995
      7 3996
      7 3997
     13 3998
     15 3999
      9 4000
     13 4001
     10 4002
     11 4003
     18 4004
     14 4005
     13 4006
     23 4007
     15 4008
     13 4009
     10 4010
     10 4011
     15 4012
     15 4013
     25 4014
     11 4015
     19 4016
     15 4017
      8 4018
     17 4019
      9 4020
     19 4021
     16 4022
     13 4023
     11 4024
     16 4025
     12 4026
     15 4027
      9 4028
     10 4029
     12 4030
     14 4031
     11 4032
     12 4033
      9 4034
     13 4035
      7 4036
     12 4037
      7 4038
     15 4039
     11 4040
     16 4041
      8 4042
     11 4043
     13 4044
      8 4045
     12 4046
     13 4047
     11 4048
     12 4049
     17 4050
     12 4051
      4 4052
     12 4053
     10 4054
     10 4055
      3 4056
     14 4057
     10 4058
     11 4059
      7 4060
      5 4061
     10 4062
      8 4063
     13 4064
      5 4065
     11 4066
     15 4067
      9 4068
      8 4069
      8 4070
     10 4071
     12 4072
     12 4073
     10 4074
      9 4075
      8 4076
     13 4077
     11 4078
      7 4079
     13 4080
      8 4081
      9 4082
     13 4083
     12 4084
     11 4085
     16 4086
     10 4087
     14 4088
     15 4089
      8 4090
     17 4091
      6 4092
     11 4093
      8 4094
     12 4095
     13 4096
      8 4097
     12 4098
      8 4099
     14 4100
      8 4101
     16 4102
      8 4103
     12 4104
     13 4105
     11 4106
     13 4107
     13 4108
     11 4109
      8 4110
     10 4111
      4 4112
     11 4113
     11 4114
      4 4115
     10 4116
      7 4117
      3 4118
      8 4119
      7 4120
      9 4121
     11 4122
     10 4123
      9 4124
      9 4125
      6 4126
      8 4127
     10 4128
     10 4129
      5 4130
      5 4131
      9 4132
      9 4133
      6 4134
      8 4135
      7 4136
     13 4137
      9 4138
     12 4139
      8 4140
      7 4141
     14 4142
      5 4143
      9 4144
      7 4145
      7 4146
     10 4147
     11 4148
     14 4149
      7 4150
      9 4151
      9 4152
      8 4153
      8 4154
     16 4155
     12 4156
     13 4157
      5 4158
      8 4159
      9 4160
     11 4161
      6 4162
     10 4163
     15 4164
      9 4165
      6 4166
      6 4167
      9 4168
      7 4169
      9 4170
     14 4171
      7 4172
      4 4173
      9 4174
      9 4175
      8 4176
      6 4177
      7 4178
      7 4179
      2 4180
      6 4181
      7 4182
     13 4183
      8 4184
      9 4185
     11 4186
      8 4187
      8 4188
      9 4189
      9 4190
     10 4191
      6 4192
      5 4193
      8 4194
     16 4195
     13 4196
      7 4197
      9 4198
      7 4199
      9 4200
     13 4201
     12 4202
      5 4203
      8 4204
     14 4205
      6 4206
     14 4207
      6 4208
      6 4209
      7 4210
      7 4211
      7 4212
      3 4213
     12 4214
      9 4215
      8 4216
      7 4217
      9 4218
      9 4219
      9 4220
      8 4221
     10 4222
      9 4223
      4 4224
     11 4225
      7 4226
      7 4227
      7 4228
      8 4229
     13 4230
      6 4231
      7 4232
      7 4233
     15 4234
      8 4235
      6 4236
      9 4237
     11 4238
     10 4239
     13 4240
     10 4241
     10 4242
      4 4243
     12 4244
      8 4245
     10 4246
     12 4247
     10 4248
     13 4249
      8 4250
      9 4251
     10 4252
      9 4253
     11 4254
     10 4255
      6 4256
      8 4257
      4 4258
      5 4259
      5 4260
      6 4261
      8 4262
      6 4263
      9 4264
      8 4265
     16 4266
     11 4267
      7 4268
     11 4269
      9 4270
      9 4271
     13 4272
      9 4273
      8 4274
      8 4275
      8 4276
      8 4277
      6 4278
      9 4279
      9 4280
     15 4281
     10 4282
      7 4283
     15 4284
      9 4285
     10 4286
     13 4287
     10 4288
      6 4289
      8 4290
     10 4291
     14 4292
     10 4293
      9 4294
      4 4295
     19 4296
      6 4297
      8 4298
      4 4299
      8 4300
     10 4301
     10 4302
      9 4303
      7 4304
      5 4305
      8 4306
     11 4307
     11 4308
     14 4309
      8 4310
      4 4311
      9 4312
      7 4313
     13 4314
      4 4315
     13 4316
      6 4317
      8 4318
      4 4319
      4 4320
     10 4321
      8 4322
     15 4323
      4 4324
      4 4325
     12 4326
     10 4327
     10 4328
      8 4329
     17 4330
      7 4331
      2 4332
      9 4333
      4 4334
      8 4335
     11 4336
     12 4337
     12 4338
      7 4339
      8 4340
      5 4341
      5 4342
      7 4343
     13 4344
      8 4345
      9 4346
      9 4347
     10 4348
      5 4349
      9 4350
      6 4351
      6 4352
      5 4353
      9 4354
      6 4355
      9 4356
      6 4357
     12 4358
      6 4359
      4 4360
      9 4361
      9 4362
      9 4363
     10 4364
     13 4365
      9 4366
     12 4367
     17 4368
     11 4369
      3 4370
     13 4371
     13 4372
      6 4373
      8 4374
      7 4375
     11 4376
     15 4377
      4 4378
     12 4379
      6 4380
      7 4381
      7 4382
      6 4383
     11 4384
      9 4385
     10 4386
     12 4387
      9 4388
      8 4389
      7 4390
      4 4391
     12 4392
      6 4393
      9 4394
      9 4395
      4 4396
     15 4397
      7 4398
      5 4399
      8 4400
     11 4401
     12 4402
      6 4403
      8 4404
     13 4405
     10 4406
     11 4407
     17 4408
      7 4409
     11 4410
      9 4411
      7 4412
      6 4413
      8 4414
     13 4415
      4 4416
     10 4417
      8 4418
      7 4419
     19 4420
      5 4421
     10 4422
      9 4423
      6 4424
      9 4425
     12 4426
     10 4427
     11 4428
      5 4429
      5 4430
      8 4431
     10 4432
     11 4433
     12 4434
      8 4435
     11 4436
     12 4437
     10 4438
     11 4439
     14 4440
     15 4441
      7 4442
      6 4443
      6 4444
      6 4445
      9 4446
      9 4447
      8 4448
     10 4449
     11 4450
      6 4451
      7 4452
      7 4453
     11 4454
      9 4455
      6 4456
     15 4457
     12 4458
      4 4459
     13 4460
      9 4461
      9 4462
     13 4463
      8 4464
     15 4465
      9 4466
     11 4467
      3 4468
     10 4469
      8 4470
      7 4471
      9 4472
     10 4473
      5 4474
     12 4475
      6 4476
     11 4477
      7 4478
      9 4479
      8 4480
      8 4481
     12 4482
      8 4483
     10 4484
      8 4485
     10 4486
      7 4487
      9 4488
      7 4489
      8 4490
      9 4491
     12 4492
      8 4493
      6 4494
      4 4495
      9 4496
      6 4497
     11 4498
      8 4499
      4 4500
     12 4501
     12 4502
     13 4503
     11 4504
      9 4505
      9 4506
      8 4507
      6 4508
      8 4509
     15 4510
      7 4511
      2 4512
      5 4513
     12 4514
      2 4515
     11 4516
      9 4517
      7 4518
      6 4519
      7 4520
      9 4521
      2 4522
      8 4523
      4 4524
     11 4525
     13 4526
     14 4527
     10 4528
      6 4529
     10 4530
      7 4531
     11 4532
     12 4533
      8 4534
     10 4535
      7 4536
     12 4537
      7 4538
      8 4539
      7 4540
      9 4541
      7 4542
      8 4543
     12 4544
      6 4545
      8 4546
      4 4547
      4 4548
      5 4549
     15 4550
      7 4551
      7 4552
      6 4553
     16 4554
      8 4555
      7 4556
     12 4557
      7 4558
      7 4559
      9 4560
      7 4561
      3 4562
     11 4563
      6 4564
      8 4565
      5 4566
      6 4567
      5 4568
      8 4569
      8 4570
      8 4571
      6 4572
      9 4573
     11 4574
      9 4575
      7 4576
      5 4577
      9 4578
      6 4579
      7 4580
     10 4581
      9 4582
      5 4583
     12 4584
     10 4585
      8 4586
      2 4587
     10 4588
      9 4589
      9 4590
      8 4591
      9 4592
      9 4593
      6 4594
      6 4595
      8 4596
      6 4597
      5 4598
      5 4599
      5 4600
      8 4601
      6 4602
      6 4603
      5 4604
      8 4605
      4 4606
     13 4607
      8 4608
      8 4609
      5 4610
      6 4611
      8 4612
      8 4613
     12 4614
      8 4615
      8 4616
      7 4617
     11 4618
     10 4619
      8 4620
      5 4621
      5 4622
      6 4623
     11 4624
      8 4625
     12 4626
      2 4627
      9 4628
      5 4629
      6 4630
      7 4631
      4 4632
      8 4633
      6 4634
      3 4635
     10 4636
      7 4637
      8 4638
      5 4639
      7 4640
      3 4641
      7 4642
      5 4643
     11 4644
      3 4645
      6 4646
      3 4647
     12 4648
     11 4649
      9 4651
      9 4652
     10 4653
      5 4654
      6 4655
     12 4656
      7 4657
      2 4658
      5 4659
     10 4660
     15 4661
      5 4662
      7 4663
      5 4664
      4 4665
      6 4666
      6 4667
      8 4668
     13 4669
      8 4670
     10 4671
      7 4672
      7 4673
      5 4674
      5 4675
      7 4676
     11 4677
      6 4678
      8 4679
     10 4680
      3 4681
      6 4682
      8 4683
      6 4684
      5 4685
      4 4686
      9 4687
      8 4688
      4 4689
      7 4690
      8 4691
      8 4692
      6 4693
      7 4694
      6 4695
      6 4696
     12 4697
     11 4698
      9 4699
      4 4700
      9 4701
      7 4702
      5 4703
     10 4704
      6 4705
      8 4706
      9 4707
      7 4708
      6 4709
      5 4710
      6 4711
      7 4712
      3 4713
      8 4714
      6 4715
      8 4716
      7 4717
      8 4718
      8 4719
      2 4720
      5 4721
      5 4722
      7 4723
      6 4724
      8 4725
      6 4726
      5 4727
      3 4728
      2 4729
      1 4730
      6 4731
      5 4732
      9 4733
      4 4734
      7 4735
     10 4736
      8 4737
      8 4738
      4 4739
      7 4740
      7 4741
      6 4742
      7 4743
      6 4744
      4 4745
      8 4746
      6 4747
     11 4748
      6 4749
      4 4750
      8 4751
      5 4752
      7 4753
      3 4754
      8 4755
      6 4756
     13 4757
     11 4758
      6 4759
      9 4760
      8 4761
      2 4762
      8 4763
      9 4764
      4 4765
      8 4766
     14 4767
      4 4768
      6 4769
      6 4770
      6 4771
      6 4772
      7 4773
      8 4774
      5 4775
      5 4776
      3 4777
      5 4778
      3 4779
      5 4780
      8 4781
      6 4782
      4 4783
      6 4784
      9 4785
      9 4786
      9 4787
      8 4788
      2 4789
      4 4790
      7 4791
      6 4792
      2 4793
      6 4794
      7 4795
      7 4796
      6 4797
      7 4798
      4 4799
      4 4800
      4 4801
      6 4802
      9 4803
      8 4804
      5 4805
      2 4806
      3 4807
      6 4808
      9 4809
      7 4810
      5 4811
      6 4812
      3 4813
      6 4814
      5 4815
      7 4816
      4 4817
      5 4818
      5 4819
      5 4820
      6 4821
      5 4822
      5 4823
      6 4824
      6 4825
      6 4826
      5 4827
      5 4828
      3 4829
     11 4830
      3 4831
      8 4832
      5 4833
      3 4834
      9 4835
      6 4836
      9 4837
      3 4838
      3 4839
      4 4840
      8 4841
     15 4842
      2 4843
      8 4844
      5 4845
      1 4846
      6 4847
      5 4848
      5 4849
      9 4850
      2 4851
      5 4852
      7 4853
      6 4854
     10 4855
     12 4856
     11 4857
      2 4858
      7 4859
      6 4860
      5 4861
      8 4862
      5 4863
      1 4864
     10 4865
      7 4866
      8 4867
      5 4868
      4 4869
      7 4870
     10 4871
     11 4872
      2 4873
      7 4874
      5 4875
      3 4876
      2 4877
      6 4878
      7 4879
      9 4880
      4 4881
      5 4882
      8 4883
      7 4884
      5 4885
      6 4886
      6 4887
      4 4888
      4 4889
      4 4890
      6 4891
      3 4892
      4 4893
      6 4894
      6 4895
      7 4896
      6 4897
      6 4898
      4 4899
      4 4900
      7 4901
      3 4902
      7 4903
      9 4904
      9 4905
      3 4906
      6 4907
      3 4908
      5 4909
      4 4910
      5 4911
      7 4912
      4 4913
      7 4914
      3 4915
      4 4916
      4 4917
      3 4918
      9 4919
      5 4920
      3 4921
      5 4922
      7 4923
      6 4924
      4 4925
      4 4926
      7 4927
      4 4928
      8 4929
      6 4930
      9 4931
     11 4932
     10 4933
      7 4934
      4 4935
      5 4936
      7 4937
      4 4938
      3 4939
      3 4940
      7 4941
      3 4942
      5 4943
      4 4944
      5 4945
      3 4946
      4 4947
      5 4948
      4 4949
      5 4950
      5 4952
      7 4953
      6 4954
      4 4955
      5 4956
      3 4957
      8 4958
      8 4959
      5 4960
      5 4961
      2 4962
      5 4963
      2 4964
      5 4965
      7 4966
      4 4967
      2 4968
      5 4969
      5 4970
      6 4971
      5 4972
      4 4973
      6 4974
      8 4975
      4 4976
      2 4977
      5 4978
      7 4979
      6 4980
     10 4981
      3 4982
      7 4983
      3 4984
      3 4985
      2 4986
      6 4987
      4 4988
      6 4989
      6 4990
      5 4991
      6 4992
      3 4993
      4 4995
      4 4996
      3 4997
      9 4998
      7 4999
      6 5000
      4 5001
      7 5002
      7 5003
      8 5004
      6 5005
      2 5006
      4 5007
      2 5008
      4 5009
      3 5010
      4 5011
      4 5012
      2 5013
      4 5014
      8 5015
      2 5016
      5 5017
      7 5018
      8 5019
      7 5020
      2 5021
      3 5022
      6 5023
      6 5024
      6 5025
      4 5026
      4 5027
      5 5028
      7 5029
      2 5030
      5 5031
      4 5032
      4 5033
      4 5034
      4 5035
      2 5036
      3 5037
      4 5038
      5 5039
      7 5040
      4 5041
      7 5042
      1 5043
     10 5044
      5 5045
      2 5046
      7 5047
      1 5048
      5 5049
      9 5050
      4 5051
      4 5052
      3 5053
      7 5054
     10 5055
      4 5056
     10 5057
      3 5058
      5 5059
      6 5060
      3 5061
      6 5062
      5 5063
      3 5064
      2 5065
      9 5066
      4 5067
      9 5068
      2 5069
      7 5070
      2 5071
      3 5072
      9 5073
      5 5074
      4 5075
      4 5076
      6 5077
      2 5078
      2 5079
      6 5080
      5 5081
      4 5082
      4 5083
      4 5084
      2 5085
      5 5086
      2 5087
      8 5088
      9 5089
      5 5090
      7 5091
      5 5092
      4 5093
      1 5094
      1 5095
      5 5096
      3 5097
      8 5098
      6 5099
      6 5100
      7 5101
      2 5102
      5 5103
      6 5104
      4 5105
      4 5106
      6 5107
      5 5108
      6 5109
      3 5110
      4 5111
      6 5112
      8 5113
      9 5114
      3 5115
      8 5116
      3 5117
      5 5118
      2 5119
      4 5120
      9 5121
      8 5122
      8 5123
      4 5124
      2 5125
      6 5126
      3 5127
      4 5128
      1 5129
      5 5130
      3 5131
      5 5132
      6 5133
      2 5134
      6 5135
      6 5136
      6 5137
      4 5138
      5 5139
      5 5140
      2 5141
      3 5142
      7 5143
      5 5144
      8 5145
      6 5146
      3 5147
      4 5148
      3 5149
      2 5150
      2 5151
      7 5152
      9 5153
      6 5154
      5 5155
      3 5156
      3 5157
      8 5158
      5 5159
      4 5160
      2 5161
      8 5162
      7 5163
      4 5164
      5 5165
      4 5166
      5 5167
      7 5168
      6 5169
      4 5170
      7 5171
      7 5172
      9 5173
      6 5174
      9 5175
      9 5176
      4 5177
      8 5178
      3 5179
      2 5180
      6 5181
      7 5182
      2 5183
      3 5184
      7 5185
      5 5186
      4 5187
      4 5188
      6 5189
      9 5190
      7 5191
      6 5192
      5 5193
      7 5194
      6 5195
      3 5196
      9 5197
      7 5198
      4 5199
      3 5200
      7 5201
      6 5202
      3 5204
      7 5205
      5 5206
      5 5207
      6 5208
      4 5209
      1 5210
      4 5211
      7 5212
      6 5213
     11 5214
      4 5215
      6 5216
      8 5217
      2 5218
      3 5219
      7 5220
      7 5221
      8 5222
      6 5223
      6 5224
      7 5225
     12 5226
      8 5227
      9 5228
      2 5229
      6 5230
     10 5231
      3 5232
      7 5233
      3 5234
      4 5235
      6 5236
      3 5237
      5 5238
      3 5239
      5 5240
      3 5241
      8 5242
      5 5243
      2 5244
      6 5245
      4 5246
      3 5247
      8 5248
      5 5249
      6 5250
      4 5251
      6 5252
      4 5253
      2 5254
      4 5255
      4 5256
      9 5257
      5 5258
      6 5259
      5 5260
      7 5261
      7 5262
      7 5263
      5 5264
      3 5265
      4 5266
      4 5267
      3 5268
      7 5269
      6 5270
      5 5271
      2 5272
     10 5273
      1 5274
      6 5275
      4 5276
      6 5277
      4 5278
      8 5279
      2 5280
      6 5281
      6 5282
      4 5283
      5 5284
      5 5285
      4 5286
      2 5287
      4 5288
      2 5289
      3 5290
      2 5291
      6 5293
      5 5294
      4 5295
      5 5296
      3 5297
      8 5298
      7 5299
      6 5300
      4 5301
      4 5302
      8 5303
      1 5304
      3 5305
      5 5306
      7 5307
      3 5308
      4 5309
      5 5310
      4 5311
      6 5313
      3 5314
      4 5315
      6 5316
      6 5317
      2 5318
      9 5319
      9 5320
      4 5321
      6 5322
      5 5323
      9 5324
      7 5325
      4 5326
      7 5327
      7 5328
      2 5329
      3 5330
      2 5331
      8 5332
      3 5333
      3 5334
      4 5335
      6 5336
      4 5337
      5 5339
      8 5340
      7 5341
      2 5342
      5 5343
      4 5344
      5 5345
      1 5346
      3 5347
      3 5348
      4 5349
      3 5350
      5 5351
      2 5352
      2 5353
      4 5354
      5 5355
      7 5356
      5 5357
      6 5358
      2 5359
      4 5360
      4 5361
      5 5362
      2 5363
      2 5364
      3 5365
      9 5366
      4 5367
      6 5368
      4 5369
      2 5370
      2 5371
      7 5372
      4 5373
      1 5374
      3 5375
      3 5376
      2 5377
      6 5378
      5 5379
      7 5380
      3 5381
      6 5382
      4 5383
      3 5384
      1 5385
      3 5386
      7 5387
      6 5389
      3 5390
      3 5391
      5 5392
      2 5393
      2 5394
      4 5395
      2 5396
      2 5397
      8 5398
      1 5399
      7 5400
      1 5401
      5 5402
      5 5403
      9 5405
      3 5406
      2 5407
      7 5408
      7 5409
      5 5410
      5 5411
      5 5412
      3 5413
      1 5414
      7 5415
      3 5416
      4 5417
      6 5418
      6 5419
      3 5420
      6 5421
      4 5422
      3 5423
      1 5424
      1 5425
      3 5426
      3 5427
      3 5428
      4 5429
      6 5430
      2 5431
      3 5432
      2 5433
      4 5434
      3 5435
      5 5436
      1 5437
      6 5438
      9 5439
      4 5440
      4 5441
      3 5442
      2 5443
      4 5444
      1 5445
      3 5446
      4 5447
      4 5448
      5 5449
      8 5450
      2 5451
      4 5452
      6 5453
      2 5454
      4 5455
      5 5456
      5 5457
      4 5458
      4 5459
      3 5460
      4 5461
      8 5462
      4 5463
      5 5464
      7 5465
      6 5466
      1 5467
      4 5468
      6 5469
      6 5470
      7 5472
      3 5473
      4 5474
      2 5475
      2 5476
      3 5477
      8 5478
      5 5479
     11 5480
      7 5481
      4 5482
      4 5483
      1 5484
      3 5485
      6 5486
      6 5487
      7 5488
      3 5489
     11 5490
      6 5491
      3 5492
      4 5493
      2 5494
      7 5495
      3 5496
      4 5497
      4 5498
      3 5499
      5 5500
      8 5501
      2 5502
      5 5503
      3 5504
      1 5505
      2 5506
      2 5507
      3 5508
      3 5509
      1 5510
      5 5511
      5 5512
      6 5513
      4 5515
      6 5516
      4 5517
      3 5518
      1 5519
      6 5520
      3 5521
      6 5522
      4 5523
      5 5524
      5 5525
      3 5526
      2 5527
      6 5528
      3 5529
      3 5530
      7 5531
      9 5532
      3 5534
      5 5535
      6 5536
      1 5537
      5 5538
      2 5539
      3 5540
      8 5541
      4 5542
      7 5543
      2 5544
      4 5545
      4 5546
      5 5547
      3 5548
      9 5549
      3 5550
      8 5551
      2 5552
      1 5553
      3 5554
      3 5555
      4 5556
      5 5557
      2 5558
      3 5559
      5 5560
      2 5561
      4 5562
      4 5563
      5 5564
      2 5565
      2 5566
      3 5567
      6 5568
      5 5569
      3 5570
      3 5571
      6 5572
      3 5573
      4 5574
      4 5575
      6 5576
      4 5577
      6 5578
      3 5579
      7 5580
      6 5581
      5 5582
      5 5583
      5 5584
      2 5585
      3 5586
      6 5587
      5 5588
      6 5589
      5 5590
      4 5591
      2 5592
      6 5593
      6 5594
      5 5595
      3 5596
      5 5597
      6 5598
      3 5599
      3 5600
      5 5601
      5 5602
      7 5603
      5 5604
      6 5605
      4 5606
      7 5607
      4 5608
      7 5609
      6 5610
      6 5611
      5 5612
      6 5613
      2 5614
      4 5615
      7 5616
      4 5617
      4 5618
      4 5619
      3 5620
      6 5621
      6 5622
      6 5623
      5 5624
      5 5625
      3 5626
      1 5627
      5 5628
      6 5629
      3 5630
      5 5631
      1 5632
      6 5633
      4 5634
      4 5635
      7 5636
      8 5637
      6 5638
      1 5639
     10 5640
      5 5641
      7 5642
      3 5643
      5 5644
      5 5645
      2 5646
      9 5647
      3 5648
      3 5649
      2 5650
      4 5651
      6 5652
      4 5653
      4 5654
      1 5655
      4 5656
      5 5657
      5 5658
      6 5659
      3 5660
      4 5661
      4 5662
      2 5663
      5 5664
      2 5665
      3 5666
      8 5667
      1 5668
      5 5669
      4 5670
      4 5671
      5 5672
      8 5673
      4 5674
      2 5675
      3 5676
      6 5677
      3 5678
      6 5679
      6 5680
      3 5681
      4 5682
      4 5683
      3 5684
      5 5685
      3 5686
      4 5687
      3 5688
      6 5689
      6 5690
      6 5691
      6 5692
      6 5693
      4 5694
      3 5695
      5 5696
      2 5697
      7 5698
      1 5699
      6 5700
      5 5701
      6 5702
      3 5703
      2 5704
      6 5705
      4 5706
      5 5707
      1 5708
      7 5709
      2 5710
      3 5711
      2 5712
      4 5713
      3 5714
      4 5715
      4 5716
      5 5717
      7 5718
      5 5719
      3 5720
      3 5721
      2 5722
      3 5723
      3 5724
      5 5725
      2 5726
      5 5727
      5 5728
      4 5729
      5 5730
      5 5731
      7 5732
      5 5733
      5 5734
      3 5735
      8 5736
      6 5737
      4 5738
      1 5739
      2 5740
      2 5741
      5 5742
      6 5743
      3 5744
      3 5745
      4 5746
      6 5747
      6 5748
      1 5749
      3 5750
      9 5751
      2 5752
      1 5753
      3 5754
      7 5755
      2 5756
      4 5757
      3 5758
      3 5759
      7 5760
      4 5761
      2 5762
      8 5763
      3 5764
      6 5765
      6 5766
      6 5767
      6 5768
      2 5769
      3 5770
      1 5771
      5 5772
      3 5773
      6 5774
      2 5775
      2 5776
      5 5777
      4 5778
      5 5779
      4 5780
      6 5781
      2 5782
      2 5783
      2 5784
      1 5785
      3 5786
      2 5787
      3 5788
      5 5789
      4 5790
      2 5791
      2 5792
      6 5793
      2 5794
      7 5795
      4 5796
      4 5798
      1 5799
      3 5800
      3 5801
      3 5802
      3 5803
      3 5804
      1 5805
      4 5806
      7 5807
      5 5808
      2 5809
      4 5810
      7 5811
      2 5812
      3 5813
      4 5814
      9 5815
      3 5816
      7 5817
      4 5818
      3 5819
      2 5820
      1 5821
      5 5822
      3 5823
      4 5824
      3 5825
      4 5826
      3 5827
      1 5828
      3 5830
      3 5831
      2 5832
      2 5833
      1 5834
      3 5835
      3 5836
      2 5837
      2 5838
      1 5839
      1 5840
      5 5841
      4 5842
      4 5843
      3 5844
      2 5845
      1 5846
      3 5847
      2 5848
      2 5849
      4 5850
      3 5851
      4 5852
      5 5853
      4 5854
      3 5855
      4 5856
      3 5858
      4 5859
      3 5860
      6 5861
      3 5862
      1 5863
      4 5867
      4 5868
      3 5869
      3 5870
      1 5871
      2 5872
      2 5874
      5 5875
      6 5876
      2 5877
      6 5878
      1 5879
      3 5880
      3 5881
      2 5882
      1 5883
      2 5884
      5 5885
      2 5886
      4 5887
      5 5888
      4 5889
      3 5890
      1 5891
      5 5892
      3 5893
      3 5894
      2 5895
      1 5896
      7 5897
      7 5898
      2 5899
      3 5900
      3 5901
      6 5902
      5 5903
      4 5904
      3 5905
      2 5906
      4 5907
      2 5908
      4 5909
      3 5910
      6 5911
      2 5912
      5 5914
      4 5915
      4 5916
      3 5917
      6 5918
      4 5919
      3 5920
      1 5921
      5 5922
      3 5923
      3 5924
      2 5925
      1 5926
      2 5927
      6 5928
      3 5929
      4 5930
      7 5931
      5 5932
      3 5933
      3 5934
      3 5935
      4 5936
      2 5937
      4 5938
      1 5939
      2 5940
      4 5941
      3 5942
      1 5943
      4 5944
      4 5945
      4 5946
      3 5947
      3 5948
      3 5949
      3 5950
      6 5951
      4 5952
      4 5953
      4 5955
      5 5956
      3 5957
      1 5958
      1 5959
      2 5960
      3 5961
      4 5962
      2 5963
      6 5964
      6 5965
      2 5966
      3 5967
      3 5968
      4 5969
      3 5970
      1 5971
      4 5972
      7 5973
      1 5974
      2 5975
      3 5976
      2 5977
      1 5978
      8 5979
      2 5980
      6 5981
      1 5982
      2 5983
      3 5984
      2 5985
      3 5986
      2 5987
      5 5988
      6 5989
      3 5990
      3 5991
      4 5992
      6 5993
      7 5994
      1 5995
      1 5996
      2 5997
      6 5998
      5 5999
      6 6000
      5 6001
      2 6002
      2 6003
      2 6004
      2 6005
      4 6006
      5 6007
      3 6008
      5 6010
      1 6011
      1 6012
      1 6013
      2 6014
      5 6015
      3 6016
      4 6017
      5 6018
      3 6019
      1 6020
      1 6021
      4 6022
      2 6023
      4 6024
      2 6025
      2 6026
      4 6027
      2 6028
      6 6029
      3 6030
      7 6031
      3 6032
      2 6033
      4 6034
      5 6035
      4 6036
      4 6037
      4 6038
      3 6039
      4 6040
      1 6041
      2 6042
      3 6043
      5 6044
      2 6045
      3 6046
      1 6047
      3 6049
      2 6050
      3 6051
      4 6052
      1 6053
      3 6054
      2 6055
      4 6056
      1 6057
      4 6058
      4 6059
      1 6060
      2 6061
      5 6062
      5 6063
      4 6064
      2 6065
      3 6066
      2 6067
      2 6068
      1 6069
      3 6070
      2 6071
      3 6072
      5 6073
      3 6074
      2 6075
      2 6076
      6 6077
      1 6078
      4 6079
      2 6080
      2 6081
      3 6082
      1 6083
      3 6084
      2 6085
      3 6086
      6 6087
      5 6088
      1 6089
      2 6090
      5 6091
      4 6093
      4 6094
      3 6096
      2 6097
      2 6098
      5 6099
      3 6100
      2 6102
      4 6103
      4 6104
      2 6105
      3 6106
      4 6107
      3 6108
      1 6109
      2 6110
      4 6111
      1 6112
      4 6113
      1 6114
      3 6115
      2 6116
      2 6117
      3 6118
      5 6119
      4 6120
      1 6121
      1 6122
      3 6124
      2 6125
      2 6126
      1 6127
      4 6128
      5 6129
      2 6130
      5 6131
      2 6132
      1 6133
      2 6134
      2 6135
      2 6136
      1 6137
      3 6138
      2 6139
      2 6140
      1 6141
      4 6142
      2 6143
      1 6144
      5 6145
      2 6146
      2 6148
      2 6149
      2 6150
      2 6151
      3 6152
      5 6153
      3 6155
      4 6156
      5 6157
      2 6158
      4 6159
      2 6160
      4 6161
      2 6163
      3 6164
      6 6165
      5 6166
      4 6167
      3 6169
      4 6170
      3 6171
      1 6172
      2 6173
      3 6175
      3 6176
      4 6177
      5 6178
      5 6179
      4 6180
      3 6181
      6 6182
      1 6183
      5 6184
      4 6185
      3 6186
      2 6187
     10 6188
      5 6189
      3 6190
      2 6191
      2 6192
      2 6193
      3 6194
      4 6195
      1 6196
      1 6197
      2 6198
      2 6199
      7 6200
      6 6201
      2 6202
      6 6203
      2 6204
      3 6205
      9 6206
      3 6207
      6 6208
      3 6209
      6 6210
      6 6211
      7 6212
      1 6213
      5 6214
      2 6215
      6 6216
      3 6217
      1 6218
      4 6219
      1 6221
      1 6222
      3 6223
      2 6224
      5 6225
      3 6226
      4 6227
      4 6228
      2 6229
      2 6230
      4 6231
      2 6232
      6 6233
      5 6234
      5 6235
      2 6236
      5 6237
      5 6238
      4 6239
      5 6240
      4 6241
      5 6242
      1 6243
      3 6244
      4 6245
      1 6246
      3 6247
      4 6248
      4 6249
      5 6250
      7 6251
      3 6252
      2 6253
      4 6255
      3 6256
      6 6257
      5 6258
      3 6259
      6 6260
      3 6261
      1 6262
      3 6263
      5 6264
      4 6265
      1 6266
      3 6267
      3 6268
      5 6269
      2 6271
      6 6272
      3 6273
      2 6274
      2 6275
      3 6276
      3 6277
      3 6278
      2 6279
      4 6280
      2 6281
      2 6282
      3 6283
      3 6284
      1 6285
      5 6286
      6 6287
      4 6288
      2 6289
      3 6290
      2 6291
      5 6292
      4 6293
      4 6294
      8 6295
      4 6296
      4 6297
      3 6298
      2 6299
      2 6300
      1 6301
      5 6302
      2 6303
      3 6304
      3 6305
      7 6307
      1 6308
      5 6309
      2 6310
      1 6311
      4 6312
      7 6313
      4 6314
      2 6315
      1 6316
      6 6317
      5 6318
      1 6320
      2 6321
      3 6322
      4 6323
      3 6324
      1 6325
      2 6326
      3 6327
      3 6328
      2 6329
      5 6330
      5 6331
      3 6332
      1 6333
      5 6334
      1 6335
      3 6336
      2 6337
      2 6338
      4 6339
      5 6340
      2 6341
      7 6342
      3 6343
      4 6344
      2 6345
      4 6346
      3 6347
      2 6348
      2 6349
      1 6351
      3 6352
      4 6353
      3 6355
      3 6356
      3 6357
      2 6358
      4 6359
      2 6360
      3 6361
      2 6362
      6 6363
      1 6364
      3 6365
      2 6366
      2 6367
      3 6368
      2 6369
      5 6370
      5 6371
      6 6372
      4 6373
      4 6374
      2 6376
      3 6377
      2 6378
      1 6379
      1 6380
      4 6381
      4 6382
      2 6383
      3 6384
      2 6385
      2 6386
      2 6387
      2 6388
      4 6389
      3 6390
      1 6391
      5 6392
      4 6393
      4 6394
      2 6395
      2 6396
      1 6397
      2 6398
      6 6399
      5 6400
      3 6401
      4 6402
      1 6404
      6 6405
      2 6406
      4 6407
      1 6408
      2 6409
      4 6410
      5 6411
      2 6412
      2 6413
      3 6414
      3 6415
      1 6416
      3 6418
      2 6419
      1 6421
      1 6422
      4 6423
      3 6424
      3 6425
      3 6426
      4 6427
      2 6428
      3 6429
      1 6430
      3 6431
      3 6432
      4 6433
      6 6434
      4 6435
      8 6436
      1 6437
      5 6438
      3 6439
      3 6440
      3 6441
      4 6442
      3 6443
      4 6444
      4 6445
      1 6446
      1 6447
      1 6448
      5 6449
      5 6450
      3 6451
      2 6452
      1 6453
      1 6454
      5 6455
      2 6456
      4 6457
      5 6458
      1 6460
      6 6461
      6 6462
      2 6463
      1 6464
      5 6465
      1 6466
      4 6467
      7 6468
      4 6469
      3 6470
      4 6471
      6 6472
      4 6473
      1 6474
      4 6475
      5 6476
      5 6477
      4 6478
      2 6479
      2 6480
      3 6481
      3 6482
      2 6483
      7 6484
      3 6485
      2 6486
      9 6487
      3 6488
      1 6489
      3 6490
      3 6491
      6 6492
      3 6493
      6 6494
      2 6495
      2 6496
      4 6497
      2 6498
      2 6499
      5 6500
      6 6501
      3 6502
      7 6503
      2 6504
      1 6505
      3 6506
      2 6507
      5 6508
      2 6509
      3 6510
      1 6511
      4 6512
      3 6513
      2 6515
      4 6517
      9 6518
      3 6519
      3 6520
      5 6521
      6 6522
      2 6523
      4 6524
      5 6527
      3 6528
      1 6529
      3 6530
      1 6531
      3 6532
      4 6533
      2 6534
      3 6535
      6 6536
      2 6537
      1 6538
      2 6539
      4 6540
      2 6541
      1 6542
      4 6543
      3 6544
      2 6545
      4 6546
      4 6547
      2 6548
      4 6549
      4 6550
      2 6551
      2 6552
      4 6553
      5 6554
      4 6555
      3 6556
      2 6557
      1 6558
      6 6559
      1 6560
      1 6561
      4 6562
      1 6563
      2 6564
      2 6565
      2 6566
      3 6567
      3 6568
      3 6570
      1 6571
      2 6572
      3 6573
      3 6574
      2 6575
      6 6576
      4 6577
      5 6578
      2 6579
      8 6580
      4 6581
      1 6582
      2 6583
      2 6584
      2 6585
      4 6586
      2 6587
      1 6588
      2 6589
      3 6590
      2 6591
      3 6592
      2 6593
      2 6594
      6 6595
      3 6596
      2 6597
      3 6598
      7 6599
      2 6600
      2 6601
      2 6602
      3 6603
      1 6604
      1 6605
      1 6606
      2 6608
      2 6610
      3 6611
      2 6612
      1 6613
      1 6614
      2 6615
      2 6616
      3 6617
      2 6619
      5 6620
      2 6621
      5 6622
      4 6623
      3 6624
      2 6625
      3 6626
      3 6627
      4 6628
      3 6629
      2 6630
      3 6631
      1 6632
      3 6633
      6 6634
      2 6636
      3 6637
      5 6638
      4 6639
      6 6640
      5 6641
      5 6642
      1 6643
      4 6644
      6 6645
      1 6646
      3 6647
      1 6648
      4 6649
      6 6650
      4 6651
      9 6652
      1 6653
      4 6654
      2 6655
      3 6656
      2 6657
      3 6658
      2 6659
      3 6660
      1 6661
      2 6662
      5 6663
      7 6664
      2 6665
      1 6666
      2 6667
      4 6668
      2 6669
      4 6670
      2 6671
      2 6672
      1 6673
      2 6674
      3 6675
      1 6676
      2 6677
      1 6678
      2 6679
      1 6680
      1 6681
      3 6682
      1 6684
      4 6685
      3 6686
      1 6687
      1 6688
      1 6689
      1 6690
      5 6691
      1 6692
      1 6694
      2 6695
      1 6696
      1 6697
      2 6698
      1 6699
      3 6700
      3 6701
      1 6702
      2 6703
      1 6704
      1 6705
      2 6707
      1 6709
      2 6710
      1 6711
      1 6713
      2 6715
      1 6716
      1 6717
      1 6718
      2 6720
      3 6721
      1 6722
      1 6723
      1 6724
      2 6725
      4 6726
      4 6727
      5 6729
      3 6731
      1 6732
      1 6733
      3 6734
      4 6735
      2 6736
      2 6737
      1 6738
      2 6739
      1 6740
      1 6741
      3 6742
      1 6743
      2 6745
      1 6746
      1 6747
      3 6748
      2 6749
      2 6750
      5 6751
      3 6752
      1 6753
      1 6754
      1 6755
      1 6756
      1 6757
      2 6758
      5 6759
      1 6761
      2 6762
      1 6763
      1 6764
      1 6765
      1 6766
      1 6767
      3 6768
      1 6769
      1 6771
      1 6772
      1 6774
      2 6775
      1 6776
      3 6777
      1 6779
      4 6780
      4 6781
      1 6783
      2 6784
      1 6785
      2 6787
      1 6788
      1 6789
      2 6790
      1 6791
      3 6792
      4 6794
      1 6796
      2 6799
      2 6800
      3 6802
      3 6803
      4 6806
      1 6807
      2 6808
      2 6811
      1 6812
      3 6813
      1 6815
      1 6817
      3 6818
      2 6819
      2 6820
      2 6821
      4 6822
      1 6823
      6 6824
      1 6825
      3 6826
      2 6827
      1 6828
      3 6830
      1 6831
      1 6832
      1 6833
      2 6834
      1 6835
      3 6836
      3 6837
      2 6840
      1 6841
      2 6842
      1 6843
      2 6844
      2 6845
      3 6847
      1 6849
      3 6850
      2 6851
      4 6853
      1 6854
      3 6857
      1 6858
      2 6859
      1 6860
      1 6861
      1 6862
      2 6863
      1 6864
      1 6865
      5 6866
      4 6867
      1 6868
      2 6869
      1 6870
      2 6871
      1 6874
      1 6875
      2 6876
      1 6877
      4 6878
      1 6879
      2 6880
      1 6882
      3 6883
      2 6884
      6 6885
      4 6886
      1 6889
      2 6890
      5 6891
      3 6892
      2 6893
      4 6894
      2 6895
      2 6896
      1 6897
      3 6900
      4 6901
      2 6902
      2 6903
      3 6904
      1 6905
      2 6906
      1 6907
      1 6908
      3 6909
      1 6910
      5 6911
      3 6912
      1 6913
      2 6914
      1 6915
      3 6916
      2 6917
      1 6918
      1 6919
      1 6920
      2 6921
      2 6923
      2 6926
      2 6927
      2 6928
      4 6929
      4 6930
      3 6931
      2 6932
      3 6933
      2 6934
      3 6936
      2 6937
      3 6938
      3 6939
      1 6940
      1 6941
      2 6942
      1 6943
      2 6944
      4 6945
      1 6946
      2 6947
      1 6948
      2 6949
      3 6950
      2 6952
      3 6954
      1 6957
      1 6958
      1 6960
      4 6961
      4 6962
      2 6964
      1 6966
      2 6967
      5 6968
      1 6970
      2 6971
      1 6972
      7 6973
      2 6974
      1 6975
      3 6976
      1 6978
      3 6979
      2 6980
      2 6981
      2 6982
      2 6983
      1 6984
      3 6985
      5 6986
      3 6987
      2 6988
      1 6989
      1 6990
      3 6991
      2 6993
      1 6994
      3 6996
      2 6997
      3 6998
      2 7000
      1 7001
      3 7002
      1 7003
      1 7004
      1 7005
      1 7006
      1 7008
      1 7009
      2 7010
      2 7011
      2 7012
      2 7014
      3 7016
      3 7017
      2 7019
      3 7020
      2 7021
      4 7024
      2 7026
      2 7027
      1 7028
      1 7029
      3 7030
      1 7032
      2 7033
      4 7035
      4 7036
      1 7037
      1 7038
      3 7040
      4 7041
      1 7044
      1 7045
      1 7046
      1 7047
      4 7048
      1 7049
      1 7050
      1 7051
      3 7052
      3 7053
      2 7055
      4 7058
      2 7059
      5 7061
      1 7063
      1 7064
      5 7065
      5 7068
      4 7069
      1 7070
      1 7072
      3 7073
      1 7075
      2 7076
      1 7079
      1 7082
      3 7083
      1 7086
      1 7087
      2 7088
      3 7089
      1 7090
      2 7091
      2 7092
      2 7093
      1 7094
      2 7095
      2 7096
      3 7097
      2 7098
      3 7099
      1 7100
      1 7102
      1 7103
      4 7105
      1 7107
      2 7108
      1 7110
      2 7111
      2 7112
      3 7113
      1 7115
      1 7117
      2 7118
      2 7119
      1 7121
      3 7122
      3 7123
      4 7125
      1 7126
      1 7128
      2 7129
      2 7130
      2 7132
      2 7134
      1 7135
      2 7137
      2 7138
      3 7139
      3 7140
      4 7141
      3 7142
      1 7144
      2 7145
      1 7146
      3 7147
      5 7148
      1 7149
      1 7150
      1 7151
      2 7152
      3 7153
      2 7154
      7 7155
      3 7157
      1 7158
      4 7160
      4 7161
      1 7162
      1 7164
      2 7165
      3 7166
      3 7167
      3 7169
      3 7170
      3 7171
      1 7172
      1 7173
      3 7174
      4 7176
      2 7177
      3 7178
      1 7182
      2 7183
      5 7184
      2 7185
      1 7186
      3 7187
      1 7188
      3 7190
      1 7192
      1 7193
      1 7195
      1 7197
      3 7198
      1 7199
      3 7200
      3 7201
      3 7202
      3 7203
      1 7208
      2 7209
      1 7210
      2 7211
      3 7212
      4 7213
      1 7215
      1 7216
      4 7217
      2 7218
      1 7219
      1 7220
      1 7222
      1 7223
      2 7224
      3 7225
      1 7226
      6 7227
      1 7228
      1 7229
      2 7230
      2 7231
      1 7233
      2 7234
      2 7235
      1 7236
      1 7240
      2 7241
      2 7242
      1 7243
      2 7244
      1 7245
      2 7246
      2 7247
      4 7248
      1 7249
      1 7250
      1 7251
      1 7253
      3 7256
      2 7257
      2 7258
      5 7259
      2 7260
      3 7261
      2 7262
      2 7263
      2 7264
      2 7266
      3 7269
      1 7271
      4 7272
      1 7273
      3 7274
      2 7275
      1 7277
      1 7278
      2 7279
      1 7280
      2 7281
      2 7282
      4 7283
      1 7284
      2 7285
      3 7286
      2 7287
      3 7288
      5 7289
      1 7290
      2 7291
      3 7292
      1 7293
      1 7294
      5 7295
      3 7296
      1 7298
      4 7299
      2 7301
      2 7302
      3 7303
      3 7304
      3 7305
      2 7306
      2 7307
      1 7308
      3 7309
      1 7310
      2 7311
      2 7312
      2 7313
      2 7314
      3 7315
      6 7316
      1 7317
      1 7318
      1 7319
      3 7320
      4 7321
      4 7322
      2 7323
      4 7324
      3 7325
      1 7326
      2 7327
      3 7328
      1 7329
      1 7330
      1 7331
      1 7332
      1 7333
      1 7334
      1 7335
      1 7337
      4 7338
      4 7339
      1 7340
      4 7341
      1 7342
      3 7343
      5 7345
      2 7346
      1 7348
      3 7349
      3 7350
      5 7351
      4 7352
      3 7353
      1 7354
      5 7355
      1 7356
      3 7357
      3 7359
      4 7361
      4 7362
      2 7363
      2 7364
      2 7365
      4 7366
      4 7367
      2 7368
      2 7369
      2 7370
      1 7372
      3 7373
      1 7374
      3 7375
      1 7376
      2 7377
      2 7378
      2 7379
      2 7380
      2 7381
      2 7382
      3 7383
      1 7384
      1 7386
      2 7387
      1 7388
      1 7389
      1 7390
      3 7391
      3 7392
      3 7393
      4 7394
      2 7395
      2 7396
      2 7397
      2 7399
      2 7400
      3 7402
      2 7403
      1 7404
      2 7406
      1 7409
      3 7412
      1 7414
      3 7416
      3 7417
      5 7418
      1 7419
      4 7420
      3 7421
      2 7422
      5 7423
      1 7424
      3 7425
      2 7426
      2 7427
      4 7428
      1 7429
      3 7430
      2 7432
      3 7433
      2 7435
      1 7436
      5 7437
      2 7438
      2 7439
      1 7440
      2 7441
      3 7442
      5 7443
      2 7444
      3 7445
      1 7446
      4 7447
      4 7448
      4 7449
      3 7450
      2 7451
      1 7452
      1 7453
      5 7454
      1 7455
      6 7456
      3 7457
      1 7458
      4 7459
      5 7460
      2 7461
      3 7462
      2 7463
      3 7464
      5 7465
      3 7466
      1 7467
      3 7468
      3 7469
      2 7470
      7 7471
      2 7472
      1 7473
      2 7474
      2 7475
      1 7476
      1 7478
      3 7479
      7 7480
      5 7481
      3 7483
      4 7484
      1 7485
      1 7486
      3 7487
      2 7488
      2 7489
      3 7490
      1 7491
      6 7492
      3 7493
      5 7494
      3 7495
      3 7496
      2 7497
      1 7498
      3 7499
      3 7500
      2 7501
      1 7502
      2 7503
      3 7504
      1 7505
      4 7506
      1 7507
      4 7508
      5 7509
      3 7510
      1 7511
      6 7512
      1 7513
      1 7514
      1 7515
      4 7517
      1 7518
      1 7519
      4 7520
      1 7521
      3 7522
      3 7523
      1 7524
      2 7525
      1 7526
      2 7527
      2 7528
      2 7529
      1 7530
      3 7531
      1 7532
      5 7533
      2 7534
      1 7535
      2 7536
      1 7537
      1 7538
      3 7539
      3 7540
      4 7541
      1 7542
      2 7543
      3 7544
      2 7545
      7 7546
      4 7547
      3 7548
      3 7549
      3 7550
      1 7552
      5 7554
      1 7555
      1 7556
      1 7557
      1 7558
      3 7560
      1 7562
      4 7563
      1 7564
      5 7565
      1 7566
      1 7567
      1 7568
      2 7569
      3 7570
      2 7571
      1 7572
      2 7573
      1 7574
      1 7575
      1 7579
      3 7580
      2 7581
      5 7583
      4 7584
      4 7585
      2 7586
      2 7587
      3 7588
      1 7589
      1 7590
      3 7591
      3 7592
      2 7593
      2 7596
      3 7597
      3 7598
      2 7599
      2 7600
      2 7602
      2 7603
      3 7604
      2 7605
      2 7606
      2 7607
      2 7608
      2 7609
      2 7610
      3 7611
      1 7612
      5 7613
      1 7614
      1 7615
      3 7616
      2 7617
      1 7619
      3 7620
      3 7621
      1 7622
      2 7623
      1 7624
      1 7625
      2 7626
      1 7627
      3 7628
      1 7629
      2 7630
      1 7632
      3 7633
      2 7634
      3 7635
      1 7636
      3 7637
      2 7638
      2 7639
      1 7640
      1 7641
      4 7642
      4 7643
      1 7644
      2 7645
      2 7646
      1 7648
      1 7649
      2 7650
      4 7651
      2 7652
      5 7653
      2 7654
      1 7655
      4 7656
      2 7657
      1 7658
      3 7659
      3 7660
      2 7661
      3 7662
      2 7663
      4 7664
      2 7665
      1 7666
      1 7667
      2 7668
      1 7669
      5 7670
      1 7671
      4 7672
      1 7673
      2 7675
      2 7676
      2 7677
      1 7678
      2 7680
      2 7681
      1 7682
      4 7683
      2 7684
      1 7685
      3 7686
      3 7687
      2 7688
      2 7689
      1 7690
      1 7691
      1 7692
      4 7693
      2 7694
      3 7695
      2 7697
      1 7698
      3 7700
      4 7701
      4 7702
      3 7703
      2 7704
      2 7705
      1 7706
      1 7707
      1 7709
      5 7710
      2 7711
      1 7712
      2 7713
      4 7714
      2 7715
      1 7716
      3 7717
      1 7718
      4 7719
      1 7720
      2 7721
      1 7722
      1 7724
      2 7725
      3 7726
      1 7727
      2 7728
      2 7729
      2 7730
      1 7732
      2 7733
      2 7734
      1 7737
      1 7739
      2 7740
      1 7741
      4 7742
      1 7743
      2 7744
      4 7745
      1 7746
      2 7748
      3 7749
      1 7750
      7 7751
      3 7752
      4 7753
      1 7754
      5 7755
      1 7756
      1 7757
      1 7758
      2 7759
      1 7760
      2 7762
      1 7765
      1 7766
      3 7768
      2 7769
      1 7770
      2 7771
      3 7772
      2 7773
      2 7774
      1 7775
      1 7776
      3 7777
      3 7778
      2 7779
      2 7780
      4 7781
      2 7782
      1 7783
      2 7784
      3 7786
      2 7787
      2 7788
      1 7789
      2 7790
      1 7791
      2 7792
      3 7793
      2 7794
      1 7795
      1 7797
      1 7798
      2 7799
      1 7800
      5 7801
      1 7802
      3 7803
      2 7804
      3 7805
      3 7806
      1 7807
      1 7808
      2 7809
      4 7810
      3 7812
      1 7813
      2 7814
      3 7815
      3 7816
      4 7817
      5 7819
      1 7820
      2 7821
      5 7822
      5 7823
      1 7824
      3 7826
      2 7827
      2 7828
      3 7829
      1 7830
      6 7831
      1 7832
      2 7833
      4 7834
      4 7835
      3 7836
      3 7837
      3 7839
      2 7840
      3 7841
      1 7842
      4 7843
      5 7844
      6 7845
      5 7846
      2 7847
      5 7848
      1 7849
      4 7851
      3 7852
      5 7853
      4 7854
      3 7855
      2 7856
      3 7858
      4 7859
      3 7860
      1 7861
      2 7862
      2 7863
      3 7864
      3 7865
      6 7866
      1 7867
      4 7868
      5 7869
      5 7870
      6 7871
      4 7872
      5 7873
      7 7874
      4 7875
      4 7876
      1 7877
      3 7878
      3 7879
      4 7880
      2 7881
      2 7882
      5 7883
      8 7884
      8 7885
      9 7886
      7 7887
      7 7888
     12 7889
      9 7890
      6 7891
      7 7892
      2 7893
      7 7894
     12 7895
      6 7896
      9 7897
      6 7898
      5 7899
      5 7900
      7 7901
      7 7902
      5 7903
     10 7904
      8 7905
      5 7906
      7 7907
     14 7908
     10 7909
     13 7910
      7 7911
      7 7912
     11 7913
      5 7914
      8 7915
     10 7916
     10 7917
     11 7918
     12 7919
     10 7920
      7 7921
      5 7922
      7 7923
      8 7924
     14 7925
      9 7926
      7 7927
      6 7928
      6 7929
     11 7930
      8 7931
      9 7932
      9 7933
      7 7934
     12 7935
     17 7936
      7 7937
      8 7938
     11 7939
     11 7940
      5 7941
     13 7942
      9 7943
     14 7944
     14 7945
     15 7946
     18 7947
     15 7948
     11 7949
     10 7950
     12 7951
     13 7952
     11 7953
      8 7954
     14 7955
     10 7956
     11 7957
     20 7958
     10 7959
     16 7960
     12 7961
     17 7962
     15 7963
     13 7964
     15 7965
      9 7966
      9 7967
     12 7968
     25 7969
      5 7970
     11 7971
     14 7972
     15 7973
     12 7974
     18 7975
     16 7976
     22 7977
     14 7978
     16 7979
      5 7980
      9 7981
     11 7982
      8 7983
     16 7984
     14 7985
      7 7986
     10 7987
     11 7988
     16 7989
     12 7990
      9 7991
     11 7992
     12 7993
      7 7994
      8 7995
      4 7996
      3 7997
      2 7998
      1 8000
      1 8001
      1 8002
      1 8003
      2 8004
      3 8005
      2 8006
      2 8007
      1 8008
      4 8009
      3 8010
      2 8011
      2 8012
      2 8013
      1 8014
