 206748 0
72434544 1
171662153 2
296872128 3
402132809 4
448869388 5
427023131 6
355324310 7
263292783 8
176434825 9
108230163 10
61492772 11
32814126 12
16742080 13
8342679 14
4212332 15
2239801 16
1323038 17
 882022 18
 648666 19
 518849 20
 431913 21
 367120 22
 316484 23
 276702 24
 248423 25
 223265 26
 199541 27
 177118 28
 158752 29
 144066 30
 131047 31
 119500 32
 108596 33
  98270 34
  89660 35
  81213 36
  73153 37
  67202 38
  61974 39
  58101 40
  52437 41
  48922 42
  45743 43
  41918 44
  38529 45
  36981 46
  35615 47
  33378 48
  31616 49
  30145 50
  29145 51
  28222 52
  26203 53
  24978 54
  25280 55
  24231 56
  23485 57
  22418 58
  21676 59
  20838 60
  20688 61
  19342 62
  19394 63
  18882 64
  17901 65
  16970 66
  16812 67
  16249 68
  15455 69
  15608 70
  14887 71
  14488 72
  14386 73
  14072 74
  13556 75
  13070 76
  13156 77
  12982 78
  12827 79
  12401 80
  11985 81
  11628 82
  11589 83
  11509 84
  11166 85
  11043 86
  10937 87
  10752 88
  10469 89
  10754 90
  10593 91
  10496 92
  10409 93
  10323 94
  10421 95
   9998 96
   9729 97
   9959 98
  10008 99
   9937 100
   9808 101
   9610 102
   9628 103
   9621 104
   9830 105
   9478 106
   9634 107
   9416 108
   9241 109
   9312 110
   9445 111
   9199 112
   9195 113
   9291 114
   8931 115
   9053 116
   9126 117
   9141 118
   9187 119
   9108 120
   8878 121
   8756 122
   8678 123
   8408 124
   8438 125
   8252 126
   8299 127
   8010 128
   7909 129
   7945 130
   7592 131
   7591 132
   7354 133
   7274 134
   7172 135
   6921 136
   7001 137
   6667 138
   6532 139
   6341 140
   5985 141
   5741 142
   5669 143
   5602 144
   5513 145
   5336 146
   5132 147
   5112 148
   5057 149
   4853 150
   4900 151
   4849 152
   4708 153
   4638 154
   4509 155
   4372 156
   4408 157
   4359 158
   4383 159
   4260 160
   4159 161
   4024 162
   3903 163
   4026 164
   3827 165
   3799 166
   3820 167
   3580 168
   3827 169
   3474 170
   3399 171
   3292 172
   3428 173
   3473 174
   3216 175
   3258 176
   3228 177
   3122 178
   3111 179
   3094 180
   3193 181
   3099 182
   2986 183
   2938 184
   2778 185
   2822 186
   2768 187
   2712 188
   2671 189
   2642 190
   2817 191
   2714 192
   2594 193
   2558 194
   2629 195
   2578 196
   2465 197
   2373 198
   2449 199
   2501 200
   2470 201
   2483 202
   2352 203
   2348 204
   2355 205
   2318 206
   2330 207
   2320 208
   2266 209
   2366 210
   2207 211
   2179 212
   2241 213
   2205 214
   2173 215
   2157 216
   2131 217
   2201 218
   2177 219
   2211 220
   2156 221
   2074 222
   2151 223
   2079 224
   2080 225
   2138 226
   1965 227
   2069 228
   2052 229
   1999 230
   1917 231
   1821 232
   1966 233
   1873 234
   1957 235
   1901 236
   1822 237
   1812 238
   1744 239
   1769 240
   1867 241
   1785 242
   1816 243
   1769 244
   1671 245
   1669 246
   1615 247
   1727 248
   1649 249
   1631 250
   1586 251
   1666 252
   1514 253
   1538 254
   1618 255
   1574 256
   1464 257
   1510 258
   1504 259
   1541 260
   1588 261
   1499 262
   1499 263
   1510 264
   1589 265
   1423 266
   1454 267
   1472 268
   1442 269
   1473 270
   1406 271
   1371 272
   1450 273
   1429 274
   1413 275
   1439 276
   1398 277
   1339 278
   1353 279
   1369 280
   1382 281
   1310 282
   1334 283
   1327 284
   1350 285
   1280 286
   1379 287
   1370 288
   1280 289
   1275 290
   1272 291
   1333 292
   1276 293
   1324 294
   1228 295
   1212 296
   1235 297
   1235 298
   1229 299
   1190 300
   1199 301
   1203 302
   1188 303
   1170 304
   1163 305
   1178 306
   1173 307
   1181 308
   1311 309
   1238 310
   1250 311
   1294 312
   1215 313
   1193 314
   1197 315
   1202 316
   1142 317
   1110 318
   1176 319
   1082 320
   1214 321
   1147 322
   1118 323
   1079 324
   1146 325
   1086 326
   1070 327
    997 328
   1088 329
   1028 330
   1011 331
    976 332
   1036 333
   1047 334
    984 335
   1030 336
    998 337
   1014 338
   1043 339
    936 340
   1032 341
    969 342
    990 343
    915 344
    969 345
    939 346
    960 347
   1008 348
    961 349
    935 350
    952 351
    911 352
    942 353
    908 354
    924 355
    912 356
    946 357
    885 358
    845 359
    822 360
    834 361
    855 362
    789 363
    835 364
    801 365
    844 366
    861 367
    823 368
    834 369
    776 370
    805 371
    778 372
    792 373
    776 374
    825 375
    836 376
    820 377
    762 378
    816 379
    778 380
    803 381
    786 382
    761 383
    838 384
    733 385
    768 386
    793 387
    724 388
    722 389
    716 390
    755 391
    722 392
    700 393
    720 394
    713 395
    676 396
    663 397
    693 398
    730 399
    713 400
    674 401
    622 402
    644 403
    702 404
    635 405
    662 406
    694 407
    687 408
    690 409
    722 410
    601 411
    753 412
    660 413
    652 414
    619 415
    651 416
    696 417
    609 418
    637 419
    651 420
    666 421
    651 422
    681 423
    641 424
    613 425
    611 426
    597 427
    606 428
    613 429
    580 430
    581 431
    593 432
    574 433
    607 434
    591 435
    544 436
    622 437
    636 438
    627 439
    608 440
    631 441
    621 442
    603 443
    620 444
    595 445
    610 446
    608 447
    562 448
    588 449
    536 450
    546 451
    542 452
    576 453
    515 454
    545 455
    540 456
    538 457
    524 458
    564 459
    569 460
    574 461
    559 462
    513 463
    500 464
    526 465
    537 466
    561 467
    523 468
    504 469
    509 470
    548 471
    512 472
    519 473
    484 474
    504 475
    486 476
    487 477
    526 478
    535 479
    519 480
    493 481
    523 482
    486 483
    482 484
    526 485
    513 486
    432 487
    469 488
    499 489
    510 490
    514 491
    506 492
    521 493
    482 494
    485 495
    459 496
    498 497
    465 498
    480 499
    445 500
    462 501
    474 502
    453 503
    422 504
    498 505
    476 506
    478 507
    481 508
    488 509
    461 510
    458 511
    431 512
    459 513
    440 514
    426 515
    434 516
    464 517
    425 518
    461 519
    442 520
    465 521
    487 522
    490 523
    492 524
    478 525
    431 526
    463 527
    461 528
    406 529
    440 530
    392 531
    443 532
    437 533
    426 534
    420 535
    433 536
    431 537
    457 538
    436 539
    364 540
    409 541
    418 542
    417 543
    423 544
    450 545
    390 546
    470 547
    395 548
    383 549
    406 550
    397 551
    427 552
    388 553
    412 554
    394 555
    372 556
    394 557
    377 558
    390 559
    405 560
    390 561
    382 562
    383 563
    416 564
    394 565
    411 566
    404 567
    399 568
    386 569
    410 570
    388 571
    357 572
    399 573
    333 574
    340 575
    362 576
    314 577
    336 578
    337 579
    371 580
    340 581
    369 582
    356 583
    367 584
    326 585
    341 586
    345 587
    353 588
    325 589
    331 590
    310 591
    325 592
    345 593
    333 594
    344 595
    330 596
    333 597
    320 598
    308 599
    326 600
    293 601
    302 602
    312 603
    327 604
    331 605
    293 606
    338 607
    340 608
    343 609
    300 610
    324 611
    327 612
    329 613
    357 614
    324 615
    324 616
    327 617
    327 618
    348 619
    313 620
    347 621
    370 622
    349 623
    351 624
    326 625
    331 626
    319 627
    318 628
    342 629
    333 630
    347 631
    302 632
    329 633
    328 634
    310 635
    316 636
    328 637
    324 638
    336 639
    314 640
    334 641
    339 642
    323 643
    319 644
    292 645
    322 646
    295 647
    314 648
    339 649
    300 650
    316 651
    336 652
    308 653
    340 654
    288 655
    344 656
    316 657
    326 658
    302 659
    325 660
    349 661
    330 662
    302 663
    285 664
    312 665
    326 666
    307 667
    302 668
    298 669
    300 670
    288 671
    293 672
    325 673
    298 674
    268 675
    270 676
    284 677
    295 678
    299 679
    291 680
    302 681
    254 682
    285 683
    283 684
    317 685
    292 686
    243 687
    263 688
    272 689
    299 690
    310 691
    304 692
    270 693
    301 694
    283 695
    329 696
    286 697
    277 698
    281 699
    299 700
    312 701
    308 702
    311 703
    309 704
    327 705
    313 706
    320 707
    275 708
    292 709
    289 710
    293 711
    275 712
    270 713
    280 714
    297 715
    282 716
    277 717
    290 718
    305 719
    287 720
    283 721
    284 722
    277 723
    303 724
    287 725
    283 726
    273 727
    285 728
    311 729
    241 730
    261 731
    280 732
    295 733
    258 734
    265 735
    283 736
    238 737
    261 738
    253 739
    260 740
    247 741
    227 742
    283 743
    257 744
    258 745
    258 746
    258 747
    263 748
    273 749
    255 750
    268 751
    260 752
    258 753
    272 754
    253 755
    252 756
    254 757
    254 758
    258 759
    237 760
    251 761
    249 762
    241 763
    239 764
    271 765
    220 766
    217 767
    254 768
    257 769
    256 770
    247 771
    257 772
    258 773
    239 774
    270 775
    248 776
    231 777
    226 778
    254 779
    239 780
    288 781
    255 782
    236 783
    267 784
    272 785
    216 786
    248 787
    232 788
    255 789
    251 790
    271 791
    246 792
    259 793
    242 794
    236 795
    255 796
    233 797
    239 798
    266 799
    256 800
    257 801
    271 802
    249 803
    247 804
    240 805
    233 806
    235 807
    226 808
    235 809
    249 810
    260 811
    261 812
    215 813
    228 814
    251 815
    262 816
    243 817
    216 818
    251 819
    248 820
    235 821
    241 822
    259 823
    242 824
    233 825
    259 826
    254 827
    233 828
    261 829
    242 830
    231 831
    266 832
    261 833
    273 834
    262 835
    263 836
    235 837
    255 838
    234 839
    231 840
    236 841
    237 842
    220 843
    284 844
    262 845
    247 846
    245 847
    254 848
    246 849
    243 850
    254 851
    254 852
    263 853
    235 854
    262 855
    244 856
    254 857
    243 858
    236 859
    240 860
    232 861
    237 862
    273 863
    226 864
    256 865
    244 866
    248 867
    260 868
    247 869
    260 870
    240 871
    251 872
    238 873
    237 874
    234 875
    248 876
    228 877
    242 878
    234 879
    241 880
    248 881
    251 882
    219 883
    202 884
    245 885
    219 886
    245 887
    222 888
    250 889
    211 890
    224 891
    238 892
    250 893
    225 894
    228 895
    211 896
    200 897
    215 898
    230 899
    209 900
    199 901
    227 902
    240 903
    256 904
    188 905
    222 906
    211 907
    224 908
    218 909
    204 910
    199 911
    199 912
    208 913
    221 914
    190 915
    220 916
    209 917
    206 918
    203 919
    214 920
    224 921
    228 922
    201 923
    180 924
    203 925
    204 926
    210 927
    220 928
    212 929
    183 930
    205 931
    201 932
    196 933
    205 934
    197 935
    203 936
    212 937
    187 938
    207 939
    188 940
    227 941
    215 942
    186 943
    183 944
    217 945
    229 946
    245 947
    210 948
    199 949
    209 950
    255 951
    223 952
    245 953
    228 954
    196 955
    198 956
    241 957
    206 958
    235 959
    216 960
    238 961
    235 962
    247 963
    222 964
    226 965
    236 966
    223 967
    224 968
    225 969
    232 970
    208 971
    186 972
    228 973
    232 974
    236 975
    192 976
    225 977
    181 978
    222 979
    223 980
    207 981
    216 982
    205 983
    214 984
    194 985
    211 986
    193 987
    244 988
    210 989
    186 990
    211 991
    204 992
    216 993
    214 994
    222 995
    236 996
    200 997
    210 998
    203 999
    221 1000
    216 1001
    222 1002
    223 1003
    223 1004
    214 1005
    214 1006
    204 1007
    189 1008
    211 1009
    205 1010
    225 1011
    239 1012
    240 1013
    234 1014
    211 1015
    212 1016
    205 1017
    203 1018
    223 1019
    175 1020
    212 1021
    190 1022
    203 1023
    203 1024
    211 1025
    176 1026
    178 1027
    214 1028
    199 1029
    203 1030
    215 1031
    211 1032
    225 1033
    208 1034
    192 1035
    196 1036
    211 1037
    194 1038
    202 1039
    185 1040
    194 1041
    174 1042
    187 1043
    216 1044
    215 1045
    214 1046
    191 1047
    187 1048
    191 1049
    180 1050
    202 1051
    174 1052
    206 1053
    207 1054
    160 1055
    189 1056
    181 1057
    168 1058
    170 1059
    178 1060
    172 1061
    175 1062
    167 1063
    178 1064
    169 1065
    174 1066
    172 1067
    170 1068
    163 1069
    169 1070
    184 1071
    189 1072
    156 1073
    153 1074
    170 1075
    161 1076
    169 1077
    182 1078
    180 1079
    167 1080
    179 1081
    173 1082
    171 1083
    168 1084
    177 1085
    194 1086
    181 1087
    166 1088
    181 1089
    169 1090
    164 1091
    180 1092
    195 1093
    174 1094
    167 1095
    182 1096
    175 1097
    181 1098
    176 1099
    147 1100
    196 1101
    168 1102
    169 1103
    167 1104
    181 1105
    183 1106
    175 1107
    185 1108
    162 1109
    192 1110
    175 1111
    150 1112
    150 1113
    166 1114
    160 1115
    165 1116
    168 1117
    145 1118
    150 1119
    143 1120
    176 1121
    162 1122
    187 1123
    164 1124
    166 1125
    171 1126
    137 1127
    137 1128
    130 1129
    141 1130
    139 1131
    132 1132
    146 1133
    136 1134
    137 1135
    131 1136
    134 1137
    157 1138
    148 1139
    138 1140
    141 1141
    127 1142
    152 1143
    149 1144
    138 1145
    157 1146
    142 1147
    142 1148
    137 1149
    135 1150
    145 1151
    146 1152
    141 1153
    132 1154
    139 1155
    116 1156
    141 1157
    134 1158
    142 1159
    137 1160
    167 1161
    127 1162
    141 1163
    139 1164
    136 1165
    135 1166
    129 1167
    145 1168
    148 1169
    144 1170
    138 1171
    167 1172
    132 1173
    136 1174
    137 1175
    142 1176
    128 1177
    144 1178
    146 1179
    133 1180
    133 1181
    127 1182
    132 1183
    127 1184
    121 1185
    153 1186
    135 1187
    148 1188
    147 1189
    133 1190
    118 1191
    112 1192
    134 1193
    139 1194
    123 1195
    134 1196
    135 1197
    116 1198
    151 1199
    124 1200
    128 1201
    124 1202
    138 1203
    119 1204
    128 1205
    112 1206
    105 1207
    135 1208
    120 1209
    149 1210
    119 1211
    118 1212
    131 1213
    140 1214
    129 1215
    116 1216
    126 1217
    127 1218
    113 1219
    115 1220
    152 1221
    124 1222
    130 1223
     99 1224
    130 1225
    110 1226
    100 1227
    114 1228
     86 1229
    112 1230
    115 1231
    142 1232
    134 1233
    116 1234
    124 1235
    118 1236
    119 1237
    120 1238
    106 1239
    113 1240
    112 1241
    129 1242
    121 1243
     87 1244
    130 1245
    130 1246
    122 1247
    115 1248
    123 1249
    115 1250
    117 1251
    111 1252
    104 1253
    110 1254
    126 1255
     99 1256
    103 1257
    110 1258
    121 1259
     98 1260
    119 1261
    112 1262
    101 1263
    106 1264
    110 1265
    100 1266
    109 1267
    104 1268
    111 1269
     96 1270
    126 1271
    107 1272
    124 1273
    113 1274
    120 1275
    111 1276
    128 1277
    104 1278
     95 1279
    113 1280
    105 1281
    103 1282
    100 1283
    119 1284
     86 1285
     91 1286
     81 1287
     94 1288
     96 1289
     97 1290
     97 1291
    106 1292
     98 1293
     97 1294
    105 1295
    105 1296
     97 1297
     92 1298
     85 1299
     97 1300
     87 1301
    119 1302
     87 1303
     97 1304
     83 1305
     82 1306
    115 1307
    102 1308
     85 1309
     90 1310
     96 1311
     84 1312
     92 1313
     94 1314
     98 1315
     92 1316
     94 1317
     85 1318
     82 1319
    106 1320
    102 1321
     84 1322
     92 1323
     78 1324
     71 1325
     83 1326
     89 1327
    110 1328
    111 1329
     99 1330
    108 1331
     89 1332
     92 1333
     94 1334
     89 1335
     85 1336
    102 1337
     94 1338
     92 1339
     91 1340
     84 1341
    124 1342
    106 1343
    103 1344
     98 1345
     96 1346
    117 1347
    125 1348
     89 1349
    110 1350
     90 1351
    113 1352
    101 1353
    100 1354
    103 1355
     86 1356
     93 1357
    102 1358
     81 1359
     94 1360
    107 1361
    100 1362
     92 1363
     93 1364
    110 1365
     98 1366
     97 1367
     88 1368
     90 1369
     97 1370
     93 1371
     95 1372
     87 1373
     88 1374
     81 1375
    111 1376
    100 1377
     88 1378
    122 1379
     88 1380
     97 1381
     88 1382
    104 1383
     82 1384
     92 1385
     89 1386
     99 1387
     84 1388
     80 1389
     86 1390
     82 1391
     81 1392
    108 1393
     74 1394
     95 1395
     85 1396
    103 1397
     75 1398
     93 1399
     93 1400
     90 1401
    104 1402
     94 1403
     84 1404
    107 1405
    100 1406
     92 1407
     88 1408
     93 1409
     92 1410
     82 1411
     98 1412
     91 1413
    102 1414
     90 1415
    104 1416
     77 1417
    103 1418
     81 1419
     97 1420
     99 1421
     76 1422
     95 1423
     93 1424
     99 1425
     84 1426
     91 1427
     93 1428
     84 1429
    100 1430
     75 1431
     88 1432
     98 1433
    105 1434
     94 1435
     90 1436
     71 1437
     95 1438
     95 1439
     88 1440
     84 1441
     77 1442
     98 1443
     71 1444
     99 1445
     86 1446
     79 1447
     93 1448
     81 1449
     95 1450
     95 1451
     80 1452
     82 1453
     88 1454
     79 1455
    110 1456
     91 1457
     89 1458
     80 1459
     84 1460
     89 1461
     89 1462
     88 1463
     75 1464
     86 1465
     80 1466
     85 1467
     66 1468
     93 1469
     92 1470
     92 1471
     88 1472
     97 1473
     89 1474
     83 1475
     75 1476
     77 1477
     96 1478
     69 1479
    101 1480
     68 1481
     91 1482
     91 1483
     83 1484
     68 1485
     85 1486
     93 1487
     91 1488
     78 1489
     88 1490
     89 1491
     59 1492
     87 1493
     86 1494
     84 1495
     79 1496
     83 1497
     86 1498
     69 1499
     67 1500
     68 1501
     77 1502
     86 1503
     88 1504
     78 1505
     78 1506
     76 1507
     70 1508
     86 1509
     83 1510
     78 1511
     90 1512
     73 1513
     72 1514
     90 1515
     68 1516
     86 1517
     73 1518
     79 1519
     83 1520
     81 1521
     77 1522
     90 1523
     75 1524
    101 1525
     84 1526
     66 1527
     79 1528
     91 1529
     89 1530
     84 1531
     63 1532
     67 1533
     77 1534
     78 1535
     82 1536
     62 1537
     85 1538
     92 1539
     86 1540
     78 1541
     79 1542
     63 1543
     62 1544
     78 1545
     87 1546
     85 1547
     91 1548
     81 1549
     76 1550
     82 1551
     81 1552
     82 1553
     80 1554
     76 1555
     78 1556
     72 1557
     86 1558
     72 1559
     81 1560
     72 1561
     62 1562
     70 1563
     93 1564
     75 1565
     87 1566
     77 1567
     81 1568
     66 1569
     78 1570
     77 1571
     77 1572
     72 1573
     70 1574
     67 1575
     78 1576
     69 1577
     71 1578
     71 1579
     74 1580
     67 1581
     72 1582
     77 1583
     92 1584
     79 1585
     80 1586
     65 1587
     68 1588
     77 1589
     69 1590
     76 1591
     73 1592
     76 1593
     81 1594
     62 1595
     88 1596
     66 1597
     51 1598
     63 1599
     76 1600
     94 1601
     93 1602
     74 1603
     69 1604
     82 1605
     66 1606
     81 1607
     74 1608
     74 1609
     70 1610
     67 1611
     73 1612
     55 1613
     62 1614
     73 1615
     71 1616
     65 1617
     66 1618
     66 1619
     67 1620
     65 1621
     60 1622
     69 1623
     72 1624
     59 1625
     72 1626
     69 1627
     71 1628
     64 1629
     75 1630
     69 1631
     73 1632
     65 1633
     64 1634
     74 1635
     68 1636
     52 1637
     59 1638
     62 1639
     68 1640
     55 1641
     49 1642
     65 1643
     63 1644
     59 1645
     60 1646
     60 1647
     69 1648
     75 1649
     77 1650
     70 1651
     67 1652
     72 1653
     65 1654
     60 1655
     44 1656
     58 1657
     61 1658
     75 1659
     73 1660
     58 1661
     66 1662
     63 1663
     79 1664
     72 1665
     46 1666
     73 1667
     59 1668
     66 1669
     64 1670
     67 1671
     60 1672
     60 1673
     64 1674
     60 1675
     62 1676
     54 1677
     68 1678
     73 1679
     64 1680
     59 1681
     66 1682
     32 1683
     53 1684
     61 1685
     66 1686
     75 1687
     78 1688
     68 1689
     56 1690
     66 1691
     64 1692
     61 1693
     75 1694
     66 1695
     63 1696
     75 1697
     68 1698
     70 1699
     89 1700
     64 1701
     52 1702
     62 1703
     56 1704
     61 1705
     59 1706
     64 1707
     63 1708
     69 1709
     57 1710
     59 1711
     70 1712
     59 1713
     52 1714
     72 1715
     54 1716
     70 1717
     70 1718
     74 1719
     66 1720
     57 1721
     80 1722
     56 1723
     65 1724
     69 1725
     58 1726
     60 1727
     74 1728
     61 1729
     61 1730
     57 1731
     59 1732
     72 1733
     72 1734
     54 1735
     46 1736
     63 1737
     45 1738
     55 1739
     59 1740
     42 1741
     56 1742
     53 1743
     48 1744
     63 1745
     51 1746
     44 1747
     56 1748
     59 1749
     46 1750
     60 1751
     57 1752
     49 1753
     56 1754
     65 1755
     41 1756
     56 1757
     53 1758
     61 1759
     62 1760
     56 1761
     62 1762
     51 1763
     55 1764
     55 1765
     57 1766
     46 1767
     51 1768
     50 1769
     59 1770
     61 1771
     62 1772
     56 1773
     61 1774
     60 1775
     52 1776
     59 1777
     55 1778
     63 1779
     59 1780
     63 1781
     67 1782
     59 1783
     51 1784
     57 1785
     47 1786
     43 1787
     61 1788
     51 1789
     68 1790
     72 1791
     55 1792
     57 1793
     64 1794
     57 1795
     54 1796
     57 1797
     57 1798
     39 1799
     57 1800
     53 1801
     63 1802
     53 1803
     49 1804
     60 1805
     62 1806
     49 1807
     50 1808
     53 1809
     45 1810
     42 1811
     44 1812
     55 1813
     52 1814
     44 1815
     50 1816
     51 1817
     64 1818
     42 1819
     48 1820
     49 1821
     47 1822
     53 1823
     63 1824
     46 1825
     48 1826
     60 1827
     50 1828
     62 1829
     67 1830
     52 1831
     59 1832
     51 1833
     73 1834
     47 1835
     52 1836
     59 1837
     68 1838
     53 1839
     52 1840
     59 1841
     49 1842
     45 1843
     47 1844
     61 1845
     59 1846
     66 1847
     57 1848
     57 1849
     61 1850
     56 1851
     53 1852
     51 1853
     61 1854
     41 1855
     56 1856
     55 1857
     55 1858
     63 1859
     61 1860
     65 1861
     63 1862
     62 1863
     69 1864
     45 1865
     50 1866
     51 1867
     48 1868
     60 1869
     56 1870
     57 1871
     50 1872
     55 1873
     50 1874
     38 1875
     50 1876
     58 1877
     38 1878
     52 1879
     53 1880
     62 1881
     49 1882
     51 1883
     61 1884
     60 1885
     52 1886
     41 1887
     58 1888
     47 1889
     39 1890
     41 1891
     52 1892
     43 1893
     38 1894
     52 1895
     49 1896
     41 1897
     63 1898
     46 1899
     41 1900
     48 1901
     58 1902
     49 1903
     48 1904
     62 1905
     51 1906
     62 1907
     64 1908
     50 1909
     58 1910
     56 1911
     57 1912
     45 1913
     44 1914
     49 1915
     51 1916
     48 1917
     60 1918
     68 1919
     62 1920
     54 1921
     66 1922
     45 1923
     53 1924
     59 1925
     54 1926
     45 1927
     41 1928
     48 1929
     44 1930
     56 1931
     52 1932
     45 1933
     43 1934
     44 1935
     56 1936
     56 1937
     48 1938
     39 1939
     49 1940
     49 1941
     54 1942
     39 1943
     42 1944
     40 1945
     33 1946
     42 1947
     54 1948
     44 1949
     48 1950
     45 1951
     45 1952
     50 1953
     32 1954
     40 1955
     54 1956
     48 1957
     48 1958
     40 1959
     48 1960
     34 1961
     44 1962
     50 1963
     39 1964
     33 1965
     41 1966
     39 1967
     41 1968
     41 1969
     55 1970
     47 1971
     51 1972
     42 1973
     41 1974
     44 1975
     38 1976
     45 1977
     43 1978
     60 1979
     36 1980
     55 1981
     41 1982
     47 1983
     42 1984
     53 1985
     35 1986
     42 1987
     33 1988
     51 1989
     53 1990
     44 1991
     49 1992
     44 1993
     40 1994
     60 1995
     49 1996
     48 1997
     48 1998
     42 1999
     39 2000
     48 2001
     50 2002
     57 2003
     45 2004
     53 2005
     51 2006
     52 2007
     52 2008
     52 2009
     49 2010
     56 2011
     35 2012
     46 2013
     44 2014
     45 2015
     43 2016
     51 2017
     39 2018
     42 2019
     55 2020
     41 2021
     44 2022
     44 2023
     44 2024
     34 2025
     53 2026
     40 2027
     50 2028
     63 2029
     45 2030
     48 2031
     56 2032
     36 2033
     58 2034
     49 2035
     53 2036
     33 2037
     39 2038
     44 2039
     34 2040
     49 2041
     42 2042
     59 2043
     43 2044
     52 2045
     46 2046
     47 2047
     29 2048
     52 2049
     48 2050
     46 2051
     48 2052
     45 2053
     45 2054
     33 2055
     40 2056
     51 2057
     58 2058
     51 2059
     48 2060
     36 2061
     49 2062
     45 2063
     42 2064
     54 2065
     53 2066
     48 2067
     64 2068
     35 2069
     46 2070
     49 2071
     36 2072
     48 2073
     44 2074
     41 2075
     44 2076
     56 2077
     53 2078
     38 2079
     44 2080
     43 2081
     44 2082
     47 2083
     56 2084
     42 2085
     51 2086
     38 2087
     46 2088
     51 2089
     37 2090
     43 2091
     53 2092
     41 2093
     54 2094
     45 2095
     53 2096
     44 2097
     52 2098
     49 2099
     54 2100
     56 2101
     38 2102
     51 2103
     44 2104
     47 2105
     51 2106
     59 2107
     48 2108
     50 2109
     43 2110
     48 2111
     44 2112
     37 2113
     58 2114
     46 2115
     46 2116
     48 2117
     42 2118
     49 2119
     63 2120
     54 2121
     57 2122
     50 2123
     52 2124
     51 2125
     56 2126
     52 2127
     49 2128
     55 2129
     45 2130
     52 2131
     64 2132
     59 2133
     45 2134
     52 2135
     54 2136
     56 2137
     41 2138
     50 2139
     42 2140
     62 2141
     55 2142
     52 2143
     47 2144
     57 2145
     48 2146
     55 2147
     49 2148
     46 2149
     43 2150
     41 2151
     56 2152
     48 2153
     39 2154
     44 2155
     44 2156
     47 2157
     51 2158
     41 2159
     56 2160
     50 2161
     41 2162
     51 2163
     50 2164
     53 2165
     44 2166
     46 2167
     47 2168
     59 2169
     52 2170
     42 2171
     41 2172
     48 2173
     47 2174
     63 2175
     68 2176
     49 2177
     60 2178
     63 2179
     43 2180
     38 2181
     43 2182
     48 2183
     46 2184
     54 2185
     55 2186
     51 2187
     68 2188
     71 2189
     62 2190
     56 2191
     55 2192
     50 2193
     59 2194
     54 2195
     46 2196
     50 2197
     55 2198
     68 2199
     63 2200
     50 2201
     61 2202
     52 2203
     47 2204
     58 2205
     49 2206
     50 2207
     57 2208
     46 2209
     48 2210
     67 2211
     53 2212
     56 2213
     46 2214
     56 2215
     48 2216
     57 2217
     46 2218
     41 2219
     51 2220
     56 2221
     45 2222
     49 2223
     50 2224
     49 2225
     62 2226
     45 2227
     53 2228
     42 2229
     56 2230
     47 2231
     47 2232
     51 2233
     57 2234
     52 2235
     49 2236
     58 2237
     77 2238
     60 2239
     62 2240
     57 2241
     76 2242
     58 2243
     50 2244
     61 2245
     50 2246
     52 2247
     38 2248
     74 2249
     48 2250
     61 2251
     51 2252
     46 2253
     68 2254
     58 2255
     52 2256
     51 2257
     53 2258
     54 2259
     58 2260
     55 2261
     62 2262
     49 2263
     72 2264
     57 2265
     46 2266
     64 2267
     60 2268
     70 2269
     62 2270
     49 2271
     59 2272
     53 2273
     48 2274
     56 2275
     55 2276
     56 2277
     65 2278
     49 2279
     49 2280
     63 2281
     50 2282
     58 2283
     54 2284
     49 2285
     53 2286
     67 2287
     65 2288
     49 2289
     58 2290
     60 2291
     63 2292
     59 2293
     57 2294
     59 2295
     52 2296
     60 2297
     60 2298
     61 2299
     61 2300
     46 2301
     57 2302
     51 2303
     57 2304
     59 2305
     53 2306
     52 2307
     63 2308
     55 2309
     67 2310
     66 2311
     54 2312
     61 2313
     59 2314
     71 2315
     59 2316
     53 2317
     71 2318
     59 2319
     57 2320
     60 2321
     67 2322
     69 2323
     61 2324
     62 2325
     60 2326
     64 2327
     55 2328
     54 2329
     58 2330
     61 2331
     71 2332
     50 2333
     68 2334
     66 2335
     72 2336
     63 2337
     68 2338
     59 2339
     71 2340
     53 2341
     47 2342
     58 2343
     55 2344
     62 2345
     62 2346
     51 2347
     58 2348
     74 2349
     56 2350
     82 2351
     82 2352
     63 2353
     58 2354
     56 2355
     55 2356
     58 2357
     59 2358
     49 2359
     58 2360
     57 2361
     69 2362
     44 2363
     64 2364
     54 2365
     66 2366
     59 2367
     61 2368
     58 2369
     55 2370
     62 2371
     52 2372
     52 2373
     59 2374
     57 2375
     45 2376
     69 2377
     58 2378
     49 2379
     64 2380
     49 2381
     82 2382
     56 2383
     49 2384
     45 2385
     58 2386
     58 2387
     58 2388
     57 2389
     62 2390
     60 2391
     58 2392
     74 2393
     44 2394
     62 2395
     51 2396
     45 2397
     48 2398
     47 2399
     45 2400
     41 2401
     46 2402
     53 2403
     56 2404
     42 2405
     53 2406
     58 2407
     57 2408
     56 2409
     52 2410
     54 2411
     49 2412
     52 2413
     55 2414
     46 2415
     56 2416
     49 2417
     48 2418
     49 2419
     45 2420
     61 2421
     53 2422
     50 2423
     55 2424
     71 2425
     49 2426
     49 2427
     69 2428
     50 2429
     59 2430
     61 2431
     59 2432
     60 2433
     44 2434
     50 2435
     59 2436
     53 2437
     54 2438
     47 2439
     47 2440
     50 2441
     58 2442
     68 2443
     60 2444
     52 2445
     42 2446
     72 2447
     54 2448
     45 2449
     44 2450
     56 2451
     67 2452
     57 2453
     47 2454
     57 2455
     45 2456
     52 2457
     48 2458
     52 2459
     56 2460
     40 2461
     48 2462
     45 2463
     57 2464
     50 2465
     59 2466
     45 2467
     50 2468
     39 2469
     49 2470
     46 2471
     45 2472
     47 2473
     48 2474
     41 2475
     63 2476
     40 2477
     44 2478
     44 2479
     48 2480
     45 2481
     37 2482
     50 2483
     51 2484
     51 2485
     46 2486
     51 2487
     53 2488
     46 2489
     47 2490
     39 2491
     51 2492
     59 2493
     33 2494
     51 2495
     36 2496
     55 2497
     37 2498
     48 2499
     44 2500
     51 2501
     48 2502
     46 2503
     53 2504
     42 2505
     40 2506
     45 2507
     40 2508
     29 2509
     41 2510
     35 2511
     44 2512
     33 2513
     29 2514
     45 2515
     46 2516
     41 2517
     41 2518
     42 2519
     48 2520
     41 2521
     38 2522
     48 2523
     41 2524
     38 2525
     45 2526
     45 2527
     46 2528
     38 2529
     28 2530
     49 2531
     32 2532
     34 2533
     52 2534
     45 2535
     47 2536
     47 2537
     47 2538
     40 2539
     41 2540
     50 2541
     42 2542
     40 2543
     40 2544
     45 2545
     33 2546
     39 2547
     34 2548
     44 2549
     34 2550
     40 2551
     45 2552
     42 2553
     35 2554
     37 2555
     33 2556
     54 2557
     42 2558
     41 2559
     43 2560
     39 2561
     41 2562
     41 2563
     44 2564
     49 2565
     37 2566
     50 2567
     34 2568
     48 2569
     38 2570
     45 2571
     36 2572
     36 2573
     27 2574
     33 2575
     42 2576
     36 2577
     33 2578
     34 2579
     30 2580
     36 2581
     39 2582
     43 2583
     31 2584
     41 2585
     31 2586
     32 2587
     33 2588
     38 2589
     35 2590
     31 2591
     27 2592
     33 2593
     26 2594
     47 2595
     37 2596
     33 2597
     33 2598
     34 2599
     42 2600
     28 2601
     27 2602
     32 2603
     26 2604
     45 2605
     33 2606
     30 2607
     37 2608
     48 2609
     36 2610
     34 2611
     38 2612
     23 2613
     23 2614
     32 2615
     34 2616
     28 2617
     32 2618
     23 2619
     35 2620
     31 2621
     42 2622
     29 2623
     40 2624
     27 2625
     39 2626
     43 2627
     20 2628
     19 2629
     41 2630
     37 2631
     34 2632
     21 2633
     26 2634
     27 2635
     33 2636
     25 2637
     32 2638
     29 2639
     20 2640
     25 2641
     20 2642
     20 2643
     37 2644
     28 2645
     27 2646
     30 2647
     17 2648
     24 2649
     33 2650
     27 2651
     25 2652
     35 2653
     26 2654
     24 2655
     17 2656
     25 2657
     21 2658
     29 2659
     38 2660
     28 2661
     19 2662
     20 2663
     34 2664
     20 2665
     24 2666
     37 2667
     26 2668
     24 2669
     28 2670
     28 2671
     15 2672
     20 2673
     23 2674
     23 2675
     25 2676
     32 2677
     27 2678
     23 2679
     27 2680
     26 2681
     14 2682
     29 2683
     22 2684
     32 2685
     28 2686
     27 2687
     28 2688
     26 2689
     25 2690
     26 2691
     35 2692
     17 2693
     23 2694
     23 2695
     17 2696
     25 2697
     30 2698
     21 2699
     26 2700
     31 2701
     26 2702
     30 2703
     21 2704
     26 2705
     25 2706
     25 2707
     30 2708
     28 2709
     21 2710
     22 2711
     17 2712
     26 2713
     35 2714
     20 2715
     29 2716
     24 2717
     19 2718
     26 2719
     24 2720
     24 2721
     21 2722
     20 2723
     19 2724
     19 2725
     34 2726
     25 2727
     25 2728
     15 2729
     20 2730
     18 2731
     27 2732
     25 2733
     22 2734
     33 2735
     22 2736
     23 2737
     19 2738
     19 2739
     30 2740
     19 2741
     24 2742
     16 2743
     26 2744
     32 2745
     22 2746
     21 2747
     19 2748
     23 2749
     25 2750
     16 2751
     21 2752
     22 2753
     34 2754
     25 2755
     20 2756
     26 2757
     21 2758
     30 2759
     22 2760
     16 2761
     22 2762
     24 2763
     18 2764
     25 2765
     20 2766
     27 2767
     24 2768
     23 2769
     17 2770
     25 2771
     20 2772
     13 2773
     18 2774
     17 2775
     20 2776
     21 2777
     26 2778
     31 2779
     20 2780
     19 2781
     19 2782
     28 2783
     24 2784
     16 2785
     21 2786
     12 2787
     21 2788
     17 2789
     20 2790
     18 2791
     18 2792
     14 2793
     21 2794
     23 2795
     19 2796
     28 2797
     23 2798
     22 2799
     12 2800
     26 2801
     15 2802
     19 2803
     20 2804
     18 2805
     13 2806
     14 2807
     18 2808
     15 2809
     20 2810
     18 2811
     22 2812
     20 2813
     15 2814
     19 2815
     17 2816
     16 2817
     20 2818
     20 2819
     10 2820
     22 2821
     13 2822
     18 2823
     14 2824
     14 2825
     19 2826
     16 2827
     19 2828
     23 2829
     10 2830
     15 2831
     14 2832
     26 2833
     11 2834
     18 2835
     16 2836
     12 2837
     17 2838
     13 2839
     15 2840
     16 2841
     11 2842
     19 2843
     13 2844
      8 2845
      7 2846
     19 2847
     23 2848
     14 2849
     12 2850
     13 2851
     13 2852
     15 2853
     14 2854
      6 2855
     19 2856
     12 2857
      9 2858
     15 2859
     16 2860
     21 2861
     16 2862
     22 2863
     13 2864
     14 2865
     14 2866
     15 2867
     16 2868
     18 2869
     16 2870
     14 2871
     22 2872
     12 2873
     24 2874
     11 2875
     14 2876
     13 2877
     14 2878
     11 2879
     13 2880
     12 2881
     16 2882
     18 2883
     19 2884
     19 2885
     21 2886
     15 2887
     13 2888
     13 2889
     23 2890
     21 2891
     16 2892
     10 2893
     20 2894
     14 2895
      8 2896
     13 2897
      9 2898
     14 2899
     14 2900
     18 2901
     22 2902
     17 2903
     16 2904
     17 2905
     21 2906
     15 2907
     10 2908
     10 2909
     12 2910
      9 2911
     13 2912
     13 2913
     15 2914
     13 2915
     19 2916
     17 2917
     10 2918
     15 2919
     13 2920
     12 2921
     14 2922
     18 2923
     15 2924
     13 2925
     11 2926
     18 2927
      8 2928
      8 2929
      7 2930
     13 2931
     10 2932
     17 2933
     10 2934
     15 2935
     10 2936
     11 2937
     11 2938
     12 2939
     14 2940
     22 2941
     10 2942
     12 2943
     13 2944
     12 2945
     17 2946
     11 2947
     18 2948
     15 2949
     15 2950
      8 2951
     14 2952
     11 2953
     15 2954
     12 2955
      8 2956
      9 2957
     10 2958
     15 2959
     17 2960
     14 2961
     17 2962
      8 2963
     15 2964
     15 2965
     10 2966
      7 2967
     14 2968
     19 2969
     19 2970
     15 2971
     16 2972
     17 2973
     11 2974
     11 2975
     21 2976
     10 2977
      9 2978
     14 2979
      7 2980
     13 2981
     12 2982
     17 2983
     16 2984
      7 2985
      7 2986
     22 2987
     13 2988
      9 2989
     12 2990
     17 2991
     18 2992
     10 2993
     14 2994
     12 2995
      9 2996
     12 2997
     10 2998
     11 2999
     13 3000
      9 3001
      9 3002
     19 3003
     10 3004
     22 3005
     19 3006
      8 3007
     14 3008
      9 3009
      7 3010
     16 3011
     13 3012
     13 3013
     13 3014
     15 3015
     11 3016
     13 3017
     22 3018
     16 3019
     15 3020
     14 3021
     12 3022
     10 3023
      9 3024
     13 3025
     17 3026
      9 3027
     14 3028
     14 3029
     13 3030
     11 3031
      8 3032
      4 3033
     14 3034
     10 3035
     10 3036
      8 3037
     11 3038
     17 3039
     16 3040
     12 3041
     16 3042
     11 3043
     24 3044
      9 3045
     11 3046
     10 3047
     10 3048
     10 3049
     14 3050
     12 3051
     13 3052
     10 3053
     10 3054
     15 3055
     10 3056
     10 3057
     11 3058
     10 3059
     13 3060
     10 3061
     14 3062
     11 3063
     12 3064
     12 3065
     14 3066
      8 3067
     13 3068
     21 3069
     10 3070
     11 3071
      7 3072
     15 3073
     11 3074
      9 3075
     11 3076
     11 3077
     14 3078
      6 3079
     11 3080
      9 3081
     10 3082
     16 3083
      7 3084
     14 3085
     12 3086
     11 3087
     10 3088
     12 3089
      9 3090
     15 3091
     17 3092
     18 3093
     14 3094
     15 3095
     15 3096
     18 3097
      8 3098
     10 3099
     13 3100
      7 3101
      9 3102
     10 3103
      7 3104
      5 3105
      6 3106
     10 3107
     12 3108
     14 3109
     14 3110
      8 3111
     12 3112
     11 3113
     10 3114
     13 3115
     10 3116
     10 3117
      8 3118
     16 3119
     11 3120
     12 3121
     13 3122
     10 3123
      4 3124
     15 3125
      7 3126
     13 3127
     10 3128
      6 3129
     18 3130
      5 3131
      7 3132
      8 3133
     12 3134
     11 3135
     19 3136
     11 3137
     10 3138
      9 3139
     11 3140
      9 3141
     14 3142
     12 3143
      4 3144
     14 3145
     11 3146
     16 3147
      6 3148
     10 3149
     13 3150
      9 3151
     11 3152
     14 3153
     10 3154
      8 3155
     10 3156
     12 3157
     13 3158
      7 3159
      6 3160
     14 3161
      4 3162
     10 3163
      7 3164
      5 3165
      8 3166
      8 3167
      7 3168
     14 3169
      9 3170
      8 3171
      9 3172
     17 3173
     14 3174
      8 3175
      9 3176
      2 3177
      5 3178
      3 3179
     11 3180
     11 3181
      9 3182
      6 3183
     12 3184
     10 3185
      5 3186
      8 3187
      8 3188
      8 3189
      8 3190
      9 3191
     14 3192
      7 3193
      5 3194
      9 3195
     12 3196
     12 3197
     12 3198
     17 3199
     10 3200
      4 3201
      6 3202
      9 3203
      5 3204
     13 3205
     10 3206
      9 3207
      9 3208
      9 3209
     11 3210
      6 3211
     15 3212
     13 3213
      8 3214
     12 3215
     11 3216
      9 3217
     14 3218
      7 3219
      7 3220
      9 3221
     13 3222
      5 3223
     13 3224
      6 3225
      8 3226
      7 3227
      9 3228
     11 3229
      7 3230
      7 3231
     10 3232
      8 3233
     13 3234
     14 3235
      7 3236
     13 3237
      9 3238
     11 3239
      6 3240
      7 3241
      8 3242
     13 3243
     14 3244
      7 3245
     11 3246
      7 3247
     14 3248
      6 3249
      6 3250
     10 3251
     11 3252
      9 3253
      8 3254
      9 3255
      9 3256
     11 3257
     12 3258
      8 3259
      6 3260
      7 3261
      7 3262
      8 3263
      7 3264
      5 3265
      4 3266
     10 3267
     11 3268
     13 3269
      8 3270
     12 3271
     10 3272
     11 3273
      5 3274
     10 3275
      5 3276
     10 3277
     13 3278
      6 3279
      9 3280
     10 3281
      7 3282
      7 3283
     10 3284
     12 3285
     11 3286
      6 3287
      9 3288
      7 3289
      5 3290
      8 3291
      6 3292
     14 3293
     13 3294
     10 3295
      4 3296
     10 3297
     12 3298
     12 3299
      5 3300
     11 3301
     11 3302
     14 3303
     10 3304
     10 3305
      9 3306
     15 3307
      9 3308
     11 3309
     13 3310
     10 3311
      9 3312
     11 3313
      8 3314
      3 3315
     12 3316
      5 3317
      9 3318
      8 3319
     12 3320
     12 3321
     11 3322
     12 3323
      9 3324
      6 3325
      5 3326
     15 3327
      8 3328
      5 3329
     12 3330
     12 3331
      5 3332
     16 3333
      6 3334
     10 3335
     11 3336
      8 3337
      4 3338
      8 3339
      4 3340
      8 3341
      6 3342
      4 3343
      9 3344
     11 3345
      9 3346
     15 3347
      3 3348
      9 3349
      7 3350
     15 3351
      6 3352
      8 3353
      5 3354
      8 3355
      9 3356
     12 3357
      8 3358
      8 3359
      5 3360
      8 3361
      8 3362
      6 3363
     11 3364
      6 3365
      7 3366
      6 3367
      6 3368
      8 3369
     10 3370
     13 3371
      8 3372
      6 3373
     14 3374
     11 3375
      5 3376
      9 3377
     18 3378
      7 3379
     11 3380
      6 3381
      8 3382
      9 3383
      7 3384
      9 3385
     12 3386
      7 3387
      9 3388
     11 3389
     11 3390
     11 3391
     10 3392
      6 3393
     10 3394
     10 3395
      3 3396
     14 3397
      9 3398
      9 3399
      6 3400
      9 3401
      6 3402
     11 3403
      8 3404
     11 3405
     11 3406
     12 3407
     12 3408
      7 3409
     18 3410
     11 3411
      8 3412
     12 3413
      7 3414
      5 3415
      8 3416
      6 3417
      7 3418
     11 3419
     13 3420
      8 3421
      9 3422
      8 3423
      4 3424
      7 3425
      5 3426
      7 3427
      6 3428
      6 3429
      5 3430
      6 3431
      7 3432
      9 3433
      7 3434
     11 3435
      9 3436
      3 3437
      8 3438
      6 3439
      9 3440
      3 3441
     12 3442
      6 3443
      8 3444
      8 3445
      6 3446
      4 3447
      8 3448
      4 3449
      5 3450
      9 3451
      7 3452
      4 3453
      2 3454
     10 3455
      7 3456
      5 3457
      4 3458
      3 3459
      8 3460
      5 3461
      3 3462
      7 3463
      5 3464
      7 3465
      7 3466
      8 3467
      5 3468
      7 3469
      8 3470
      6 3471
      9 3472
      5 3473
      5 3474
      6 3475
      5 3476
     11 3477
      3 3478
      8 3479
      8 3480
      8 3481
      8 3482
      5 3483
      5 3484
     12 3485
      2 3486
      3 3487
      9 3488
      9 3489
      3 3490
     11 3491
      6 3492
      6 3493
      6 3494
      5 3495
      4 3496
      7 3497
      6 3498
      3 3499
      9 3500
      8 3501
      7 3502
      8 3503
      4 3504
      5 3505
      8 3506
      4 3507
      7 3508
      2 3509
      5 3510
      8 3511
      8 3512
      7 3513
      4 3514
      9 3515
     14 3516
     10 3517
     11 3518
     12 3519
      8 3520
      3 3521
      4 3522
     10 3523
      8 3524
      6 3525
      7 3526
      4 3527
      9 3528
      3 3529
     10 3530
      8 3531
      9 3532
      5 3533
     12 3534
     10 3535
      5 3536
      8 3537
      6 3538
      4 3539
      9 3540
      9 3541
      9 3542
      8 3543
      8 3544
      9 3545
      5 3546
      3 3547
      3 3548
      9 3549
      6 3550
      6 3551
      8 3552
      4 3553
     10 3554
      6 3555
      9 3556
      5 3557
      6 3558
      6 3559
      5 3560
      5 3561
      6 3562
      7 3563
      8 3564
      5 3565
      4 3566
      5 3567
      9 3568
      5 3569
     12 3570
      4 3571
      6 3572
      9 3573
      5 3574
      6 3575
      6 3576
      6 3577
      9 3578
     11 3579
      8 3580
      5 3581
      5 3582
      6 3583
      8 3584
      7 3585
      7 3586
      5 3587
      8 3588
      5 3589
     11 3590
      6 3591
      6 3592
      8 3593
      9 3594
      3 3595
     11 3596
     10 3597
      8 3598
      4 3599
      6 3600
      5 3601
      3 3602
     12 3603
      5 3604
      8 3605
     12 3606
      8 3607
      9 3608
      7 3609
      9 3610
      6 3611
      7 3612
      6 3613
      9 3614
      6 3615
     10 3616
      6 3617
      7 3618
      6 3619
      5 3620
      6 3621
      6 3622
      8 3623
      6 3624
      5 3625
      7 3626
      5 3627
      4 3628
      8 3629
      5 3630
      8 3631
      4 3632
      9 3633
      5 3634
      8 3635
     14 3636
      5 3637
      4 3638
      6 3639
      5 3640
      5 3641
      7 3642
      5 3643
      3 3644
      5 3645
      7 3646
      9 3647
      8 3648
      8 3649
      6 3650
      5 3651
      7 3652
     10 3653
      7 3654
      4 3655
      7 3656
      5 3657
      3 3658
      6 3659
      4 3660
      9 3661
      9 3662
      4 3663
     13 3664
      2 3665
      7 3666
      7 3667
     12 3668
      4 3669
     11 3670
      5 3671
      5 3672
      7 3673
      2 3674
      5 3675
      7 3676
      9 3677
      5 3678
      5 3679
      6 3680
      9 3681
      7 3682
      5 3683
      9 3684
      7 3685
      5 3686
      2 3687
      7 3688
      7 3689
      9 3690
      7 3691
      9 3692
     10 3693
     11 3694
      7 3695
      3 3696
      6 3697
      8 3698
      8 3699
      7 3700
      4 3701
      8 3702
     11 3703
      4 3704
      5 3705
      6 3706
      7 3707
      8 3708
      8 3709
      7 3710
      7 3711
      6 3712
      2 3713
      9 3714
      7 3715
      6 3716
      8 3717
      8 3718
      6 3719
      6 3720
      5 3721
     11 3722
     11 3723
      5 3724
     14 3725
      8 3726
     11 3727
      5 3728
      6 3729
      4 3730
      5 3731
      4 3732
      5 3733
      6 3734
      5 3735
      7 3736
      3 3737
      5 3738
      8 3739
      6 3740
      4 3741
      9 3742
      4 3743
      6 3744
      2 3745
      9 3746
      5 3747
      5 3748
      5 3749
     10 3750
     10 3751
      5 3752
      4 3753
      3 3754
      3 3755
      4 3756
      4 3757
     10 3758
      4 3759
      5 3760
      6 3761
      5 3762
      5 3763
      2 3764
      4 3765
      3 3766
      5 3767
      6 3768
      5 3769
      5 3770
      8 3771
      5 3772
      4 3773
      7 3774
      6 3775
      5 3776
      5 3777
      5 3778
      3 3779
      4 3780
      3 3781
      8 3782
      1 3783
      6 3784
      3 3785
      3 3786
      4 3787
      2 3788
      4 3789
      4 3790
      3 3791
      4 3792
      4 3793
      6 3794
      4 3795
      5 3796
      3 3798
      3 3799
      1 3800
      6 3801
      6 3802
      1 3803
      1 3804
      8 3805
      3 3806
      4 3807
      6 3808
      3 3809
      6 3810
      2 3811
      7 3812
      1 3813
      5 3814
      1 3815
      3 3816
      2 3817
      6 3818
      4 3819
      4 3820
      4 3821
      4 3822
      1 3823
      2 3824
      4 3825
      3 3826
      2 3827
      1 3828
      1 3829
      3 3831
      4 3832
      1 3833
      5 3834
      3 3835
      1 3836
      4 3837
      3 3838
      2 3839
      5 3840
      4 3841
      2 3842
      2 3843
      3 3844
      2 3845
      5 3846
      4 3847
      2 3848
      5 3849
      3 3850
      3 3851
      1 3852
      3 3854
      5 3855
      4 3856
      6 3857
      2 3858
      5 3859
      4 3860
      1 3863
      4 3864
      1 3866
      3 3867
      2 3868
      4 3869
      5 3870
      3 3871
      4 3872
      2 3873
      2 3874
      2 3875
      2 3876
      2 3877
      2 3878
      3 3879
      3 3880
      2 3881
      1 3882
      2 3883
      5 3884
      3 3885
      5 3886
      4 3887
      1 3888
      7 3889
      2 3890
      2 3891
      5 3892
      1 3893
      1 3894
      6 3895
      4 3896
      1 3897
      1 3898
      4 3899
      6 3900
      1 3901
      1 3902
      3 3903
      2 3904
      1 3905
      3 3906
      2 3907
      1 3908
      2 3909
      1 3910
      2 3911
      6 3912
      2 3913
      3 3914
      1 3915
      1 3916
      2 3917
      5 3918
      2 3919
      3 3920
      2 3921
      5 3922
      3 3923
      3 3924
      1 3925
      5 3926
      4 3927
      1 3928
      2 3929
      6 3930
      1 3931
      2 3932
      2 3933
      2 3934
      2 3935
      4 3936
      2 3937
      1 3938
      2 3939
      5 3940
      3 3942
      5 3943
      2 3944
      3 3945
      7 3946
      6 3947
      3 3948
      3 3949
      5 3950
      4 3951
      5 3953
      1 3954
      5 3955
      3 3956
      2 3957
      4 3958
      4 3959
      3 3961
      5 3962
      5 3963
      4 3964
      6 3965
      1 3966
      3 3967
      1 3968
      2 3969
      4 3970
      6 3971
      4 3972
      4 3973
      3 3974
      4 3975
      8 3976
      1 3977
      3 3978
      1 3979
      2 3980
      2 3981
      1 3982
      3 3983
      6 3984
      5 3985
      3 3986
      2 3987
      4 3988
      2 3989
      1 3990
      3 3991
      2 3992
      2 3993
      6 3994
      6 3995
      4 3996
      3 3997
      4 3998
      7 3999
      3 4000
      3 4001
      6 4002
      3 4003
      2 4004
      6 4005
      1 4006
      3 4007
      3 4008
      3 4009
      1 4010
      2 4011
      6 4012
      3 4013
      5 4014
      1 4015
      3 4016
      1 4017
      5 4018
      5 4019
      3 4020
      4 4021
      2 4022
      7 4023
      3 4024
      6 4025
      3 4026
      5 4027
      3 4028
      5 4029
      3 4030
      2 4031
      1 4032
      2 4033
      8 4034
      2 4035
      2 4036
      8 4037
      4 4038
      2 4039
      4 4040
      3 4041
      1 4042
      1 4043
      2 4044
      2 4045
      1 4046
      1 4047
      5 4048
      4 4049
      1 4050
      4 4051
      6 4052
      5 4053
      1 4054
      4 4055
      3 4056
      1 4057
      3 4058
      4 4059
      4 4060
      7 4061
      2 4062
      3 4063
      3 4064
      1 4065
      7 4067
      2 4068
      4 4069
      2 4070
      2 4071
      4 4072
      6 4073
      2 4074
      5 4075
      4 4076
      3 4077
      1 4078
      3 4079
      3 4080
      4 4081
      6 4082
      2 4083
      2 4084
      2 4085
      2 4086
      2 4087
      2 4088
      4 4089
      3 4090
      1 4091
      5 4092
      1 4093
      2 4094
      2 4095
      6 4096
      1 4097
      1 4098
      1 4099
      2 4100
      4 4101
      5 4102
      6 4103
      2 4104
      5 4105
      2 4106
      4 4107
      5 4108
      3 4109
      2 4110
      2 4111
      6 4112
      5 4113
      6 4114
      5 4115
      5 4116
      1 4118
      2 4119
      1 4120
      2 4121
      2 4122
      6 4123
      2 4124
      3 4125
      1 4127
      3 4128
      3 4129
      1 4130
      2 4131
      5 4132
      1 4133
      3 4134
      3 4136
      3 4137
      3 4138
      1 4139
      8 4140
      1 4141
      3 4142
      1 4143
      6 4144
      2 4145
      3 4146
      4 4147
      1 4148
      2 4149
      3 4150
      1 4151
      1 4152
      2 4153
      1 4154
      3 4155
      1 4156
      1 4157
      3 4158
      9 4159
      1 4160
      2 4161
      3 4162
      2 4163
      1 4164
      4 4165
      5 4166
      2 4167
      2 4168
      5 4169
      2 4171
      3 4172
      5 4174
      1 4175
      4 4176
      3 4177
      9 4178
      1 4179
      2 4181
      2 4182
      3 4183
      1 4184
      2 4185
      2 4186
      2 4187
      3 4188
      2 4189
      8 4190
      3 4192
      4 4193
      1 4194
      3 4195
      2 4196
      3 4197
      1 4198
      1 4199
      2 4200
      5 4201
      4 4203
      2 4204
      1 4205
      8 4206
      3 4207
      3 4208
      4 4210
      4 4211
      1 4212
      1 4213
      3 4214
      2 4215
      2 4216
      2 4217
      2 4218
      4 4219
      4 4220
      4 4221
      4 4222
      3 4223
      3 4225
      4 4226
      4 4227
      2 4228
      2 4229
      5 4230
      5 4231
      5 4232
      2 4234
      3 4235
      1 4236
      2 4237
      4 4238
      1 4239
      3 4240
      2 4241
      2 4242
      2 4243
      3 4244
      2 4245
      5 4246
      2 4247
      4 4248
      4 4249
      2 4250
      2 4251
      4 4252
      5 4253
      3 4254
      5 4255
      4 4256
      3 4257
      3 4258
      1 4259
      6 4260
      6 4261
      3 4262
      8 4263
      5 4264
      2 4265
      3 4266
      4 4267
      2 4268
      2 4269
      1 4270
      4 4271
      1 4272
      1 4273
      3 4275
      5 4276
      4 4277
      2 4278
      3 4279
      1 4280
      1 4281
      1 4282
      2 4283
      2 4285
      3 4286
      6 4287
      1 4288
      4 4289
      3 4290
      3 4291
      3 4292
      4 4293
      1 4294
      3 4295
      2 4296
      1 4297
      2 4298
      2 4299
      3 4300
      5 4301
      1 4302
      1 4303
      2 4304
      1 4305
      2 4306
      2 4307
      5 4308
      1 4309
      3 4310
      2 4311
      2 4312
      1 4313
      1 4314
      3 4315
      3 4316
      2 4317
      3 4318
      4 4319
      2 4321
      1 4322
      2 4324
      3 4325
      2 4326
      4 4327
      3 4328
      1 4329
      3 4330
      2 4331
      2 4332
      1 4333
      3 4334
      4 4335
      3 4336
      1 4337
      5 4338
      4 4339
      1 4340
      2 4341
      6 4342
      3 4343
      2 4344
      5 4345
      1 4346
      3 4347
      4 4349
      2 4350
      1 4351
      4 4352
      3 4353
      4 4354
      1 4355
      4 4356
      2 4357
      4 4358
      4 4359
      2 4360
      2 4361
      1 4362
      5 4363
      2 4364
      1 4365
      1 4366
      3 4367
      1 4368
      4 4369
      3 4370
      3 4371
      2 4373
      3 4374
      6 4375
      3 4376
      1 4377
      7 4378
      2 4379
      2 4380
      5 4381
      1 4382
      4 4383
      1 4384
      6 4385
      4 4386
      1 4387
      1 4388
      1 4389
      3 4390
      4 4391
      1 4392
      2 4393
      2 4395
      3 4396
      6 4397
      3 4398
      3 4399
      3 4400
      4 4401
      2 4402
      1 4404
      6 4405
      4 4406
      1 4407
      2 4408
      3 4409
      4 4411
      2 4412
      3 4413
      2 4414
      2 4415
      4 4416
      1 4417
      2 4418
      2 4419
      1 4420
      4 4421
      3 4422
      3 4424
      1 4425
      1 4428
      1 4429
      2 4430
      2 4431
      3 4432
      3 4433
      6 4434
      3 4435
      3 4436
      2 4437
      5 4438
      2 4439
      6 4441
      2 4443
      2 4444
      2 4445
      1 4446
      2 4447
      4 4448
      2 4450
      3 4451
      3 4452
      1 4453
      1 4454
      2 4455
      4 4456
      1 4457
      4 4458
      2 4460
      4 4461
      2 4462
      1 4464
      4 4465
      4 4466
      3 4467
      3 4468
      1 4470
      5 4471
      1 4472
      2 4473
      2 4474
      6 4475
      1 4476
      1 4477
      3 4478
      1 4479
      1 4480
      2 4481
      2 4482
      2 4483
      3 4484
      5 4485
      5 4486
      2 4487
      2 4488
      2 4489
      3 4490
      4 4491
      4 4492
      5 4493
      1 4494
      1 4495
      2 4496
      1 4497
      2 4498
      5 4499
      1 4500
      4 4501
      1 4502
      5 4503
      1 4504
      3 4505
      4 4506
      2 4507
      1 4508
      4 4509
      4 4510
      2 4511
      3 4512
      1 4513
      1 4514
      3 4515
      2 4516
      4 4517
      6 4518
      5 4519
      2 4520
      1 4521
      4 4522
      1 4523
      2 4524
      6 4525
      4 4526
      4 4527
      5 4528
      3 4529
      4 4530
      3 4531
      1 4532
      2 4533
      5 4534
      7 4535
      7 4536
      4 4537
      3 4538
      5 4539
      6 4540
      5 4541
      3 4542
      3 4544
      3 4545
      3 4546
      4 4547
      4 4548
      3 4549
      5 4550
      4 4551
      4 4552
      2 4553
      5 4554
      5 4555
      2 4556
      3 4557
      4 4558
      4 4559
      4 4560
      1 4561
      6 4562
      3 4563
      3 4565
      2 4566
      4 4567
      1 4568
      5 4569
      3 4570
      5 4571
      3 4572
      5 4573
      2 4574
      5 4575
      2 4576
      7 4577
      2 4578
      3 4579
      4 4580
      2 4581
      1 4582
      2 4583
      3 4584
      2 4585
      3 4586
      2 4587
      3 4588
      2 4589
      2 4590
      3 4591
      1 4592
      4 4593
      3 4594
      4 4595
      5 4596
      2 4597
      2 4598
      7 4599
      3 4600
      1 4603
      5 4604
      5 4605
      2 4606
      4 4607
      2 4608
      3 4609
      6 4610
      3 4611
      4 4612
      4 4613
      3 4614
      6 4615
      1 4616
      2 4617
      3 4618
      4 4619
      3 4620
      1 4621
      4 4622
      6 4623
      3 4624
      5 4625
      2 4626
      3 4627
      4 4628
      2 4629
      2 4630
      3 4631
      5 4632
      4 4633
      4 4634
      8 4635
      4 4636
      7 4637
      2 4638
      6 4639
      4 4640
      1 4641
      3 4642
      3 4643
      3 4644
      3 4645
      3 4646
      6 4647
      5 4648
      3 4649
      1 4650
      2 4651
      2 4652
      1 4653
      2 4655
      4 4656
      7 4657
      2 4658
      3 4659
      4 4660
      4 4661
      2 4662
      4 4663
      4 4664
      3 4665
      3 4666
      1 4667
      3 4668
      3 4669
      1 4670
      3 4671
      2 4672
     10 4674
      5 4675
      4 4676
      1 4677
      1 4678
      2 4679
      1 4680
      1 4681
      5 4682
      3 4683
      4 4684
      4 4685
      3 4686
      3 4687
      5 4688
      3 4689
      2 4690
      3 4693
      1 4694
      2 4695
      5 4696
      4 4697
      7 4699
      1 4700
      2 4701
      3 4702
      1 4703
      3 4704
      3 4706
      3 4707
      3 4708
      2 4709
      2 4710
      2 4711
      5 4712
      3 4713
      1 4714
      2 4715
      2 4717
      2 4718
      2 4720
      3 4721
      3 4722
      3 4723
      3 4724
      2 4726
      5 4727
      3 4728
      1 4729
      2 4730
      2 4731
      2 4732
      4 4733
      4 4734
      1 4735
      2 4736
      2 4737
      2 4738
      3 4739
      5 4740
      2 4741
      2 4742
      1 4743
      1 4744
      2 4745
      2 4746
      1 4747
      2 4748
      3 4749
      5 4750
      3 4751
      5 4752
      2 4753
      2 4754
      1 4755
      2 4756
      4 4758
      2 4759
      2 4760
      3 4761
      2 4762
      1 4763
      1 4764
      2 4765
      1 4766
      1 4767
      2 4768
      1 4769
      2 4770
      2 4772
      3 4773
      2 4775
      1 4776
      3 4777
      2 4778
      2 4779
      3 4780
      1 4781
      1 4783
      1 4784
      3 4785
      2 4786
      2 4787
      2 4788
      3 4790
      4 4791
      2 4795
      1 4796
      5 4797
      2 4798
      1 4799
      2 4800
      1 4801
      2 4803
      1 4804
      1 4805
      1 4806
      1 4807
      1 4808
      1 4809
      1 4810
      3 4811
      2 4812
      4 4813
      3 4814
      1 4815
      2 4816
      3 4819
      1 4820
      1 4821
      1 4822
      4 4823
      2 4824
      2 4826
      3 4828
      1 4829
      1 4830
      2 4831
      2 4832
      4 4833
      1 4834
      1 4835
      1 4836
      3 4837
      3 4838
      1 4839
      1 4841
      2 4842
      1 4843
      3 4844
      3 4845
      7 4847
      3 4848
      3 4849
      1 4850
      1 4851
      1 4852
      3 4854
      2 4855
      1 4856
      2 4858
      3 4859
      1 4860
      1 4861
      2 4864
      4 4866
      2 4867
      3 4868
      1 4870
      5 4871
      2 4872
      2 4873
      2 4876
      1 4877
      3 4878
      1 4879
      1 4880
      1 4881
      2 4882
      2 4884
      2 4885
      3 4886
      1 4887
      1 4888
      2 4889
      1 4890
      1 4891
      3 4893
      2 4894
      3 4895
      1 4897
      2 4898
      1 4899
      2 4900
      2 4901
      1 4902
      3 4906
      3 4907
      1 4908
      1 4909
      5 4910
      2 4911
      1 4912
      2 4913
      3 4914
      2 4915
      6 4916
      4 4917
      6 4918
      2 4919
      1 4920
      2 4921
      4 4923
      4 4924
      1 4925
      2 4926
      2 4927
      1 4928
      1 4929
      4 4931
      3 4932
      5 4933
      2 4934
      3 4935
      2 4936
      6 4937
      4 4939
      2 4941
      4 4942
      1 4943
      2 4945
      3 4946
      7 4947
      1 4949
      3 4950
      1 4951
      1 4952
      1 4954
      3 4955
      3 4958
      3 4959
      2 4960
      2 4961
      2 4962
      3 4963
      2 4964
      3 4965
      2 4966
      6 4967
      2 4968
      2 4969
      1 4970
      1 4971
      4 4972
      5 4973
      1 4975
      1 4976
      1 4978
      2 4979
      2 4980
      2 4981
      3 4982
      4 4983
      3 4984
      3 4985
      4 4986
      4 4988
      3 4989
      3 4990
      2 4991
      1 4992
      2 4993
      7 4995
      2 4996
      3 4997
      1 4998
      1 4999
      4 5000
      4 5001
      4 5002
      2 5003
      2 5004
      2 5005
      3 5006
      1 5007
      3 5008
      2 5009
      1 5010
      1 5011
      2 5013
      4 5014
      2 5015
      1 5016
      3 5017
      1 5018
      2 5019
      3 5020
      3 5021
      3 5023
      2 5024
      2 5025
      4 5026
      3 5027
      2 5028
      3 5029
      2 5030
      3 5031
      3 5032
      2 5034
      2 5035
      2 5036
      2 5038
      1 5039
      3 5040
      5 5042
      3 5043
      3 5044
      2 5045
      2 5046
      3 5047
      6 5048
      1 5049
      2 5050
      3 5051
      1 5052
      3 5053
      5 5054
      4 5055
      1 5056
      2 5057
      2 5058
      2 5059
      5 5060
      3 5062
      1 5064
      3 5065
      2 5066
      4 5067
      3 5068
      4 5070
      4 5071
      2 5072
      3 5073
      2 5074
      2 5075
      1 5077
      7 5078
      2 5079
      2 5080
      4 5081
      3 5084
      1 5085
      3 5086
      3 5088
      1 5090
      4 5091
      1 5092
      3 5093
      4 5095
      1 5097
      6 5098
      1 5099
      3 5101
      4 5102
      2 5103
      1 5104
      4 5105
      3 5106
      1 5107
      2 5109
      3 5110
      1 5111
      3 5112
      1 5113
      3 5114
      4 5115
      2 5116
      2 5117
      2 5118
      2 5119
      1 5120
      5 5121
      3 5122
      3 5123
      3 5124
      1 5125
      1 5126
      2 5127
      3 5128
      3 5129
      1 5130
      3 5131
      3 5132
      3 5133
      1 5135
      3 5136
      3 5137
      5 5138
      3 5139
      1 5140
      3 5141
      5 5142
      2 5143
      5 5144
      1 5145
      2 5146
      4 5147
      4 5148
      1 5150
      2 5151
      2 5153
      5 5154
      1 5155
      3 5156
      1 5157
      3 5158
      2 5160
      1 5161
      1 5162
      2 5163
      2 5164
      5 5165
      3 5166
      1 5167
      2 5168
      3 5169
      3 5170
      1 5171
      1 5172
      2 5173
      2 5174
      4 5175
      2 5176
      3 5178
      4 5180
      2 5183
      2 5184
      4 5185
      1 5187
      2 5188
      5 5189
      1 5190
      2 5191
      4 5192
      2 5193
      1 5194
      3 5195
      1 5196
      1 5198
      1 5199
      1 5200
      3 5202
      2 5203
      2 5205
      1 5207
      1 5208
      2 5209
      1 5210
      1 5211
      1 5213
      3 5215
      2 5217
      2 5218
      2 5220
      2 5221
      2 5222
      2 5223
      1 5224
      2 5225
      2 5227
      4 5228
      1 5231
      1 5232
      1 5233
      1 5234
      1 5235
      1 5238
      1 5241
      2 5242
      2 5243
      1 5245
      2 5246
      1 5247
      4 5248
      3 5249
      2 5250
      2 5251
      2 5252
      1 5253
      2 5254
      2 5255
      2 5256
      2 5257
      2 5259
      2 5261
      1 5262
      4 5264
      4 5268
      4 5270
      2 5271
      2 5272
      5 5273
      2 5274
      1 5275
      3 5276
      4 5277
      1 5278
      1 5279
      2 5280
      2 5281
      1 5283
      1 5284
      2 5286
      2 5287
      2 5288
      3 5291
      1 5292
      2 5293
      1 5294
      2 5295
      2 5296
      2 5298
      1 5299
      1 5300
      2 5303
      1 5304
      3 5306
      2 5307
      1 5308
      1 5309
      2 5311
      1 5312
      1 5314
      2 5315
      2 5316
      1 5318
      1 5319
      2 5322
      1 5323
      1 5324
      2 5325
      1 5326
      3 5327
      2 5328
      2 5329
      2 5330
      1 5331
      3 5332
      1 5333
      2 5334
      2 5335
      1 5337
      3 5339
      1 5340
      1 5341
      2 5342
      1 5343
      1 5345
      2 5346
      5 5347
      1 5348
      1 5349
      2 5352
      1 5354
      1 5355
      2 5356
      1 5358
      2 5359
      2 5360
      2 5362
      3 5364
      3 5365
      1 5368
      1 5371
      2 5372
      1 5375
      1 5376
      3 5377
      2 5378
      1 5379
      1 5380
      1 5383
      2 5385
      1 5387
      1 5389
      2 5390
      2 5391
      2 5394
      1 5395
      1 5396
      1 5397
      1 5398
      1 5399
      3 5401
      1 5402
      3 5403
      1 5405
      1 5406
      4 5407
      4 5409
      1 5410
      1 5411
      1 5412
      1 5413
      1 5414
      1 5415
      1 5416
      2 5417
      1 5418
      1 5420
      2 5421
      3 5422
      2 5423
      4 5424
      1 5426
      1 5427
      1 5428
      1 5430
      1 5432
      5 5433
      3 5434
      2 5437
      1 5438
      1 5441
      1 5443
      2 5444
      4 5445
      3 5446
      2 5447
      1 5448
      1 5449
      1 5450
      2 5451
      1 5452
      1 5453
      3 5454
      2 5455
      2 5456
      6 5458
      2 5462
      1 5463
      2 5464
      3 5465
      2 5466
      3 5467
      1 5469
      1 5470
      4 5472
      3 5473
      2 5474
      1 5475
      3 5476
      1 5477
      3 5478
      1 5479
      6 5480
      1 5481
      1 5482
      2 5483
      2 5484
      5 5485
      1 5486
      5 5487
      1 5488
      3 5489
      6 5490
      5 5491
      2 5492
      4 5493
      2 5494
      2 5495
      1 5496
      1 5498
      1 5499
      3 5500
      1 5501
      1 5502
      1 5504
      1 5505
      5 5506
      2 5507
      2 5508
      2 5509
      3 5510
      2 5511
      1 5512
      4 5513
      1 5514
      2 5515
      4 5517
      1 5519
      1 5520
      3 5522
      3 5523
      2 5524
      4 5525
      2 5526
      2 5527
      2 5528
      4 5529
      1 5530
      2 5531
      3 5533
      2 5536
      1 5537
      1 5538
      2 5539
      5 5541
      1 5542
      2 5543
      3 5544
      3 5545
      2 5546
      5 5548
      1 5549
      2 5550
      1 5551
      4 5553
      3 5554
      1 5555
      1 5557
      2 5558
      1 5559
      3 5560
      2 5562
      3 5563
      8 5564
      4 5565
      5 5566
      4 5567
      1 5568
      2 5569
      1 5570
      2 5571
      1 5572
      2 5573
      2 5574
      1 5575
      3 5576
      2 5577
      3 5578
      3 5579
      1 5580
      4 5581
      4 5582
      2 5583
      2 5584
      3 5585
      2 5587
      2 5588
      5 5589
      3 5590
      1 5591
      1 5593
      2 5594
      1 5595
      2 5597
      2 5599
      1 5600
      3 5602
      1 5603
      2 5604
      2 5606
      1 5607
      1 5608
      3 5609
      1 5610
      3 5612
      3 5613
      2 5614
      1 5616
      2 5617
      1 5618
      2 5620
      1 5621
      1 5622
      1 5623
      1 5624
      2 5625
      1 5627
      2 5628
      1 5631
      1 5633
      2 5642
      1 5643
      1 5646
      2 5648
      1 5649
      1 5653
      1 5654
      1 5656
      1 5663
      1 5665
      1 5670
      1 5671
      1 5673
      1 5676
      1 5678
      1 5679
      1 5682
      1 5688
      1 5689
      1 5692
      1 5695
      1 5697
      1 5700
      1 5701
      2 5705
      1 5706
      2 5711
      1 5712
      1 5713
      1 5714
      3 5716
      1 5720
      1 5722
      1 5724
      1 5727
      1 5729
      2 5732
      1 5733
      1 5735
      1 5741
      1 5742
      2 5743
      2 5744
      1 5754
      1 5757
      2 5758
      1 5759
      1 5760
      1 5761
      1 5762
      1 5766
      3 5770
      1 5774
      1 5775
      1 5776
      2 5780
      1 5782
      2 5783
      1 5784
      3 5785
      2 5789
      1 5790
      2 5791
      1 5793
      1 5794
      1 5795
      1 5797
      1 5798
      3 5804
      1 5808
      1 5810
      1 5813
      3 5815
      1 5816
      2 5818
      1 5819
      1 5820
      1 5822
      1 5825
      1 5826
      1 5828
      1 5829
      1 5832
      2 5833
      1 5834
      1 5836
      1 5840
      1 5846
      1 5848
      1 5849
      1 5850
      1 5853
      1 5854
      1 5857
      1 5860
      1 5862
      2 5865
      1 5867
      1 5875
      1 5878
      1 5879
      2 5880
      1 5882
      1 5885
      1 5888
      1 5893
      1 5895
      2 5903
      1 5914
      1 5918
      1 5928
      1 5932
      1 5939
      2 5940
      2 5943
      2 5944
      1 5947
      1 5948
      2 5951
      2 5953
      1 5957
      2 5958
      2 5959
      2 5962
      1 5963
      1 5965
      1 5966
      1 5972
      1 5973
      1 5975
      1 5979
      1 5981
      1 5986
      1 5988
      1 5993
      1 5994
      1 5995
      2 5997
      1 5998
      1 6001
      2 6003
      2 6006
      1 6007
      1 6014
      1 6016
      1 6021
      1 6024
      2 6026
      1 6027
      1 6030
      1 6031
      1 6040
      1 6041
      1 6043
      2 6044
      3 6047
      1 6049
      1 6051
      1 6052
      1 6065
      1 6067
      1 6072
      1 6073
      1 6076
      1 6083
      1 6098
      1 6108
      1 6114
      1 6118
      1 6126
      1 6147
      1 6153
      1 6159
      1 6160
      1 6165
      1 6168
      1 6175
      1 6179
      2 6187
      1 6202
      2 6203
      1 6206
      1 6222
      1 6225
      1 6231
      1 6249
      1 6251
      1 6258
      1 6266
      1 6268
      1 6270
      1 6287
      1 6297
      1 6298
      1 6301
      2 6302
      1 6304
      1 6305
      1 6309
      1 6314
      1 6317
      1 6320
      2 6323
      1 6331
      1 6338
      1 6355
      1 6359
      1 6366
      1 6373
      2 6390
      1 6403
      1 6405
      1 6427
      2 6451
      1 6455
      1 6465
      1 6477
      1 6491
      1 6494
      1 6504
      1 6508
      1 6518
      1 6521
      1 6544
      1 6548
      1 6549
      1 6552
      1 6553
      1 6558
      1 6572
      1 6583
      1 6589
      1 6590
      1 6591
      1 6592
      2 6601
      2 6609
      2 6619
      1 6628
      1 6633
      1 6634
      1 6640
      1 6641
      1 6643
      1 6646
      1 6653
      1 6664
      1 6676
      1 6678
      1 6683
      1 6685
      1 6688
      1 6694
      1 6706
      1 6709
      1 6718
      1 6721
      1 6730
      1 6741
      1 6746
      1 6749
      2 6760
      1 6774
      1 6780
      1 6806
      1 6811
      1 6813
      1 6814
      1 6825
      2 6836
      1 6847
      1 6857
      1 6866
      1 6875
      1 6883
      1 6887
      1 6895
      1 6904
      1 6921
      1 6925
      1 6926
      3 6934
      1 6944
      1 6951
      1 6955
      2 6962
      1 6967
      1 6973
      1 6977
      1 6981
      1 6982
      1 6983
      1 6993
      1 6995
      1 6996
      1 7001
      1 7014
      1 7020
      1 7024
      1 7026
      1 7027
      1 7034
      1 7038
      1 7045
      1 7048
      1 7050
      1 7060
      1 7067
      2 7072
      1 7078
      1 7080
      2 7082
      1 7095
      1 7097
      1 7101
      1 7106
      1 7107
      1 7108
      1 7109
      1 7113
      1 7115
      1 7135
      1 7146
      1 7160
      1 7161
      1 7167
      1 7178
      1 7185
      1 7200
      3 7228
      1 7239
      1 7252
      1 7278
      1 7280
      1 7295
      1 7301
      1 7325
      1 7326
      1 7337
      1 7370
      1 7376
      1 7384
      1 7404
      1 7430
      1 7435
      1 7442
      1 7453
      1 7454
      1 7456
      1 7457
      1 7465
      1 7471
      1 7473
      1 7479
      1 7486
      2 7489
      1 7493
      2 7498
      1 7504
      1 7505
      1 7507
      1 7509
      1 7513
      1 7518
      1 7519
      1 7520
      1 7532
      1 7533
      1 7534
      1 7535
      2 7537
      2 7538
      2 7539
      1 7547
      1 7549
      1 7551
      1 7557
      1 7561
      1 7567
      1 7570
      1 7573
      1 7575
      1 7577
      1 7578
      1 7580
      1 7595
      1 7599
      1 7600
      2 7605
      1 7616
      1 7617
      1 7620
      1 7634
      1 7636
      1 7651
      1 7652
      1 7657
      1 7665
      1 7668
      2 7673
      1 7675
      1 7689
      1 7690
      1 7700
      1 7702
      1 7703
      1 7710
      1 7716
      1 7717
      1 7722
      1 7727
      1 7731
      1 7742
      1 7752
      1 7758
      2 7759
      1 7760
      1 7763
      1 7765
      1 7768
      1 7770
      1 7771
      1 7772
      1 7789
      1 7793
      1 7805
      1 7810
      1 7816
      1 7824
      1 7826
      1 7833
      1 7836
      1 7841
      3 7856
      1 7858
      1 7862
      1 7870
      2 7874
      1 7875
      1 7879
      1 7884
      4 7890
      4 7891
      1 7892
      1 7894
      2 7897
      1 7898
      2 7899
      1 7900
      1 7902
      2 7904
      1 7906
      2 7908
      1 7913
      3 7914
      3 7915
      1 7917
      1 7918
      1 7919
      2 7920
      1 7921
      1 7922
      3 7924
      1 7926
      3 7927
      2 7928
      1 7931
      1 7932
      2 7934
      1 7937
      2 7939
      2 7940
      1 7941
      1 7942
      1 7945
      1 7946
      2 7947
      1 7951
      1 7952
      2 7953
      1 7955
      2 7957
      1 7959
      2 7969
      1 7982
